5033139805708
5033173093808
5033206380708
5033239674608
5033272957208
5033306246008
5033339542008
5033372836908
5033406119208
5033439402908
5033472692308
5033505979908
5033539269908
5033572560108
5033605847308
5033639137608
5033672432408
5033705714108
5033739004308
5033772320808
5033805581508
5033838871208
5033872159608
5033905448308
5033938760508
5033972027208
5034005315208
5034038604708
5034071894108
5034105188008
5034138471408
5034171761508
5034205057408
5034238338308
5034271628308
5034304923208
5034338205508
5034371495408
5034404784808
5034438072108
5034471362708
5034504650308
5034537939808
5034571229708
5034604517808
5034637812208
5034671096108
5034704385308
5034737711308
5034770984608
5034804252108
5034837542308
5034870830008
5034904122908
5034937448308
5034970696508
5035003986608
5035037275308
5035070568408
5035103853608
5035137149908
5035170436908
5035203721808
5035237009908
5035270297708
5035303587208
5035336876508
5035370164808
5035403455308
5035436743308
5035470032608
5035503321708
5035536610608
5035569900408
5035603193708
5035636477408
5035669766208
5035703060708
5035736345108
5035769650008
5035802921908
5035836211308
5035869500008
5035902788608
5035936094108
5035969366908
5036002655908
5036035951408
5036069234608
5036102524008
5036135817408
5036169101808
5036202391108
5036235678908
5036268970708
5036302259008
5036335546108
5036368835508
5036402139608
5036435413308
5036468704008
5036501991308
5036535280208
5036568577008
5036601858708
5036635147108
5036668442708
5036701725908
5036735014508
5036768307508
5036801592608
5036834882508
5036868170208
5036901459908
5036934757408
5036968037008
5037001332508
5037034615808
5037067904108
5037101199808
5037134482308
5037167770808
5037201064708
5037234349408
5037267638308
5037300967608
5037334217108
5037367505708
5037400795408
5037434085308
5037467373208
5037500661308
5037533956908
5037567241108
5037600528308
5037633824408
5037667106808
5037700395308
5037733684908
5037766973508
5037800262808
5037833552508
5037866840908
5037900143108
5037933419508
5037966714208
5037999996708
5038033286408
5038066581008
5038099868908
5038133152508
5038166446008
5038199734208
5038233019108
5038266309008
5038299648508
5038332886908
5038366176308
5038399468408
5038432753708
5038466043308
5038499336908
5038532620608
5038565911608
5038599205608
5038632487908
5038665777308
5038699066808
5038732373408
5038765645008
5038798933808
5038832222608
5038865510708
5038898800308
5038932095908
5038965377908
5038998667508
5039031962708
5039065245008
5039098534608
5039131822508
5039165112108
5039198401608
5039231690708
5039264979008
5039298288608
5039331558108
5039364877408
5039398150508
5039431424608
5039464721008
5039498001608
5039531291308
5039564586808
5039597868908
5039631161908
5039664449308
5039697736208
5039731026008
5039764315608
5039797603108
5039830892608
5039864181408
5039897476108
5039930760508
5039964049208
5039997343108
5040030626908
5040063915708
5040097205108
5040130515508
5040163782608
5040197073108
5040230360008
5040263650108
5040296966708
5040330229208
5040363517308
5040396806108
5040430099708
5040463384308
5040496671908
5040529967408
5040563252108
5040596540208
5040629828208
5040663119608
5040696407108
5040729695408
5040762985908
5040796274208
5040829563508
5040862856908
5040896141108
5040929431308
5040962724308
5040996008208
5041029296908
5041062585508
5041095875408
5041129193408
5041162452508
5041195742408
5041229031208
5041262319608
5041295624608
5041328898708
5041362186608
5041395482708
5041428765208
5041462054508
5041495348208
5041528632308
5041561922408
5041595209808
5041628499208
5041661788208
5041695076108
5041728366808
5041761655608
5041794943708
5041828239108
5041861521808
5041894810608
5041928107908
5041961389408
5041994677808
5042027967308
5042061256508
5042094544708
5042127837908
5042161123808
5042194412308
5042227700808
5042260993508
5042294287608
5042327567808
5042360863108
5042394146508
5042427434808
5042460730908
5042494013508
5042527301908
5042560591908
5042593880908
5042627168808
5042660458408
5042693747808
5042727036208
5042760325308
5042793620308
5042826904808
5042860192208
5042893487308
5042926771008
5042960059008
5042993349108
5043026638608
5043059926108
5043093215608
5043126504408
5043159793008
5043193082708
5043226374108
5043259660208
5043292949908
5043326244708
5043359526908
5043392816708
5043426112208
5043459405408
5043492682508
5043525973008
5043559262508
5043592550408
5043625839608
5043659184008
5043692417108
5043725707308
5043759002208
5043792284408
5043825573808
5043858868908
5043892154808
5043925442308
5043958729808
5043992018308
5044025307708
5044058596808
5044091908908
5044125175408
5044158464108
5044191756908
5044225041108
5044258331208
5044291626508
5044324908608
5044358198008
5044391493908
5044424775208
5044458065208
5044491353308
5044524642608
5044557932308
5044591220608
5044624509208
5044657818608
5044691088108
5044724382808
5044757666208
5044790955208
5044824281508
5044857532608
5044890822108
5044924112108
5044957399308
5044990689308
5045023978108
5045057266708
5045090556608
5045123846408
5045157136508
5045190423908
5045223711808
5045257006308
5045290291008
5045323579708
5045356874208
5045390178008
5045423446308
5045456735908
5045490046108
5045523313408
5045556603708
5045589891008
5045623180408
5045656513508
5045689763208
5045723047708
5045756336508
5045789631108
5045822914308
5045856203108
5045889492208
5045922782508
5045956070608
5045989358908
5046022648808
5046055937708
5046089226608
5046122521508
5046155805008
5046189095008
5046222387308
5046255671608
5046288961208
5046322255508
5046355540508
5046388828908
5046422116308
5046455405808
5046488709908
5046521982808
5046555273008
5046588561508
5046621849908
5046655159508
5046688428608
5046721717108
5046755013108
5046788295608
5046821584808
5046854873108
5046888166108
5046921453708
5046954739908
5046988030208
5047021318708
5047054607208
5047087900308
5047121186608
5047154474208
5047187769908
5047221052108
5047254341308
5047287638508
5047320920108
5047354208408
5047387498008
5047420786908
5047454075608
5047487367908
5047520654008
5047553943108
5047587231508
5047620526808
5047653819508
5047687098308
5047720394108
5047753677408
5047786965808
5047820255108
5047853545008
5047886832208
5047920122408
5047953411208
5047986699608
5048020026308
5048053282508
5048086566408
5048119856608
5048153173908
5048186434708
5048219722308
5048253018708
5048286302608
5048319589608
5048352879408
5048386168508
5048419456908
5048452746708
5048486035108
5048519323608
5048552613208
5048585907808
5048619190908
5048652480608
5048685775308
5048719057908
5048752347208
5048785636308
5048818941408
5048852213808
5048885503708
5048918793808
5048952080508
5048985370608
5049018714008
5049051948108
5049085237608
5049118533208
5049151814908
5049185104708
5049218396008
5049251682108
5049284972708
5049318260508
5049351549008
5049384838408
5049418128008
5049451417008
5049484706108
5049517994808
5049551291108
5049584572008
5049617862008
5049651161108
5049684439008
5049717729008
5049751019108
5049784306408
5049817595808
5049850883708
5049884173108
5049917462708
5049950751608
5049984044108
5050017349308
5050050618908
5050083913208
5050117196708
5050150486208
5050183812808
5050217063008
5050250352908
5050283643108
5050316930208
5050350220008
5050383508708
5050416797408
5050450087108
5050483376608
5050516670108
5050549954108
5050583243208
5050616537408
5050649821608
5050683110608
5050716398308
5050749687708
5050782977008
5050816265808
5050849576008
5050882843908
5050916134508
5050949425508
5050982711008
5051016028008
5051049294608
5051082578208
5051115867608
5051149158808
5051182447208
5051215733808
5051249022408
5051282312908
5051315601608
5051348889308
5051382179708
5051415468408
5051448756708
5051482055108
5051515335108
5051548624308
5051581918708
5051615202408
5051648492208
5051681779608
5051715069608
5051748358108
5051781646908
5051814936308
5051848248208
5051881514008
5051914809008
5051948092408
5051981380808
5052014686108
5052047959708
5052081247908
5052114540508
5052147826108
5052181115808
5052214403408
5052247693708
5052280983608
5052314270908
5052347561208
5052380849408
5052414138008
5052447433408
5052480717608
5052514005108
5052547300808
5052580583408
5052613872108
5052647162608
5052680450608
5052713739408
5052747028408
5052780317508
5052813607108
5052846899908
5052880206408
5052913474808
5052946761608
5052980057608
5053013350108
5053046629108
5053079922008
5053113208908
5053146496108
5053179786308
5053213074108
5053246363208
5053279653208
5053312943208
5053346230208
5053379557808
5053412814708
5053446097308
5053479387208
5053512682708
5053545964908
5053579253408
5053612543208
5053645832608
5053679119808
5053712410208
5053745698608
5053778987408
5053812278208
5053845572208
5053878854308
5053912144508
5053945438608
5053978721408
5054012010908
5054045303408
5054078588108
5054111878108
5054145167608
5054178476808
5054211744508
5054245034308
5054278326008
5054311611308
5054344900808
5054378249208
5054411478508
5054444768608
5054478064008
5054511345608
5054544635308
5054577923908
5054611213708
5054644503608
5054677791308
5054711079608
5054744368908
5054777658308
5054810981308
5054844236708
5054877525408
5054910821108
5054944102508
5054977392408
5055010685308
5055043969908
5055077259308
5055110548108
5055143836508
5055177126808
5055210414808
5055243705208
5055276993408
5055310332108
5055343576608
5055376882908
5055410149108
5055443445008
5055476727108
5055510015808
5055543305608
5055576593608
5055609883208
5055643174008
5055676460708
5055709750608
5055743039508
5055776334008
5055809617208
5055842907608
5055876200208
5055909484808
5055942773008
5055976061708
5056009352408
5056042640908
5056075928908
5056109239108
5056142507308
5056175797108
5056209108608
5056242374908
5056275665108
5056308957608
5056342241908
5056375560108
5056408824908
5056442110608
5056475398608
5056508685908
5056541976108
5056575264208
5056608553208
5056641844208
5056675132008
5056708420108
5056741715208
5056774999108
5056808287408
5056841584408
5056874865708
5056908155408
5056941442708
5056974733108
5057008022708
5057041310208
5057074599708
5057107889108
5057141177208
5057174469208
5057207772808
5057241044508
5057274340108
5057307622808
5057340911308
5057374222208
5057407489908
5057440778508
5057474068008
5057507357208
5057540646208
5057573933808
5057607237808
5057640514308
5057673801308
5057707096708
5057740379908
5057773668608
5057806963808
5057840248208
5057873535808
5057906825608
5057940113608
5057973402708
5058006692608
5058039981708
5058073269608
5058106559108
5058139850608
5058173136708
5058206431008
5058239721108
5058273004608
5058306305608
5058339588708
5058372875108
5058406159608
5058439449608
5058472738808
5058506027008
5058539316608
5058572604708
5058605893508
5058639183508
5058672477608
5058705760808
5058739089808
5058772345408
5058805627608
5058838919208
5058872206808
5058905497808
5058938783508
5058972073608
5059005363208
5059038651108
5059071940508
5059105232208
5059138517808
5059171807608
5059205102808
5059238384908
5059271674808
5059304968908
5059338251608
5059371541608
5059404830908
5059438138108
5059471408508
5059504697708
5059537986908
5059571278508
5059604564708
5059637860608
5059671141808
5059704431708
5059737776508
5059771009208
5059804308508
5059837589108
5059870876108
5059904166208
5059937454008
5059970743108
5060004033708
5060037321908
5060070612808
5060103899908
5060137189108
5060170483508
5060203767108
5060237056008
5060270351708
5060303633008
5060336923008
5060370212508
5060403500208
5060436790708
5060470078708
5060503367408
5060536657308
5060569945008
5060603240008
5060636524208
5060669812808
5060703107908
5060736414208
5060769680108
5060802968308
5060836258208
5060869547208
5060902836308
5060936124008
5060969413908
5061002704108
5061035994208
5061069284808
5061102570008
5061135864308
5061169148408
5061202437908
5061235731408
5061269015108
5061302304208
5061335592908
5061368882708
5061402171108
5061435459808
5061468748708
5061502038408
5061535327408
5061568643208
5061601905408
5061635195508
5061668488408
5061701772308
5061735091508
5061768349908
5061801638908
5061834928608
5061868216708
5061901506608
5061934794608
5061968083808
5062001378108
5062034662608
5062067950808
5062101246008
5062134529508
5062167818108
5062201115108
5062234396808
5062267685608
5062300973608
5062334263708
5062367553608
5062400841008
5062434130708
5062467419708
5062500707508
5062534003608
5062567309408
5062600575308
5062633871408
5062667153608
5062700441808
5062733753208
5062767021208
5062800308708
5062833598908
5062866887708
5062900177008
5062933465008
5062966758508
5063000044408
5063033332008
5063066627508
5063099911708
5063133199208
5063166494808
5063199778908
5063233066008
5063266355808
5063299644608
5063332933008
5063366223608
5063399512108
5063432800208
5063466089708
5063499384508
5063532667508
5063565964908
5063599252108
5063632536008
5063665823108
5063699113508
5063732410508
5063765690208
5063798979708
5063832268908
5063865557608
5063898847208
5063932139008
5063965424208
5063998714408
5064032008608
5064065303508
5064098614608
5064131876808
5064165158508
5064198449008
5064231737208
5064265026008
5064298314708
5064331603908
5064364894508
5064398181408
5064431471508
5064464765908
5064498048708
5064531338608
5064564633508
5064597914908
5064631205408
5064664493808
5064697782708
5064731072308
5064764361208
5064797649808
5064830939208
5064864228208
5064897549208
5064930805508
5064964095408
5064997391908
5065030672508
5065063962408
5065097306608
5065130539608
5065163829608
5065197118308
5065230406808
5065263696708
5065296984708
5065330273908
5065363564408
5065396852808
5065430146308
5065463430608
5065496719508
5065530046308
5065563297808
5065596586908
5065629876008
5065663163908
5065696453708
5065729742608
5065763030908
5065796321108
5065829609508
5065862901708
5065896188108
5065929475708
5065962771008
5065996054508
5066029343408
5066062635108
5066095950808
5066129210808
5066162500408
5066195788608
5066229078108
5066262368008
5066295654908
5066328944808
5066362234408
5066395528008
5066428812208
5066462102208
5066495396708
5066528679108
5066561968408
5066595256208
5066628546108
5066661834508
5066695123208
5066728413408
5066761702008
5066794990408
5066828289708
5066861568708
5066894858308
5066928174108
5066961436108
5066994725908
5067028016508
5067061303108
5067094613408
5067127880008
5067161170508
5067194459208
5067227747408
5067261037208
5067294325308
5067327614308
5067360911508
5067394193108
5067427481708
5067460777208
5067494059808
5067527348408
5067560639308
5067593927108
5067627216608
5067660504208
5067693794608
5067727084208
5067760371808
5067793665808
5067826950008
5067860238408
5067893534208
5067926838508
5067960105608
5067993401908
5068026683608
5068059972608
5068093295408
5068126550908
5068159839708
5068193129208
5068226418608
5068259707708
5068292995408
5068326294308
5068359575608
5068392862908
5068426158808
5068459440808
5068492729708
5068526019508
5068559309208
5068592597108
5068625886708
5068659174708
5068692463808
5068725754208
5068759047608
5068792330808
5068825620708
5068858915208
5068892203108
5068925504508
5068958783208
5068992066708
5069025353708
5069058643508
5069091948008
5069125221108
5069158510808
5069191801308
5069225087908
5069258377508
5069291672008
5069324955008
5069358244908
5069391539208
5069424822108
5069458112108
5069491401108
5069524707308
5069557979608
5069591267808
5069624558008
5069657844808
5069691135008
5069724429208
5069757711908
5069791001808
5069824297708
5069857579108
5069890869208
5069924168808
5069957446208
5069990736108
5070024024808
5070057327108
5070090611408
5070123892008
5070157181608
5070190469908
5070223758808
5070257082408
5070290336308
5070323625908
5070356923108
5070390203008
5070423493208
5070456781808
5070490070208
5070523360108
5070556649408
5070589937208
5070623227208
5070656515108
5070689810008
5070723095008
5070756383108
5070789677208
5070822961008
5070856250308
5070889542808
5070922828808
5070956117408
5070989406608
5071022694708
5071055984108
5071089273408
5071122562708
5071155851408
5071189140008
5071222434308
5071255718508
5071289006508
5071322301608
5071355585808
5071388873908
5071422162508
5071455504708
5071488741608
5071522029608
5071555322408
5071588608708
5071621897808
5071655190808
5071688475608
5071721765308
5071755058408
5071788342608
5071821631008
5071854919808
5071888209708
5071921498908
5071954786708
5071988076608
5072021365408
5072054653908
5072087946108
5072121232708
5072154520608
5072187818308
5072221099508
5072254389008
5072287683108
5072320966808
5072354257008
5072387543508
5072420833708
5072454148108
5072487410708
5072520700708
5072553989908
5072587277808
5072620574108
5072653855908
5072687145208
5072720441808
5072753723908
5072787012008
5072820301508
5072853590808
5072886880308
5072920169108
5072953457808
5072986748108
5073020034908
5073053329908
5073086613908
5073119902308
5073153197608
5073186481808
5073219769108
5073253065108
5073286372408
5073319635808
5073352926908
5073386214608
5073419503108
5073452831708
5073486082408
5073519370508
5073552659908
5073585954408
5073619238408
5073652525908
5073685822108
5073719106108
5073752393508
5073785682808
5073818972208
5073852260808
5073885549908
5073918839408
5073952127308
5073985417008
5074018707608
5074051994308
5074085284708
5074118578708
5074151861908
5074185150908
5074218446708
5074251738908
5074285039708
5074318307608
5074351597508
5074384884708
5074418174308
5074451496408
5074484751308
5074518041108
5074551359108
5074584618308
5074617908208
5074651202408
5074684485608
5074717776108
5074751064308
5074784365708
5074817641908
5074850931308
5074884220108
5074917510408
5074950798708
5074984090408
5075017375708
5075050665608
5075083961608
5075117242508
5075150532608
5075183827808
5075217109808
5075250399308
5075283710308
5075316976808
5075350266708
5075383555108
5075416843908
5075450148808
5075483422408
5075516716908
5075550000608
5075583289508
5075616613308
5075649866708
5075683156808
5075716450308
5075749734308
5075783023808
5075816312908
5075849600808
5075882890408
5075916180608
5075949470208
5075982758308
5076016045908
5076049344608
5076082625808
5076115914008
5076149208608
5076182492008
5076215780608
5076249070108
5076282372708
5076315648008
5076348938508
5076382224908
5076415514808
5076448806308
5076482098108
5076515382408
5076548671908
5076581965208
5076615249108
5076648536808
5076681826108
5076715116008
5076748404608
5076781693408
5076814983008
5076848271808
5076881560508
5076914853408
5076948139408
5076981428308
5077014722108
5077048006408
5077081296108
5077114589708
5077147874708
5077181161708
5077214450308
5077247739908
5077281029208
5077314317408
5077347607308
5077380895808
5077414184808
5077447480908
5077480763608
5077514051208
5077547369008
5077580630208
5077613919308
5077647207208
5077680497508
5077713787208
5077747074608
5077780364408
5077813685408
5077846941408
5077880234608
5077913520308
5077946808508
5077980104508
5078013386508
5078046675508
5078079972608
5078113254408
5078146542708
5078179832208
5078213121608
5078246409808
5078279700108
5078312988708
5078346278008
5078379565608
5078412861108
5078446145108
5078479432808
5078512728408
5078546011708
5078579299708
5078612589608
5078645879408
5078679166708
5078712456708
5078745745108
5078779033708
5078812351208
5078845615508
5078878901108
5078912190608
5078945484908
5078978769008
5079012056908
5079045352808
5079078636908
5079111923808
5079145213908
5079178502908
5079211791008
5079245080708
5079278374008
5079311658108
5079344947808
5079378241708
5079411525108
5079444815308
5079478110008
5079511398908
5079544681808
5079577970808
5079611260408
5079644547508
5079677838108
5079711128108
5079744417208
5079777704808
5079811019008
5079844282008
5079877572208
5079910868608
5079944149308
5079977439308
5080010733408
5080044016308
5080077306808
5080110594808
5080143883108
5080177172908
5080210462208
5080243750308
5080277040608
5080310328808
5080343624108
5080376905908
5080410196208
5080443492208
5080476773508
5080510063608
5080543352008
5080576640408
5080609930608
5080643246708
5080676507708
5080709797308
5080743085508
5080776378208
5080809694508
5080842953208
5080876247908
5080909530908
5080942820608
5080976146908
5081009397308
5081042687608
5081075977608
5081109264508
5081142554308
5081175843408
5081209131908
5081242421408
5081275711208
5081309004608
5081342288408
5081375576808
5081408872008
5081442156108
5081475444408
5081508733008
5081542022408
5081575311708
5081608600908
5081641905608
5081675179008
5081708469008
5081741759308
5081775045808
5081808357208
5081841628808
5081874912508
5081908201408
5081941496508
5081974781108
5082008067608
5082041356608
5082074646908
5082107935208
5082141224108
5082174512908
5082207802608
5082241091208
5082274389208
5082307669808
5082340959308
5082374253008
5082407537008
5082440826808
5082474114308
5082507407508
5082540692708
5082573981108
5082607271108
5082640565708
5082673847908
5082707141808
5082740431308
5082773714908
5082807011208
5082840293908
5082873582308
5082906878808
5082940161408
5082973450308
5083006737908
5083040028108
5083073317408
5083106605008
5083139895208
5083173218908
5083206472208
5083239768008
5083273051808
5083306339108
5083339635008
5083372917508
5083406206208
5083439497308
5083472786908
5083506073508
5083539363108
5083572652008
5083605940308
5083639229908
5083672523208
5083705808508
5083739096308
5083772391808
5083805675208
5083838963508
5083872259708
5083905542008
5083938830808
5083972120308
5084005411208
5084038697608
5084071987708
5084105275808
5084138564508
5084171911208
5084205149408
5084238431608
5084271721308
5084305016308
5084338299508
5084371587608
5084404877408
5084438167208
5084471454408
5084504744308
5084538033508
5084571321508
5084604611108
5084637905408
5084671188708
5084704478708
5084737772808
5084771055708
5084804345708
5084837640608
5084870924008
5084904212208
5084937501308
5084970810208
5085004078608
5085037368808
5085070660208
5085103945708
5085137235608
5085170560308
5085203813108
5085237102608
5085270398208
5085303680308
5085336969908
5085370258108
5085403547108
5085436837508
5085470125408
5085503417108
5085536703808
5085569992708
5085603315008
5085636571508
5085669859808
5085703154608
5085736437108
5085769726208
5085803022808
5085836304008
5085869594108
5085902882508
5085936171108
5085969460608
5086002748908
5086036038608
5086069328008
5086102616608
5086135911208
5086169214908
5086202483908
5086235809908
5086269062108
5086302351208
5086335641708
5086368929408
5086402217908
5086435507108
5086468795308
5086502085108
5086535375308
5086568667008
5086601952308
5086635241608
5086668535008
5086701818808
5086735107508
5086768396308
5086801686908
5086834975308
5086868263208
5086901552908
5086934842108
5086968131508
5087001456008
5087034709208
5087067999108
5087101292108
5087134576208
5087167895508
5087201159208
5087234457008
5087267732408
5087301020108
5087334310308
5087367598508
5087400887708
5087434178408
5087467476408
5087500754708
5087534049208
5087567333608
5087600621708
5087633920308
5087667200508
5087700489608
5087733777308
5087767067108
5087800357708
5087833644708
5087866934408
5087900223208
5087933511708
5087966803008
5088000110308
5088033378808
5088066674908
5088099957108
5088133245808
5088166555808
5088199825108
5088233112908
5088266402608
5088299691408
5088332980608
5088366268608
5088399558708
5088432848408
5088466135708
5088499434508
5088532714508
5088566002908
5088599298508
5088632582408
5088665869908
5088699163108
5088732448308
5088765737508
5088799027708
5088832315908
5088865603708
5088898893708
5088932183608
5088965474308
5088998771308
5089032055508
5089065342608
5089098626708
5089131923308
5089165222208
5089198494008
5089231783708
5089265073108
5089298361408
5089331651008
5089364939008
5089398228408
5089431517608
5089464812308
5089498095108
5089531419008
5089564679408
5089597967408
5089631252708
5089664544708
5089697830708
5089731118208
5089764408108
5089797697408
5089830985208
5089864275408
5089897567008
5089930852008
5089964141708
5089997437408
5090030719208
5090064009108
5090097304208
5090130586508
5090163879108
5090197165008
5090230453508
5090263743308
5090297032408
5090330346908
5090363609608
5090396899408
5090430195908
5090463479908
5090496766208
5090530092908
5090563343508
5090596633408
5090629922408
5090663210608
5090696500108
5090729788908
5090763077508
5090796368708
5090829656208
5090862946308
5090896234308
5090929523208
5090962847008
5090996101908
5091029390508
5091062686608
5091095967508
5091129257408
5091162546508
5091195834408
5091229124708
5091262413508
5091295701708
5091328991908
5091362279708
5091395574408
5091428858608
5091462147408
5091495441708
5091528725508
5091562014608
5091595303208
5091628592408
5091661881708
5091695170708
5091728458708
5091761748608
5091795038908
5091828327508
5091861615608
5091894904108
5091928198808
5091961483208
5091994771908
5092028066708
5092061350008
5092094637908
5092127926908
5092161217208
5092194506408
5092227794008
5092261083608
5092294372408
5092327662308
5092360955808
5092394239908
5092427529508
5092460823508
5092494107208
5092527433308
5092560684208
5092593973908
5092627262908
5092660551308
5092693840908
5092727129808
5092760418208
5092793712008
5092826997008
5092860285308
5092893580008
5092926864308
5092960153008
5092993448908
5093026731308
5093060021308
5093093308208
5093126598008
5093159887208
5093193175408
5093226469108
5093259754908
5093293042208
5093326338308
5093359641408
5093392909808
5093426205108
5093459488008
5093492776408
5093526101308
5093559355508
5093592643608
5093625933408
5093659222408
5093692511508
5093725799408
5093759091708
5093792379308
5093825666308
5093858962208
5093892244908
5093925533608
5093958829608
5093992112908
5094025400108
5094058690708
5094091979608
5094125267508
5094158557808
5094191846908
5094225134808
5094258424408
5094291718708
5094325002108
5094358312908
5094391586608
5094424870308
5094458157908
5094491447408
5094524771808
5094558024608
5094591314808
5094624603608
5094657892008
5094691182008
5094724475508
5094757758608
5094791053408
5094824342608
5094857625708
5094890915708
5094924210908
5094957508508
5094990783208
5095024071708
5095057360508
5095090648808
5095123938808
5095157228208
5095190515908
5095223805708
5095257100308
5095290383008
5095323673108
5095356983908
5095390249908
5095423540008
5095456828508
5095490117108
5095523422408
5095556695308
5095589984508
5095623273508
5095656562808
5095689883708
5095723140208
5095756429708
5095789726308
5095823007208
5095856296808
5095889591608
5095922874608
5095956164308
5095989453808
5096022741408
5096056030908
5096089319308
5096122608308
5096155898708
5096189186908
5096222481108
5096255764908
5096289054008
5096322349708
5096355638708
5096388921208
5096422211208
5096455502008
5096488788508
5096522081908
5096555365208
5096588655508
5096621945308
5096655235508
5096688522408
5096721810508
5096755105108
5096788389508
5096821677508
5096854972908
5096888256208
5096921545108
5096954833208
5096988124308
5097021412208
5097054701708
5097087989608
5097121279608
5097154569408
5097187862208
5097221145908
5097254435108
5097287729808
5097321013508
5097354302208
5097387590808
5097420880308
5097454169208
5097487457808
5097520747208
5097554036408
5097587324808
5097620618008
5097653903508
5097687192608
5097720486108
5097753770808
5097787060808
5097820353808
5097853637408
5097886982608
5097920214808
5097953508008
5097986793508
5098020081308
5098053371808
5098086660208
5098119948708
5098153246008
5098186528108
5098219815608
5098253111708
5098286394808
5098319683208
5098352972908
5098386261708
5098419551108
5098452838808
5098486128408
5098519418008
5098552705908
5098585998908
5098619284908
5098652573108
5098685868708
5098719151108
5098752440008
5098785736608
5098819018208
5098852307308
5098885630108
5098918886008
5098952174208
5098985463508
5099018752508
5099052042108
5099085330208
5099118626008
5099151910008
5099185197308
5099218496608
5099251776108
5099285064108
5099318353908
5099351644108
5099384931608
5099418221208
5099451511408
5099484798608
5099518088408
5099551380508
5099584665508
5099617954708
5099651250008
5099684533508
5099717820808
5099751117108
5099784403508
5099817688108
5099850978108
5099884291508
5099917555608
5099950845108
5099984135908
5100017422208
5100050712008
5100084006208
5100117289508
5100150580508
5100183874908
5100217156408
5100250446308
5100283735508
5100317039908
5100350313808
5100383602408
5100416891508
5100450179708
5100483469308
5100516762908
5100550046708
5100583336108
5100616630708
5100649913908
5100683203508
5100716521608
5100749781108
5100783070708
5100816358908
5100849647708
5100882971808
5100916226308
5100949514708
5100982804308
5101016093708
5101049417508
5101082670908
5101115961008
5101149256508
5101182558508
5101215827508
5101249116608
5101282405008
5101315694408
5101348984308
5101382272008
5101415561908
5101448850208
5101482143308
5101515429708
5101548718008
5101582011708
5101615295308
5101648584808
5101681911408
5101715183508
5101748451908
5101781742308
5101815029008
5101848318908
5101881631908
5101914896008
5101948185908
5101981474808
5102014768408
5102048053108
5102081340908
5102114636508
5102147920908
5102181209108
5102214497308
5102247786508
5102281075808
5102314364208
5102347654508
5102380942908
5102414232308
5102447527808
5102480809608
5102514100008
5102547392708
5102580677608
5102613965708
5102647260608
5102680545808
5102713847808
5102747121108
5102780411608
5102813699508
5102846988608
5102880293408
5102913567508
5102946856308
5102980151308
5103013434108
5103046723508
5103080017208
5103113301408
5103146590608
5103179878308
5103213168508
5103246458408
5103279745308
5103313035308
5103346324408
5103379612608
5103412907108
5103446190708
5103479479508
5103512776708
5103546058208
5103579346808
5103612642108
5103645925408
5103679213908
5103712509708
5103745792408
5103779081808
5103812369608
5103845659808
5103878961308
5103912236908
5103945535608
5103978815308
5104012103808
5104045399908
5104078681708
5104111970608
5104145260608
5104178549408
5104211837908
5104245127308
5104278416308
5104311705008
5104344995208
5104378287908
5104411572308
5104444860608
5104478156508
5104511440508
5104544728208
5104578020508
5104611308108
5104644595108
5104677884908
5104711175908
5104744462008
5104777752108
5104811040708
5104844328708
5104877619108
5104910913408
5104944195708
5104977485808
5105010780608
5105044072508
5105077351608
5105110641508
5105143931708
5105177219108
5105210509208
5105243831608
5105277085908
5105310375608
5105343670608
5105376953608
5105410242708
5105443537208
5105476819708
5105510111008
5105543402108
5105576687208
5105609977008
5105643266008
5105676575608
5105709844908
5105743132908
5105776423708
5105809743308
5105843000208
5105876295408
5105909576908
5105942867008
5105976162908
5106009444008
5106042733808
5106076022208
5106109311908
5106142601208
5106175889808
5106209178408
5106242518408
5106275757808
5106309080308
5106342335208
5106375645308
5106408921008
5106442201308
5106475490908
5106508787208
5106542068808
5106575358108
5106608649608
5106641935508
5106675225208
5106708515008
5106741803408
5106775092508
5106808381208
5106841675408
5106874959708
5106908248008
5106941542808
5106974826408
5107008114808
5107041404608
5107074692308
5107107982008
5107141272908
5107174559308
5107207849208
5107241181908
5107274432108
5107307716508
5107341005408
5107374299908
5107407583908
5107440871608
5107474160408
5107507452108
5107540739308
5107574028108
5107607317208
5107640606508
5107673895308
5107707187108
5107740473608
5107773762808
5107807056208
5107840341108
5107873633708
5107906924408
5107940208108
5107973496308
5108006784908
5108040075008
5108073385108
5108106652108
5108139941808
5108173230608
5108206519308
5108239849008
5108273098408
5108306386108
5108339682208
5108372964808
5108406254108
5108439541808
5108472832208
5108506122308
5108539408908
5108572699108
5108605987708
5108639276308
5108672567308
5108705855808
5108739143408
5108772439108
5108805744108
5108839010308
5108872307108
5108905589008
5108938877308
5108972166908
5109005456608
5109038744608
5109072061208
5109105322908
5109138613908
5109171900408
5109205195608
5109238503608
5109271767108
5109305062908
5109338347608
5109371636108
5109404924008
5109438212808
5109471501608
5109504792108
5109538080508
5109571368608
5109604662508
5109637949208
5109671236508
5109704526708
5109737819908
5109771104908
5109804391508
5109837687508
5109870970508
5109904258808
5109937548408
5109970838608
5110004125808
5110037415308
5110070723108
5110103992708
5110137282208
5110170576908
5110203859308
5110237166208
5110270444208
5110303727108
5110337016608
5110370305808
5110403594608
5110436882408
5110470172108
5110503462808
5110536749608
5110570039708
5110603330108
5110636616708
5110669906508
5110703202508
5110736484108
5110769773708
5110803068008
5110836350708
5110869641808
5110902929808
5110936218008
5110969507408
5111002796208
5111036112608
5111069383108
5111102663808
5111135959308
5111169241108
5111202530508
5111235827708
5111269108208
5111302398208
5111335686808
5111368975108
5111402265008
5111435553008
5111468842008
5111502132108
5111535420708
5111568711208
5111602032408
5111635287908
5111668582708
5111701866908
5111735154508
5111768451408
5111801731908
5111835022308
5111868311908
5111901599508
5111934889008
5111968178008
5112001466008
5112034756308
5112068044908
5112101338808
5112134626608
5112167911708
5112201206008
5112234497408
5112267779408
5112301067508
5112334358308
5112367654608
5112400935108
5112434223508
5112467513008
5112500803308
5112534092608
5112567380208
5112600725308
5112633963508
5112667247208
5112700536608
5112733830408
5112767114008
5112800402608
5112833691708
5112866981708
5112900270708
5112933558708
5112966848308
5113000137508
5113033426708
5113066721408
5113100004408
5113133294508
5113166587408
5113199871708
5113233161108
5113266448508
5113299738108
5113333028408
5113366315508
5113399605208
5113432893408
5113466182608
5113499475408
5113532761108
5113566049808
5113599395108
5113632632008
5113665916508
5113699214008
5113732495408
5113765785008
5113799072808
5113832362808
5113865652608
5113898940008
5113932229708
5113965518508
5113998807108
5114032102608
5114065385908
5114098673808
5114131970208
5114165252608
5114198540908
5114231831208
5114265119608
5114298408108
5114331697608
5114364987008
5114398275908
5114431563708
5114464856108
5114498143908
5114531430908
5114564726408
5114598037708
5114631298008
5114664593908
5114697876608
5114731164908
5114764454708
5114797743008
5114831032208
5114864322908
5114897611108
5114930899608
5114964188908
5114997483608
5115030766408
5115064056108
5115097351208
5115130637008
5115163922208
5115197212008
5115230501608
5115263789208
5115297079108
5115330367808
5115363656208
5115396946208
5115430259108
5115463523408
5115496813308
5115530107208
5115563390308
5115596729608
5115629975708
5115663259208
5115696547508
5115729836408
5115763125508
5115796413208
5115829703408
5115862992908
5115896280908
5115929570408
5115962865108
5115996147608
5116029437108
5116062733708
5116096014708
5116129304308
5116162592708
5116195881508
5116229171708
5116262460808
5116295748808
5116329038108
5116362327508
5116395623908
5116428926808
5116462194608
5116495490308
5116528771208
5116562061508
5116595379308
5116628650108
5116661928408
5116695218508
5116728505908
5116761795408
5116795083908
5116828372908
5116861663308
5116894951808
5116928245308
5116961529808
5116994818808
5117028113308
5117061397308
5117094685908
5117127974508
5117161262708
5117194552808
5117227842208
5117261129708
5117294419708
5117327708508
5117361000008
5117394286708
5117427596808
5117460869608
5117494153708
5117527442508
5117560737108
5117594049708
5117627309808
5117660598108
5117693887908
5117727176808
5117760465908
5117793753808
5117827043908
5117860334208
5117893646808
5117926910608
5117960199708
5117993494208
5118026777908
5118060067808
5118093355208
5118126644708
5118159933708
5118193222108
5118226513008
5118259801108
5118293089708
5118326382808
5118359667908
5118392956608
5118426265408
5118459535008
5118492829808
5118526117808
5118559402208
5118592705708
5118625979608
5118659268908
5118692558208
5118725846708
5118759136408
5118792424208
5118825713208
5118859009508
5118892291508
5118925580208
5118958876308
5118992158608
5119025447608
5119058737808
5119092026308
5119125315408
5119158603508
5119191893108
5119225183508
5119258470208
5119291764308
5119325049608
5119358337708
5119391633308
5119424922308
5119458205108
5119491501008
5119524782708
5119558071608
5119591365408
5119624650808
5119657938908
5119691228408
5119724517208
5119757806908
5119791094708
5119824390708
5119857673808
5119890961708
5119924258008
5119957541608
5119990829108
5120024118808
5120057408108
5120090712408
5120123985308
5120157274108
5120190562908
5120223853708
5120257145508
5120290430108
5120323722908
5120357014408
5120390300708
5120423586408
5120456882008
5120490166608
5120523452308
5120556743108
5120590032708
5120623320008
5120656609808
5120689901108
5120723186808
5120756476808
5120789770908
5120823054108
5120856344008
5120889639208
5120922920708
5120956267508
5120989499708
5121022788108
5121056077908
5121089366908
5121122655908
5121155943908
5121189233708
5121222528508
5121255811208
5121289100808
5121322395108
5121355678108
5121388967508
5121422263408
5121455545308
5121488835008
5121522123508
5121555412608
5121588701808
5121621990708
5121655279408
5121688568908
5121721857908
5121755181808
5121788435008
5121821725208
5121855021408
5121888302608
5121921592508
5121954937708
5121988169008
5122021459008
5122054749508
5122088036808
5122121326108
5122154614308
5122187907908
5122221194008
5122254482108
5122287776408
5122321060008
5122354348808
5122387640708
5122420927408
5122454216008
5122487505808
5122520793208
5122554083508
5122587372708
5122620660808
5122653949908
5122687239008
5122720533008
5122753817508
5122787105208
5122820401208
5122853688208
5122886973108
5122920261508
5122953577708
5122986840208
5123020129908
5123053418208
5123086716908
5123119997808
5123153288908
5123186574808
5123219864008
5123253157308
5123286441608
5123319731108
5123353022008
5123386308908
5123419598108
5123452886108
5123486175608
5123519464408
5123552753008
5123586043708
5123619331808
5123652620408
5123685915808
5123719198208
5123752488408
5123785803808
5123819065808
5123852355808
5123885642908
5123918933108
5123952258908
5123985509908
5124018800208
5124052088408
5124085377408
5124118671208
5124151955208
5124185244008
5124218540908
5124251822808
5124285111108
5124318407308
5124351690408
5124384978108
5124418268908
5124451556908
5124484846008
5124518133908
5124551424408
5124584716808
5124618001208
5124651296608
5124684579708
5124717868408
5124751164308
5124784468308
5124817735608
5124851024808
5124884314308
5124917602608
5124950922508
5124984180908
5125017469508
5125050759208
5125084053008
5125117337208
5125150625608
5125183920908
5125217205308
5125250492308
5125283788208
5125317073008
5125350359508
5125383649108
5125416939008
5125450226308
5125483516108
5125516805608
5125550093608
5125583383608
5125616678008
5125649960508
5125683250308
5125716545608
5125749836608
5125783139308
5125816406508
5125849696408
5125882983308
5125916273508
5125949592008
5125982850708
5126016140708
5126049435408
5126082721508
5126116007708
5126149301408
5126182584408
5126215875508
5126249166508
5126282453508
5126315744108
5126349030408
5126382340608
5126415609408
5126448897408
5126482189108
5126515474508
5126548764608
5126582059908
5126615342108
5126648631808
5126681928008
5126715208808
5126748498708
5126781808208
5126815076308
5126848365808
5126881654408
5126914943008
5126948249008
5126981521608
5127014815808
5127048099708
5127081388308
5127114716908
5127147965808
5127181255908
5127214552508
5127247833108
5127281123008
5127314411108
5127347700008
5127380990308
5127414279608
5127447567708
5127480856608
5127514145008
5127547439808
5127580727808
5127614013108
5127647307208
5127680590808
5127713879508
5127747169008
5127780467208
5127813747508
5127847036308
5127880324408
5127913614308
5127946909808
5127980196908
5128013481408
5128046769608
5128080064208
5128113347708
5128146636008
5128179925608
5128213215108
5128246503608
5128279792808
5128313081608
5128346371208
5128379659408
5128412952208
5128446238308
5128479527408
5128512821108
5128546105308
5128579395208
5128612688608
5128645972208
5128679261308
5128712549908
5128745839208
5128779128908
5128812416608
5128845706208
5128878994908
5128912283808
5128945579908
5128978862208
5129012150708
5129045446908
5129078748608
5129112018308
5129145306608
5129178596708
5129211886408
5129245173708
5129278463708
5129311784008
5129345040808
5129378332208
5129411620408
5129444907608
5129478203208
5129511486008
5129544774908
5129578072308
5129611353908
5129644642108
5129677931708
5129711220508
5129744510208
5129777799008
5129811087308
5129844377608
5129877664808
5129910960008
5129944244008
5129977531608
5130010827208
5130044111708
5130077398908
5130110688908
5130143976908
5130177265908
5130210556208
5130243844208
5130277133108
5130310460408
5130343729608
5130377000208
5130410290108
5130443584408
5130476867708
5130510156208
5130543452308
5130576735608
5130610023308
5130643312808
5130676602108
5130709890108
5130743180008
5130776468808
5130809765808
5130843047408
5130876341608
5130909624308
5130942914308
5130976209208
5131009491108
5131042780608
5131076070108
5131109372908
5131142647208
5131175937208
5131209227308
5131242514308
5131275804408
5131309146408
5131342381708
5131375671508
5131408966508
5131442248208
5131475538108
5131508832808
5131542115408
5131575406408
5131608694508
5131641982608
5131675272008
5131708561008
5131741877208
5131775139708
5131808428608
5131841737208
5131875005708
5131908295308
5131941591308
5131974872508
5132008162208
5132041451408
5132074742808
5132108029308
5132141317408
5132174606608
5132207896408
5132241185008
5132274475708
5132307862808
5132341052808
5132374346508
5132407630608
5132440918908
5132474246608
5132507496408
5132540786508
5132574076808
5132607363908
5132640653608
5132673942608
5132707230508
5132740520708
5132773810208
5132807104108
5132840387708
5132873676208
5132906971208
5132940255208
5132973544008
5133006832108
5133040121608
5133073410808
5133106700208
5133140010208
5133173277508
5133206568108
5133239857108
5133273145008
5133306468008
5133339730608
5133373011508
5133406301608
5133439594908
5133472878908
5133506167208
5133539456208
5133572746508
5133606035308
5133639323108
5133672613008
5133705901608
5133739190508
5133772489008
5133805769008
5133839058208
5133872352308
5133905636008
5133938925508
5133972212608
5134005503308
5134038792008
5134072080308
5134105370108
5134138680208
5134171947008
5134205240508
5134238525408
5134271814308
5134305164908
5134338393708
5134371681208
5134404978308
5134438260308
5134471549808
5134504837308
5134538127108
5134571417008
5134604704608
5134637994108
5134671283008
5134704571308
5134737866708
5134771151308
5134804438408
5134837747208
5134871017108
5134904305308
5134937596308
5134970883908
5135004172908
5135037462208
5135070754808
5135104039408
5135137355008
5135170620708
5135203908308
5135237195508
5135270491308
5135303798908
5135337062608
5135370358908
5135403642908
5135436929608
5135470219608
5135503507808
5135536797208
5135570088208
5135603375408
5135636663708
5135669953808
5135703247908
5135736530808
5135769821008
5135803115608
5135836398808
5135869686608
5135902976808
5135936266608
5135969554008
5136002843608
5136036132508
5136069421008
5136102710908
5136136018108
5136169288208
5136202577908
5136235872308
5136269155108
5136302457108
5136335750908
5136369033708
5136402311708
5136435600608
5136468890208
5136502178208
5136535468008
5136568758008
5136602045108
5136635335108
5136668630508
5136701911908
5136735202208
5136768498408
5136801779108
5136835069208
5136868357708
5136901645808
5136934937208
5136968224608
5137001513608
5137034802208
5137068092308
5137101412908
5137134675408
5137167958808
5137201254508
5137234536408
5137267826208
5137301122208
5137334403208
5137367693108
5137400982108
5137434270408
5137467560508
5137500848208
5137534137708
5137567427408
5137600719608
5137634009908
5137667294008
5137700583108
5137733878308
5137767162508
5137800450608
5137833740908
5137867027308
5137900317508
5137933607408
5137966894408
5138000184108
5138033473108
5138066764808
5138100051408
5138133341108
5138166634508
5138199918308
5138233207308
5138266501608
5138299789108
5138333074708
5138366362408
5138399652408
5138432941108
5138466230608
5138499518208
5138532808408
5138566098508
5138599391208
5138632675408
5138665995808
5138699258908
5138732542608
5138765831408
5138799119808
5138832409508
5138865697708
5138898986708
5138932277508
5138965565208
5138998854208
5139032146708
5139065432908
5139098724308
5139132016808
5139165299508
5139198588708
5139231883008
5139265166808
5139298455608
5139331744408
5139365033908
5139398322708
5139431610608
5139464900708
5139498189008
5139531478208
5139564773908
5139598056808
5139631345108
5139664691208
5139697923908
5139731213608
5139764501608
5139797791008
5139831081108
5139864368308
5139897658108
5139930947008
5139964234708
5139997529208
5140030814908
5140064102508
5140097397508
5140130680708
5140163969208
5140197265408
5140230547908
5140263836608
5140297126408
5140330415108
5140363703108
5140396993108
5140430282108
5140463570408
5140496858908
5140530155108
5140563439108
5140596742508
5140630021908
5140663334108
5140696593408
5140729883108
5140763172308
5140796460408
5140829750408
5140863038708
5140896327308
5140929618408
5140962910308
5140996194208
5141029483908
5141062779308
5141096066108
5141129351908
5141162646208
5141195930008
5141229217508
5141262507708
5141295796808
5141329084608
5141362374508
5141395663208
5141428951508
5141462241608
5141495556708
5141528818708
5141562108308
5141595402808
5141628685408
5141661998408
5141695264408
5141728553108
5141761842708
5141795131608
5141828420608
5141861709008
5141894998608
5141928293508
5141961575808
5141994865708
5142028160608
5142061442708
5142094732308
5142128028708
5142161309708
5142194600008
5142227888308
5142261176908
5142294467508
5142327756308
5142361044208
5142394333408
5142427622808
5142460946208
5142494222008
5142527489608
5142560786508
5142594067008
5142627356508
5142660681908
5142693933908
5142727223808
5142760512408
5142793801208
5142827091108
5142860379108
5142893672908
5142926958808
5142960246508
5142993541008
5143026824508
5143060114308
5143093441308
5143126692708
5143159981008
5143193271108
5143226557908
5143259848008
5143293137408
5143326425408
5143359715008
5143393005408
5143426297708
5143459582308
5143492892008
5143526165608
5143559449508
5143592738008
5143626026408
5143659349408
5143692605408
5143725893508
5143759182508
5143792472308
5143825762308
5143859053408
5143892339108
5143925629608
5143958921808
5143992206108
5144025495008
5144058786808
5144092073408
5144125363308
5144158650508
5144191940608
5144225228808
5144258517608
5144291809108
5144325096608
5144358384308
5144391679908
5144424963708
5144458251708
5144491567508
5144524830408
5144558120208
5144591407808
5144624697408
5144658007308
5144691274608
5144724564608
5144757853208
5144791141908
5144824436008
5144857720008
5144891008608
5144924305108
5144957587608
5144990875908
5145024171808
5145057454608
5145090742608
5145124033408
5145157321108
5145190610808
5145223898608
5145257189208
5145290478408
5145323765608
5145357061008
5145390344408
5145423632608
5145456929308
5145490225408
5145523499908
5145556789508
5145590078908
5145623366908
5145656665108
5145689946208
5145723233808
5145756523808
5145789817408
5145823102108
5145856390108
5145889686908
5145922970408
5145956256808
5145989553008
5146022835708
5146056124308
5146089413808
5146122703708
5146155991108
5146189281008
5146222570008
5146255858308
5146289148908
5146322442608
5146355724908
5146389014908
5146422310108
5146455593508
5146488888908
5146522171208
5146555461208
5146588751708
5146622037908
5146655334208
5146688614908
5146721905408
5146755200808
5146788482408
5146821776008
5146855066208
5146888349208
5146921639308
5146954931408
5146988216508
5147021539608
5147054795008
5147088083508
5147121374708
5147154662408
5147187952908
5147221239208
5147254529408
5147287825308
5147321106608
5147354396508
5147387691208
5147420973408
5147454263208
5147487553308
5147520840708
5147554130208
5147587419508
5147620707708
5147654003708
5147687286608
5147720580508
5147753864208
5147787153508
5147820477108
5147853730808
5147887020408
5147920317208
5147953597108
5147986887808
5148020216508
5148053464908
5148086757908
5148120044008
5148153333308
5148186621708
5148219910208
5148253205108
5148286489008
5148319777608
5148353071908
5148386355608
5148419644708
5148452933008
5148486222308
5148519511708
5148552801208
5148586088708
5148619378608
5148652667808
5148685961308
5148719245708
5148752534708
5148785828608
5148819112808
5148852400808
5148885690008
5148918979908
5148952268608
5148985557108
5149018878308
5149052136408
5149085424008
5149118715808
5149152002808
5149185292408
5149218585308
5149251870108
5149285159808
5149318453508
5149351736908
5149385025708
5149418313808
5149451604208
5149484893108
5149518181808
5149551471008
5149584761608
5149618048008
5149651344608
5149684627408
5149717915408
5149751211608
5149784494408
5149817783408
5149851071208
5149884361208
5149917651408
5149950938208
5149984228008
5150017567208
5150050805908
5150084096408
5150117385208
5150150672308
5150183968008
5150217250508
5150250539708
5150283837208
5150317118208
5150350406208
5150383696708
5150416985308
5150450273908
5150483563508
5150516852508
5150550141508
5150583429508
5150616725008
5150650008908
5150683296208
5150716592108
5150749875308
5150783163508
5150816453608
5150849742008
5150883030808
5150916320608
5150949609008
5150982898108
5151016215908
5151049478208
5151082765308
5151116055008
5151149349508
5151182632408
5151215920808
5151249217108
5151282500308
5151315795808
5151349077708
5151382366408
5151415654908
5151448944808
5151482234208
5151515521708
5151548811508
5151582105908
5151615388908
5151648679008
5151681973808
5151715255908
5151748545408
5151781834608
5151815137108
5151848411708
5151881701708
5151914992108
5151948279008
5151981568908
5152014882908
5152048146208
5152081436108
5152114731208
5152148013108
5152181303308
5152214597608
5152247880108
5152281170608
5152314459408
5152347746908
5152381036808
5152414326308
5152447614008
5152480904808
5152514193008
5152547487808
5152580770308
5152614059908
5152647355708
5152680637008
5152713927108
5152747215908
5152780504508
5152813794608
5152847110308
5152880371308
5152913661208
5152946949708
5152980240908
5153013562008
5153046830908
5153080140108
5153113395108
5153146684408
5153179981308
5153213261608
5153246551108
5153279840308
5153313128408
5153346418208
5153379708908
5153412995308
5153446285508
5153479575208
5153512868608
5153546152508
5153579440508
5153612735508
5153646020308
5153679308408
5153712596908
5153745886108
5153779175708
5153812464408
5153845774408
5153879042308
5153912332708
5153945621408
5153978909408
5154012223808
5154045492508
5154078776408
5154112065208
5154145359808
5154178643708
5154211931608
5154245221108
5154278511408
5154311799808
5154345088008
5154378377508
5154411666308
5154444955108
5154478253608
5154511533808
5154544825208
5154578116308
5154611400508
5154644690308
5154677977708
5154711267708
5154744556608
5154777845108
5154811135208
5154844443008
5154877711708
5154911004508
5154944290308
5154977579108
5155010891808
5155044158108
5155077446008
5155110742908
5155144024908
5155177314008
5155210601608
5155243892108
5155277182608
5155310469508
5155343759208
5155377047808
5155410336408
5155443631808
5155476915808
5155510203408
5155543499108
5155576780908
5155610070308
5155643365008
5155676649608
5155709937208
5155743226908
5155776516308
5155809804208
5155843107708
5155876385708
5155909673108
5155942960108
5155976256108
5156009561508
5156042834508
5156076123008
5156109405708
5156142694408
5156175984208
5156209272408
5156242561708
5156275851408
5156309140208
5156342428608
5156375718108
5156409013008
5156442295508
5156475585908
5156508880908
5156542164508
5156575451108
5156608741008
5156642032508
5156675318708
5156708608608
5156741898608
5156775185808
5156808475508
5156841777108
5156875052408
5156908342508
5156941636908
5156974919708
5157008217208
5157041504908
5157074788208
5157108076708
5157141365108
5157174672908
5157207942708
5157241232608
5157274522308
5157307832108
5157341101508
5157374394108
5157407676408
5157440966608
5157474263408
5157507544008
5157540833208
5157574121808
5157607410808
5157640701808
5157673989308
5157707277908
5157740567508
5157773856908
5157807177008
5157840435908
5157873723508
5157907019708
5157940301008
5157973591108
5158006899508
5158040167908
5158073457608
5158106746508
5158140034708
5158173324808
5158206613108
5158239902208
5158273191908
5158306481308
5158339776308
5158373058608
5158406348208
5158439642508
5158472929408
5158506215308
5158539504208
5158572792208
5158606082108
5158639372008
5158672658908
5158705949108
5158739237808
5158772529408
5158805819508
5158839104908
5158872398708
5158905683208
5158938971908
5158972266608
5159005549708
5159038839508
5159072127308
5159105418508
5159138706308
5159171995608
5159205283808
5159238573108
5159271863208
5159305156208
5159338440208
5159371786508
5159405023608
5159438307108
5159471595908
5159504884708
5159538174308
5159571462608
5159604751608
5159638042108
5159671330408
5159704618708
5159737911508
5159771197108
5159804486308
5159837781508
5159871064608
5159904354408
5159937647408
5159970931408
5160004220608
5160037508508
5160070798308
5160104088908
5160137375908
5160170665608
5160203953608
5160237242708
5160270538608
5160303823808
5160337109508
5160370455908
5160403688208
5160436976808
5160470266408
5160503555808
5160536844508
5160570132808
5160603422608
5160636712908
5160669999808
5160703293108
5160736578308
5160769866908
5160803162308
5160836445708
5160869733808
5160903030408
5160936312508
5160969600908
5161002890608
5161036180008
5161069467808
5161102757208
5161136046508
5161169335408
5161202623708
5161235919208
5161269203608
5161302491108
5161335786908
5161369103308
5161402358008
5161435648008
5161468938608
5161502225208
5161535514808
5161568803908
5161602092008
5161635383208
5161668674808
5161701959208
5161735248808
5161768544008
5161801844908
5161835116708
5161868411308
5161901696008
5161934982308
5161968272308
5162001561608
5162034849608
5162068139008
5162101428508
5162134716208
5162168006208
5162201322008
5162234583508
5162267873108
5162301167508
5162334450208
5162367778908
5162401028908
5162434317708
5162467607208
5162500896608
5162534185508
5162567473508
5162600763408
5162634058308
5162667340208
5162700630608
5162733924708
5162767207608
5162800497408
5162833794308
5162867074608
5162900364508
5162933652408
5162966941808
5163000231708
5163033520708
5163066812308
5163100098408
5163133387708
5163166682708
5163199986508
5163233254308
5163266550808
5163299833108
5163333121708
5163366445208
5163399698508
5163432988408
5163466278808
5163499565708
5163532855608
5163566143808
5163599437008
5163632723208
5163666011308
5163699306008
5163732589408
5163765878808
5163799173208
5163832457108
5163865745808
5163899034908
5163932322808
5163965612808
5163998902308
5164032189908
5164065479808
5164098768808
5164132062508
5164165347008
5164198656508
5164231930208
5164265214108
5164298502308
5164331791108
5164365118808
5164398370208
5164431658108
5164464947708
5164498237208
5164531526308
5164564821408
5164598103708
5164631394008
5164664686508
5164697970808
5164731259708
5164764551308
5164797840008
5164831127508
5164864415208
5164897705208
5164930992908
5164964282508
5164997573408
5165030861208
5165064149208
5165097446608
5165130727808
5165164016708
5165197333008
5165230595408
5165263886108
5165297172108
5165330462108
5165363775208
5165397039208
5165430329408
5165463618008
5165496906608
5165530200608
5165563484508
5165596773608
5165630069808
5165663352308
5165696640608
5165729936408
5165763219708
5165796507508
5165829798108
5165863086808
5165896375308
5165929663308
5165962953608
5165996243108
5166029530408
5166062826208
5166096109308
5166129398008
5166162693908
5166195994208
5166229264908
5166262554408
5166295846708
5166329131508
5166362441108
5166395710508
5166428999308
5166462288608
5166495581708
5166528869208
5166562154708
5166595450608
5166628733808
5166662021608
5166695318108
5166728603808
5166761891908
5166795178508
5166828468608
5166861755808
5166895045708
5166928334508
5166961623108
5166994913408
5167028207308
5167061490108
5167094779308
5167128076308
5167161366608
5167194657508
5167227935808
5167261225908
5167294512908
5167327802808
5167361102308
5167394380308
5167427670508
5167460964408
5167494246808
5167527536808
5167560830508
5167594114308
5167627404008
5167660696008
5167693982908
5167727270408
5167760560108
5167793851308
5167827138708
5167860427008
5167893717208
5167927004008
5167960294208
5167993590008
5168026878908
5168060160808
5168093456108
5168126738508
5168160028008
5168193328608
5168226605408
5168259895208
5168293183508
5168326472108
5168359770908
5168393050608
5168426345008
5168459628808
5168492918308
5168526242108
5168559495308
5168592785208
5168626082508
5168659362408
5168692652208
5168725941208
5168759229608
5168792519408
5168825809408
5168859097008
5168892386408
5168925675308
5168958969008
5168992254408
5169025542308
5169058836808
5169092120208
5169125409108
