9948762341208
9948795631008
9948828918808
9948862208708
9948895508208
9948928785908
9948962078308
9948995364408
9949028652508
9949061948708
9949095231108
9949128520108
9949161816208
9949195101508
9949228387408
9949261676808
9949294965608
9949328254908
9949361544708
9949394832808
9949428124608
9949461410008
9949494705608
9949527989208
9949561277108
9949594573208
9949627856908
9949661144508
9949694433908
9949727744208
9949761011408
9949794301308
9949827590008
9949860878508
9949894204608
9949927459908
9949960745608
9949994035408
9950027330008
9950060613508
9950093901408
9950127197308
9950160481008
9950193768808
9950227057908
9950260347208
9950293635608
9950326925308
9950360214008
9950393502808
9950426792408
9950460089908
9950493369608
9950526659408
9950559954508
9950593236708
9950626526608
9950659815708
9950693121908
9950726392708
9950759682508
9950792972608
9950826259908
9950859550008
9950892874508
9950926126908
9950959416708
9950992712408
9951025993808
9951059283708
9951092578408
9951125861208
9951159151608
9951192440308
9951225727708
9951259018008
9951292307308
9951325623608
9951358894708
9951392174108
9951425468908
9951458751208
9951492040808
9951525345008
9951558618108
9951591908008
9951625197108
9951658485008
9951691775208
9951725063708
9951758352208
9951791643408
9951824930608
9951858222208
9951891509108
9951924798408
9951958095808
9951991377008
9952024665208
9952057960908
9952091242508
9952124532608
9952157822108
9952191124808
9952224399508
9952257688608
9952290976508
9952324266608
9952357554608
9952390849408
9952424133708
9952457422108
9952490717108
9952524025508
9952557289308
9952590578808
9952623867608
9952657156708
9952690446508
9952723733708
9952757023708
9952790313108
9952823603908
9952856890708
9952890181208
9952923473608
9952956758208
9952990046908
9953023341208
9953056625108
9953089913608
9953123202108
9953156502908
9953189781308
9953223069108
9953256358508
9953289647708
9953322937108
9953356231008
9953389515008
9953422804708
9953456098308
9953489382208
9953522704808
9953555959008
9953589250808
9953622539008
9953655826108
9953689115908
9953722404308
9953755693408
9953788987608
9953822272308
9953855560708
9953888855908
9953922139308
9953955427408
9953988738108
9954022006508
9954055296708
9954088582908
9954121873508
9954155200408
9954188450508
9954221740308
9954255029108
9954288318008
9954321613108
9954354895208
9954388185008
9954421481708
9954454764008
9954488051708
9954521341908
9954554630708
9954587919008
9954621209108
9954654497708
9954687786508
9954721075308
9954754367608
9954787654508
9954820942008
9954854237508
9954887520908
9954920809108
9954954105008
9954987386408
9955020675808
9955053965908
9955087254808
9955120543208
9955153861308
9955187125808
9955220410008
9955253699808
9955286994308
9955320278008
9955353566008
9955386862108
9955420146108
9955453433408
9955486723208
9955520011808
9955553300008
9955586589908
9955619878908
9955653167708
9955686457008
9955719748508
9955753034508
9955786325608
9955819619408
9955852903308
9955886191408
9955919486308
9955952769608
9955986057408
9956019347208
9956052636808
9956085924408
9956119215608
9956152504508
9956185791808
9956219081208
9956252378108
9956285658708
9956318948708
9956352242808
9956385525808
9956418816508
9956452104708
9956485392808
9956518682408
9956551971708
9956585283408
9956618569708
9956651839008
9956685136408
9956718415808
9956751705908
9956785020708
9956818282808
9956851573208
9956884868008
9956918149908
9956951439908
9956984728008
9957018016908
9957051308008
9957084595708
9957117884408
9957151173508
9957184463008
9957217757408
9957251041508
9957284330008
9957317625608
9957350906908
9957384197108
9957417486508
9957450774508
9957484064208
9957517353208
9957550641408
9957583931308
9957617219108
9957650511208
9957683798108
9957717086808
9957750381708
9957783716308
9957816954308
9957850249208
9957883532308
9957916821408
9957950110608
9957983398808
9958016688208
9958049978408
9958083265708
9958116555608
9958149844608
9958183141908
9958216422408
9958249711508
9958283005908
9958316290008
9958349578308
9958382866708
9958416166508
9958449445208
9958482733408
9958516023608
9958549312708
9958582602008
9958615892608
9958649179808
9958682470308
9958715763008
9958749046608
9958782335908
9958815630008
9958848914208
9958882203608
9958915491508
9958948780908
9958982069608
9959015358208
9959048648608
9959081937008
9959115225208
9959148520308
9959181803908
9959215093608
9959248408508
9959281671108
9959314961308
9959348248008
9959381538308
9959414854608
9959448115408
9959481404908
9959514695408
9959547982408
9959581274908
9959614560508
9959647849508
9959681146608
9959714428208
9959747716408
9959781012208
9959814295308
9959847583608
9959880874208
9959914166508
9959947451508
9959980739608
9960014029608
9960047318708
9960080606408
9960113902108
9960147185008
9960180473608
9960213769508
9960247051508
9960280340708
9960313630708
9960346919308
9960380207808
9960413535008
9960446787308
9960480074708
9960513364708
9960546656308
9960579943208
9960613230708
9960646526208
9960679810808
9960713097908
9960746394008
9960779676708
9960812965208
9960846255108
9960879551308
9960912832308
9960946125508
9960979410708
9961012699308
9961045996508
9961079283308
9961112566308
9961145855408
9961179151108
9961212434608
9961245722508
9961279012408
9961312302108
9961345589108
9961378878808
9961412167508
9961445456408
9961478746208
9961512039108
9961545323108
9961578613508
9961611907508
9961645190708
9961678480708
9961711775708
9961745057708
9961778347208
9961811636308
9961844943408
9961878235908
9961911503508
9961944793208
9961978080608
9962011370508
9962044701508
9962077947708
9962111237708
9962144533008
9962177814808
9962211104908
9962244392708
9962277682008
9962310972808
9962344260008
9962377549208
9962410838308
9962444127508
9962477419308
9962510706008
9962543994908
9962577291108
9962610571808
9962643861908
9962677157508
9962710439008
9962743728508
9962777019008
9962810306308
9962843596208
9962876884108
9962910173208
9962943463008
9962976751308
9963010046208
9963043361708
9963076619608
9963109913808
9963143201108
9963176485908
9963209775108
9963243063108
9963276353308
9963309643508
9963342930608
9963376220308
9963409509108
9963442800008
9963476087008
9963509382408
9963542670308
9963575954508
9963609242908
9963642538008
9963675839208
9963709110608
9963742398508
9963775688208
9963808977508
9963842266708
9963875554208
9963908844608
9963942134808
9963975427408
9964008711208
9964042000408
9964075294708
9964108578708
9964141868108
9964175155908
9964208445708
9964241734208
9964275022708
9964308313408
9964341601708
9964374890308
9964408186208
9964441468508
9964474757908
9964508073808
9964541335808
9964574625908
9964607919208
9964641203008
9964674523408
9964707780108
9964741070108
9964774359508
9964807647408
9964840937308
9964874225208
9964907514108
9964940811008
9964974093308
9965007381508
9965040677208
9965073960308
9965107248508
9965140538208
9965173827508
9965207116408
9965240404308
9965273694008
9965306983408
9965340271108
9965373563608
9965406849908
9965440138608
9965473434208
9965506716408
9965540005208
9965573302408
9965606583908
9965639872908
9965673171208
9965706451808
9965739740708
9965773029608
9965806318108
9965839609108
9965872895808
9965906194308
9965939474408
9965972762608
9966006058308
9966039342808
9966072629908
9966105919908
9966139223708
9966172496908
9966205786608
9966239075408
9966272364108
9966305670108
9966338945008
9966372231008
9966405520608
9966438815508
9966472098908
9966505386708
9966538683108
9966571966908
9966605257508
9966638543708
9966671832608
9966705121408
9966738410908
9966771700308
9966804988008
9966838278008
9966871572108
9966904855508
9966938145308
9966971440108
9967004722608
9967038011908
9967071301608
9967104603908
9967137878208
9967171168308
9967204458208
9967237745608
9967271035508
9967304355508
9967337612508
9967370902708
9967404197808
9967437479508
9967470769208
9967504064108
9967537346508
9967570637608
9967603925508
9967637217208
9967670503308
9967703792408
9967737108408
9967770371008
9967803659208
9967836954708
9967870237108
9967903526508
9967936822108
9967970103908
9968003393408
9968036682808
9968069970708
9968103260508
9968136548908
9968169838108
9968203128108
9968236416008
9968269707308
9968303029008
9968336337608
9968369578508
9968402862808
9968436151308
9968469446708
9968502728008
9968536018008
9968569308308
9968602595208
9968635885408
9968669173908
9968702462408
9968735751808
9968769056708
9968802334908
9968835619108
9968868907708
9968902202408
9968935505508
9968968775008
9969002064208
9969035353008
9969068641908
9969101931808
9969135219108
9969168509208
9969201798608
9969235088608
9969268376108
9969301666308
9969334958808
9969368259408
9969401532808
9969434826308
9969468110508
9969501399108
9969534687508
9969567978008
9969601266708
9969634554808
9969667844408
9969701133908
9969734422808
9969767716308
9969801000408
9969834290308
9969867583508
9969900867608
9969934179108
9969967445208
9970000734708
9970034023808
9970067312008
9970100602008
9970133890108
9970167178908
9970200472608
9970233758008
9970267046408
9970300341308
9970333625108
9970366913208
9970400209208
9970433492108
9970466782308
9970500068808
9970533359008
9970566654908
9970599936208
9970633225808
9970666514508
9970699803408
9970733098508
9970766381508
9970799670308
9970832966608
9970866262308
9970899539108
9970932826908
9970966116708
9970999404708
9971032695408
9971065983308
9971099272508
9971132560108
9971165852708
9971199140108
9971232427708
9971265723208
9971299006508
9971332294408
9971365590808
9971398893508
9971432161908
9971465451408
9971498740508
9971532028808
9971565356508
9971598607708
9971631895908
9971665185508
9971698480208
9971731763308
9971765051908
9971798347508
9971831631608
9971864918908
9971898209208
9971931497308
9971964785808
9971998075508
9972031365208
9972064652808
9972097942808
9972131233608
9972164520008
9972197809808
9972231104808
9972264387908
9972297676808
9972330971908
9972364258808
9972397543108
9972430832808
9972464123008
9972497410508
9972530700008
9972564037208
9972597288808
9972630567208
9972663863608
9972697144508
9972730434108
9972763728408
9972797011408
9972830302108
9972863589908
9972896878408
9972930168208
9972963456908
9972996768208
9973030035708
9973063324208
9973096616008
9973129901308
9973163191708
9973196487008
9973229768508
9973263058108
9973296353808
9973329635508
9973362925708
9973396213708
9973429503008
9973462792708
9973496081508
9973529369708
9973562659408
9973595948508
9973629246408
9973662527108
9973695815708
9973729110908
9973762392408
9973795682808
9973828976008
9973862261308
9973895550008
9973928838308
9973962126808
9973995416608
9974028733508
9974061995408
9974095283708
9974128572008
9974161866808
9974195182508
9974228439508
9974261735308
9974295017908
9974328306708
9974361596208
9974394885408
9974428174008
9974461463708
9974494751308
9974528041308
9974561329608
9974594623708
9974627908408
9974661197208
9974694491408
9974727775408
9974761063608
9974794352508
9974827642408
9974860931408
9974894219608
9974927509008
9974960798508
9974994087408
9975027377708
9975060665608
9975093955308
9975127265708
9975160532508
9975193877808
9975227116008
9975260399508
9975293688708
9975326976808
9975360267008
9975393554808
9975426843508
9975460134208
9975493422608
9975526710908
9975560007708
9975593296408
9975626579208
9975659876508
9975693156708
9975726446708
9975759734008
9975793023908
9975826328608
9975859601008
9975892891308
9975926180408
9975959468108
9975992759608
9976026045708
9976059334808
9976092631808
9976125914308
9976159202208
9976192498108
9976225780908
9976259069008
9976292359908
9976325648108
9976358937408
9976392225408
9976425515408
9976458804508
9976492092308
9976525387708
9976558670708
9976591959308
9976625257908
9976658559008
9976691826508
9976725116308
9976758404908
9976791693808
9976825020908
9976858272508
9976891560608
9976924850508
9976958141208
9976991428108
9977024716508
9977058012108
9977091296308
9977124583408
9977157879908
9977191162208
9977224450708
9977257740308
9977291029708
9977324317908
9977357607908
9977390896108
9977424184808
9977457475008
9977490769508
9977524051908
9977557341608
9977590636008
9977623920008
9977657207708
9977690497808
9977723789308
9977757075008
9977790364608
9977823687708
9977856941608
9977890231908
9977923524708
9977956809008
9977990098908
9978023393308
9978056676008
9978089966908
9978123263908
9978156543108
9978189832508
9978223121908
9978256428608
9978289708008
9978322989208
9978356279708
9978389566208
9978422856208
9978456159408
9978489433408
9978522723508
9978556018608
9978589300408
9978622590508
9978655878108
9978689167708
9978722458408
9978755746508
9978789034308
9978822323708
9978855613308
9978888932708
9978922191908
9978955480108
9978988777108
9979022057808
9979055347808
9979088643508
9979121924508
9979155214608
9979188504508
9979221792008
9979255081308
9979288397408
9979321658608
9979354949208
9979388237508
9979421531808
9979454836708
9979488105008
9979521398708
9979554682408
9979587971808
9979621299808
9979654548708
9979687839008
9979721128808
9979754416308
9979787705908
9979820994708
9979854284508
9979887573308
9979920862008
9979954155708
9979987440108
9980020728908
9980054022908
9980087317208
9980120596208
9980153884208
9980187173908
9980220463308
9980253751808
9980287040408
9980320330108
9980353620308
9980386912908
9980420197208
9980453525608
9980486782308
9980520064608
9980553354008
9980586641508
9980619931608
9980653219408
9980686508808
9980719799108
9980753087308
9980786375308
9980819667008
9980852954608
9980886246508
9980919550308
9980952821508
9980986112408
9981019405008
9981052688108
9981085995808
9981119265508
9981152555508
9981185844308
9981219132708
9981252422408
9981285710808
9981318999608
9981352297308
9981385578308
9981418867008
9981452162108
9981485445708
9981518733808
9981552027708
9981585312108
9981618601908
9981651889808
9981685180008
9981718469408
9981751757208
9981785048108
9981818335908
9981851624208
9981884919808
9981918201808
9981951490908
9981984787708
9982018069608
9982051358008
9982084673608
9982117937208
9982151225308
9982184514908
9982217803808
9982251094708
9982284380908
9982317677008
9982350960508
9982384251708
9982417544208
9982450828408
9982484115408
9982517409108
9982550694208
9982583982308
9982617272208
9982650560608
9982683849508
9982717139008
9982750429908
9982783716808
9982817006208
9982850301108
9982883584708
9982916871908
9982950168608
9982983452108
9983016740108
9983050029508
9983083318408
9983116606708
9983149896708
9983183186208
9983216473608
9983249763508
9983283057708
9983316340808
9983349631608
9983382925108
9983416208108
9983449497308
9983482786608
9983516088908
9983549382008
9983582653808
9983615944208
9983649231108
9983682521008
9983715832608
9983749098408
9983782387308
9983815683608
9983848965408
9983882258208
9983915549408
9983948832408
9983982122808
9984015411208
9984048699108
9984081989008
9984115278108
9984148593308
9984181856308
9984215145108
9984248440308
9984281722008
9984315012008
9984348307808
9984381589508
9984414879208
9984448168108
9984481456508
9984514746208
9984548034408
9984581323308
9984614613408
9984647902208
9984681191808
9984714510408
9984747769308
9984781063608
9984814351908
9984847636408
9984880932408
9984914213908
9984947503708
9984980793608
9985014080808
9985047370508
9985080659508
9985113947808
9985147237708
9985180526808
9985213820708
9985247104908
9985280393808
9985313687308
9985346979708
9985380262408
9985413548808
9985446838908
9985480128108
9985513417108
9985546704708
9985579994608
9985613284508
9985646573108
9985679861908
9985713152108
9985746444908
9985779728808
9985813018708
9985846312208
9985879596208
9985912884308
9985946173008
9985979463908
9986012752308
9986046040108
9986079329808
9986112619308
9986145908408
9986179223508
9986212486408
9986245776508
9986279068908
9986312353208
9986345670608
9986378930008
9986412220808
9986445509008
9986478797608
9986512087208
9986545375108
9986578664608
9986611957608
9986645262208
9986678531608
9986711826808
9986745110508
9986778399208
9986811695608
9986844977508
9986878266808
9986911554608
9986944844708
9986978134008
9987011422008
9987044711608
9987078000508
9987111288908
9987144584108
9987177866808
9987211156208
9987244451908
9987277734208
9987311023008
9987344369108
9987377602108
9987410890108
9987444179908
9987477469008
9987510757908
9987544046008
9987577336908
9987610625708
9987643913108
9987677208608
9987710491608
9987743780108
9987777076308
9987810360808
9987843647408
9987876937208
9987910225808
9987943514508
9987976809408
9988010093808
9988043381408
9988076671408
9988109965908
9988143253008
9988176536908
9988209833108
9988243117308
9988276404508
9988309697608
9988342983408
9988376271408
9988409561708
9988442851208
9988476138508
9988509428408
9988542717808
9988576005708
9988609296308
9988642589908
9988675873108
9988709162108
9988742457408
9988775740908
9988809050608
9988842317508
9988875608408
9988908895808
9988942185508
9988975496608
9989008763108
9989042052808
9989075349008
9989108629908
9989141920008
9989175213308
9989208497008
9989241787908
9989275079108
9989308364308
9989341653008
9989374942708
9989408256608
9989441521508
9989474810108
9989508100308
9989541387408
9989574676808
9989607972308
9989641270808
9989674544008
9989707839508
9989741121408
9989774411008
9989807699108
9989840988108
9989874278008
9989907566708
9989940855408
9989974176208
9990007434108
9990040727908
9990074013108
9990107301208
9990140596508
9990173878208
9990207168408
9990240464908
9990273745308
9990307035108
9990340364708
9990373612508
9990406902708
9990440196108
9990473480508
9990506769708
9990540058708
9990573352008
9990606654608
9990639925308
9990673220408
9990706503308
9990739792908
9990773081608
9990806369608
9990839659508
9990872949908
9990906236608
9990939526808
9990972815608
9991006109108
9991039393808
9991072684108
9991105976608
9991139262208
9991172548608
9991205838308
9991239128708
9991272416008
9991305705008
9991338994708
9991372283508
9991405573008
9991438884408
9991472150708
9991505440608
9991538734008
9991572018008
9991605338108
9991638601408
9991671885208
9991705174108
9991738462408
9991771752008
9991805040608
9991838329408
9991871620008
9991904908008
9991938196808
9991971491208
9992004775308
9992038064408
9992071360108
9992104642008
9992137932408
9992171219308
9992204509308
9992237798608
9992271086608
9992304376408
9992337666208
9992370953508
9992404248008
9992437531408
9992470820508
9992504116408
9992537399208
9992570687608
9992604017608
9992637266908
9992670554908
9992703844808
9992737134008
9992770422708
9992803710908
9992837000508
9992870291208
9992903578008
9992936873208
9992970156508
9993003444808
9993036740408
9993070032908
9993103311908
9993136605108
9993169890508
9993203179208
9993236480708
9993269758408
9993303046008
9993336336008
9993369625208
9993402914308
9993436202408
9993469498008
9993502781808
9993536069308
9993569365408
9993602647808
9993635936308
9993669225708
9993702516208
9993735803408
9993769093008
9993802381408
9993835670408
9993868960808
9993902271108
9993935537408
9993968827408
9994002122108
9994035409608
9994068693108
9994101986508
9994135273608
9994168560608
9994201850508
9994235163008
9994268427708
9994301717208
9994335008408
9994368294408
9994401584308
9994434878308
9994468161508
9994501452908
9994534746608
9994568029008
9994601318308
9994634607508
9994667913808
9994701185708
9994734474608
9994767768808
9994801051908
9994834341308
9994867636708
9994900918908
9994934208808
9994967504308
9995000786208
9995034076108
9995067363908
9995100653008
9995133942708
9995167231908
9995200520208
9995233844208
9995267099508
9995300417908
9995333678408
9995366965708
9995400262208
9995433542608
9995466833108
9995500128608
9995533410008
9995566699908
9995599990508
9995633277108
9995666567108
9995699876508
9995733144608
9995766434308
9995799723108
9995833016508
9995866338108
9995899590508
9995932884708
9995966167908
9995999457008
9996032749308
9996066034408
9996099325108
9996132614708
9996165901508
9996199191808
9996232479908
9996265769108
9996299058308
9996332348408
9996365641308
9996398925708
9996432214308
9996465508708
9996498793208
9996532082008
9996565369608
9996598659608
9996631948708
9996665238108
9996698525608
9996731815608
9996765105808
9996798397908
9996831682208
9996864993308
9996898265908
9996931549808
9996964838408
9996998130708
9997031416908
9997064705708
9997097994108
9997131285008
9997164572408
9997197861108
9997231151508
9997264439408
9997297728108
9997331024008
9997364329508
9997397596308
9997430890608
9997464174508
9997497462808
9997530751208
9997564040908
9997597329808
9997630618108
9997663908408
9997697196508
9997730485608
9997763781108
9997797063908
9997830352208
9997863647908
9997896931108
9997930219808
9997963517008
9997996798408
9998030087508
9998063375508
9998096665308
9998129955608
9998163243008
9998196532808
9998229821508
9998263109908
9998296405108
9998329707108
9998362976708
9998396273408
9998429555008
9998462843908
9998496160208
9998529422608
9998562710908
9998596000608
9998629289408
9998662579008
9998695866508
9998729161908
9998762446008
9998795734308
9998829029508
9998862317008
9998895600808
9998928897308
9998962180208
9998995468308
9999028757608
9999062047008
9999095335908
9999128625608
9999161915008
9999195202408
9999228491708
9999261787008
9999295069508
9999328365708
9999361654308
9999394938208
9999428224708
9999461515008
9999494854208
9999528092508
9999561382008
9999594671108
9999627959208
9999661249208
9999694542108
9999727826608
9999761117208
9999794411108
9999827693408
9999860983308
9999894275208
9999927574108
9999960850308
9999994139508
10000027428408
10000060716508
10000094006608
10000127297808
10000160583608
10000193873608
10000227169108
10000260451008
10000293740708
10000327034608
10000360317908
10000393607708
10000426896408
10000460184708
10000493474508
10000526763608
10000560052308
10000593348008
10000626630908
10000659925508
10000693207808
10000726497808
10000759793608
10000793075508
10000826364908
10000859660008
10000892942108
10000926232008
10000959547108
10000992809508
10001026098708
10001059387508
10001092676408
10001125995708
10001159255208
10001192550008
10001225832508
10001259122008
10001292448608
10001325699708
10001358989008
10001392278908
10001425567208
10001458856308
10001492144908
10001525433608
10001558723108
10001592013208
10001625305008
10001658590108
10001691878908
10001725173308
10001758457708
10001791746708
10001825038108
10001858324208
10001891613308
10001924903008
10001958190308
10001991480908
10002024770408
10002058057608
10002091350608
10002124693808
10002157930608
10002191214808
10002224504808
10002257798108
10002291081508
10002324370308
10002357658808
10002390949608
10002424237408
10002457526408
10002490815508
10002524105208
10002557392908
10002590689908
10002623972008
10002657260808
10002690554508
10002723839008
10002757134308
10002790419608
10002823707308
10002856994808
10002890283308
10002923573308
10002956860908
10002990150408
10003023441508
10003056728708
10003090016908
10003123312708
10003156595608
10003189884408
10003223181308
10003256463208
10003289752208
10003323040608
10003356329708
10003389620008
10003422907308
10003456197308
10003489485808
10003522774308
10003556069108
10003589376408
10003622641508
10003655937508
10003689219508
10003722508908
10003755832008
10003789087708
10003822378808
10003855665308
10003888954308
10003922243608
10003955531508
10003988821708
10004022111508
10004055398808
10004088694108
10004121977108
10004155265708
10004188561608
10004221844408
10004255132808
10004288423008
10004321713008
10004354999808
10004388290008
10004421578708
10004454867108
10004488156708
10004521450608
10004554733808
10004588022808
10004621318808
10004654603208
10004687890108
10004721186108
10004754501608
10004787757208
10004821046908
10004854336808
10004887624408
10004920914208
10004954202508
10004987491608
10005020781808
10005054076108
10005087358408
10005120647608
10005153943508
10005187226508
10005220519508
10005253804208
10005287094408
10005320384508
10005353671408
10005386970408
10005420248808
10005453538508
10005486834308
10005520115608
10005553405408
10005586699408
10005619982208
10005653272408
10005686567308
10005719849608
10005753139308
10005786428608
10005819716508
10005853007308
10005886295408
10005919585508
10005952873108
10005986162408
10006019458608
10006052740008
10006086029408
10006119324508
10006152606708
10006185896508
10006219212508
10006252474108
10006285763708
10006319052508
10006352340708
10006385651808
10006418919908
10006452213108
10006485497708
10006518786808
10006552082008
10006585364108
10006618653508
10006651950208
10006685230908
10006718520708
10006751809908
10006785098108
10006818387908
10006851677208
10006884965608
10006918255208
10006951543208
10006984838308
10007018122108
10007051410708
10007084705008
10007117989108
10007151277808
10007184567208
10007217854908
10007251145308
10007284435308
10007317722108
10007351011908
10007384338808
10007417593808
10007450879808
10007484172308
10007517462508
10007550746108
10007584034308
10007617323108
10007650614308
10007683902408
10007717190608
10007750479808
10007783769608
10007817058808
10007850363308
10007883636608
10007916926808
10007950219108
10007983503508
10008016806508
10008050087108
10008083374308
10008116659708
10008149947708
10008183237808
10008216525508
10008249814808
10008283105608
10008316393708
10008349682608
10008382976408
10008416260208
10008449550008
10008482845408
10008516127508
10008549418508
10008582704708
10008615994908
10008649284708
10008682572008
10008715862308
10008749151908
10008782439308
10008815729008
10008849039108
10008882306508
10008915602608
10008948884708
10008982173108
10009015503408
10009048752208
10009082040508
10009115330308
10009148619308
10009181908108
10009215196008
10009248486008
10009281776108
10009315063308
10009348357508
10009381642108
10009414930308
10009448226008
10009481509208
10009514797908
10009548093408
10009581392708
10009614664508
10009647954308
10009681243708
10009714531608
10009747821308
10009781110708
10009814401108
10009847687808
10009880983508
10009914267808
10009947555208
10009980850808
10010014133508
10010047421808
10010080711608
10010114001808
10010147289308
10010180578908
10010213867408
10010247155708
10010280446408
10010313738908
10010347023108
10010380312508
10010413607008
10010446894108
10010480193008
10010513475508
10010546760608
10010580046008
10010613335908
10010646651608
10010679912908
10010713203308
10010746493008
10010779780408
10010813069808
10010846363708
10010879647208
10010912938208
10010946232308
10010979514708
10011012803808
10011046093408
10011079413408
10011112671708
10011145960008
10011179249608
10011212537308
10011245827008
10011279122308
10011312404608
10011345694308
10011378989208
10011412271408
10011445561508
10011478852908
10011512138808
10011545428708
10011578717408
10011612005508
10011645321208
10011678584508
10011711902408
10011745162608
10011778451508
10011811748108
10011845028608
10011878318508
10011911614408
10011944895808
10011978185508
10012011475608
10012044762908
10012078053108
10012111341708
10012144630008
10012177920308
10012211208608
10012244501408
10012277788608
10012311075908
10012344373508
10012377654208
10012410942808
10012444270008
10012477519608
10012510809908
10012544099608
10012577387408
10012610676908
10012643966008
10012677254308
10012710544308
10012743834108
10012777126708
10012810410908
10012843699508
10012876994408
10012910279408
10012943567108
10012976855508
10013010144708
10013043434408
10013076723408
10013110029208
10013143301608
10013176591508
10013209882508
10013243168308
10013276478508
10013309750908
10013343035308
10013376324408
10013409619208
10013442904508
10013476190608
10013509479408
10013542770308
10013576058308
10013609346308
10013642636308
10013675925608
10013709214108
10013742510408
10013775792308
10013809081908
10013842376008
10013875659408
10013908948908
10013942237208
10013975527108
10014008815108
10014042103908
10014075393208
10014108681808
10014141971408
10014175266208
10014208549808
10014241838108
10014275163008
10014308418708
10014341705108
10014375001508
10014408283808
10014441573208
10014474861408
10014508151208
10014541441008
10014574728108
10014608018308
10014641306808
10014674595308
10014707890308
10014741174408
10014774462408
10014807759008
10014841041008
10014874329508
10014907619308
10014940908208
10014974196608
10015007486008
10015040775208
10015074064608
10015107352308
10015140646108
10015173932008
10015207219708
10015240516808
10015273799408
10015307086708
10015340382408
10015373666508
10015406953408
10015440243708
10015473532508
10015506820708
10015540111308
10015573399808
10015606687808
10015639977508
10015673272308
10015706554708
10015739865308
10015773140108
10015806423608
10015839710808
10015873000708
10015906322208
10015939578008
10015972867708
10016006156608
10016039448308
10016072734808
10016106027508
10016139311808
10016172603208
10016205896908
10016239179208
10016272471508
10016305764108
10016339047408
10016372336108
10016405625008
10016438914208
10016472202108
10016505492108
10016538781708
10016572069308
10016605359208
10016638654708
10016671936208
10016705226108
10016738520108
10016771803908
10016805093008
10016838381708
10016871670508
10016904988708
10016938249108
10016971537608
10017004827508
10017038116308
10017071409808
10017104693408
10017137983308
10017171279508
10017204560808
10017237850408
10017271146108
10017304427708
10017337717408
10017371006008
10017404295208
10017437584708
10017470873208
10017504161908
10017537478208
10017570740708
10017604034508
10017637318208
10017670607508
10017703934208
10017737184208
10017770474908
10017803765308
10017837052408
10017870341808
10017903630608
10017936918908
10017970208608
10018003498208
10018036790108
10018070075408
10018103364408
10018136659108
10018169944108
10018203231808
10018236526808
10018269809708
10018303099408
10018336388308
10018369698108
10018402966208
10018436256008
10018469543608
10018502833108
10018536143808
10018569415808
10018602699708
10018635990408
10018669283308
10018702567308
10018735855508
10018769144208
10018802435108
10018835723508
10018869011208
10018902301108
10018935590108
10018968878308
10019002173508
10019035457608
10019068746608
10019102040208
10019135324408
10019168614108
10019201907608
10019235192908
10019268480108
10019301768908
10019335058508
10019368346108
10019401635908
10019434925208
10019468214208
10019501502908
10019534848508
10019568081908
10019601369908
10019634668308
10019667948808
10019701237808
10019734525708
10019767815708
10019801105808
10019834392808
10019867682508
10019900972008
10019934260008
10019967554108
10020000840308
10020034127308
10020067422608
10020100705308
10020133993908
10020167292208
10020200572608
10020233861308
10020267150608
10020300440208
10020333729108
10020367016808
10020400306908
10020433597308
10020466884008
10020500179708
10020533465808
10020566751308
10020600047508
10020633330908
10020666618208
10020699908308
10020733196608
10020766485808
10020799775608
10020833064508
10020866353008
10020899641808
10020932934808
10020966219808
10020999530808
10021032804508
10021066088208
10021099375808
10021132672008
10021165992108
10021199242708
10021232532408
10021265821508
10021299109608
10021332399608
10021365688108
10021398977108
10021432267508
10021465561308
10021498843908
10021532133608
10021565430508
10021598712008
10021632001308
10021665289708
10021698582008
10021731866608
10021765156608
10021798445708
10021831733908
10021865023908
10021898318608
10021931600808
10021964891008
10021998184708
10022031482208
10022064757808
10022098053208
10022131335308
10022164681708
10022197914208
10022231202408
10022264492608
10022297781008
10022331069808
10022364358108
10022397648208
10022430944208
10022464225508
10022497515308
10022530809908
10022564092408
10022597382108
10022630682808
10022663959508
10022697249308
10022730537708
10022763826208
10022797128708
10022830405208
10022863697708
10022896983008
10022930272408
10022963596108
10022996849108
10023030139408
10023063435708
10023096716708
10023130006608
10023163295308
10023196583808
10023229873608
10023263163408
10023296451008
10023329740808
10023363029508
10023396323608
10023429608508
10023462896408
10023496191008
10023529474508
10023562763808
10023596053008
10023629364508
10023662630608
10023695921208
10023729207608
10023762501408
10023795843708
10023829079008
10023862365008
10023895653708
10023928947808
10023962232008
10023995520108
10024028815708
10024062099708
10024095388308
10024128676308
10024161966108
10024195255008
10024228543408
10024261833308
10024295122108
10024328411408
10024361705208
10024394989008
10024428278308
10024461572308
10024494856108
10024528145408
10024561433708
10024594723308
10024628011408
10024661300608
10024694590608
10024727878808
10024761167808
10024794492108
10024827746108
10024861035808
10024894332808
10024927613208
10024960903708
10024994196908
10025027480708
10025060769408
10025094057808
10025127347608
10025160638008
10025193924508
10025227214808
10025260514908
10025293792008
10025327087908
10025360370108
10025393659108
10025426963108
10025460237708
10025493526208
10025526815508
10025560104708
10025593394108
10025626681608
10025659972108
10025693261808
10025726548908
10025759842208
10025793127608
10025826416308
10025859711808
10025892996008
10025926283508
10025959579008
10025992861408
10026026150208
10026059440708
10026092729408
10026126017108
10026159307008
10026192595508
10026225884308
10026259194808
10026292469008
10026325753108
10026359040508
10026392336208
10026425640708
10026458907708
10026492197408
10026525486008
10026558774608
10026592064408
10026625352608
10026658641708
10026691932408
10026725223908
10026758511508
10026791797808
10026825093008
10026858378708
10026891665808
10026924960508
10026958244008
10026991531708
10027024821608
10027058110408
10027091398908
10027124688708
10027157977808
10027191265708
10027224555808
10027257849308
10027291133008
10027324422208
10027357717108
10027390999708
10027424321608
10027457578608
10027490867108
10027524157908
10027557446308
10027590735208
10027624022808
10027657313008
10027690607008
10027723890108
10027757180308
10027790474408
10027823757208
10027857046708
10027890352008
10027923624008
10027956914108
10027990202908
10028023491208
10028056800908
10028090070208
10028123387408
10028156647908
10028189936908
10028223232708
10028256514008
10028289804208
10028323099608
10028356381308
10028389671108
10028422961208
10028456248408
10028489538208
10028522827808
10028556115708
10028589405208
10028622693708
10028655986108
10028689272908
10028722561708
10028755855308
10028789138908
10028822428608
10028855755308
10028889005608
10028922295708
10028955585708
10028988872408
10029022162908
10029055497108
10029088739908
10029122029808
10029155318708
10029188612908
10029221896708
10029255185008
10029288480408
10029321764708
10029355052908
10029388340908
10029421630508
10029454919708
10029488208408
10029521501208
10029554786908
10029588075808
10029621367708
10029654653708
10029687942608
10029721236608
10029754521008
10029787809508
10029821104308
10029854387608
10029887676308
10029920965208
10029954255308
10029987543508
10030020832008
10030054121908
10030087411508
10030120699408
10030153997408
10030187278108
10030220567208
10030253861108
10030287145408
10030320435008
10030353722408
10030387012408
10030420301208
10030453589408
10030486879708
10030520181708
10030553456608
10030586750208
10030620035308
10030653323508
10030686632508
10030719902408
10030753190608
10030786487208
10030819769408
10030853058508
10030886347008
10030919636108
10030952926208
10030986214208
10031019506608
10031052792308
10031086080808
10031119376508
10031152660308
10031185947508
10031219244408
10031252526108
10031285815008
10031319105808
10031352393408
10031385682008
10031418971708
10031452260408
10031485550408
10031518838108
10031552131408
10031585418108
10031618704908
10031652000508
10031685312008
10031718571908
10031751868008
10031785152008
10031818439108
10031851728908
10031885017808
10031918305908
10031951597608
10031984885208
10032018173508
10032051462908
10032084758008
10032118040608
10032151330408
10032184625508
10032217908608
10032251196308
10032284486508
10032317775108
10032351064008
10032384353308
10032417642508
10032450930508
10032484220808
10032517511708
10032550797308
10032584087508
10032617382008
10032650664708
10032683988108
10032717249808
10032750546908
10032783822108
10032817110108
10032850400208
10032883687708
10032916977508
10032950267308
10032983559708
10033016844808
10033050139208
10033083422408
10033116711608
10033150023808
10033183288708
10033216578608
10033249867608
10033283155808
10033316469508
10033349735008
10033383023108
10033416312908
10033449602008
10033482923608
10033516178708
10033549468708
10033582765008
10033616046608
10033649336108
10033682630708
10033715913208
10033749203308
10033782492308
10033815780008
10033849070208
10033882358708
10033915647208
10033948937608
10033982226208
10034015519808
10034048804108
10034082092908
10034115418908
10034148670008
10034181960308
10034215250308
10034248541908
10034281827108
10034315146708
10034348404608
10034381694708
10034414983308
10034448275008
10034481561808
10034514849908
10034548145008
10034581429508
10034614717408
10034648012008
10034681295208
10034714584408
10034747873908
10034781162608
10034814451308
10034847741608
10034881028908
10034914318608
10034947610708
10034980901508
10035014186008
10035047475908
10035080769108
10035114052508
10035147340908
10035180630008
10035213919508
10035247208808
10035280497008
10035313786808
10035347076208
10035380364108
10035413659108
10035446942908
10035480232308
10035513529408
10035546810308
10035580099608
10035613393408
10035646676808
10035679966308
10035713254108
10035746544008
10035779853308
10035813121408
10035846411008
10035879699808
10035912988308
10035946304808
10035979566808
10036012855308
10036046152208
10036079434308
10036112723408
10036146012008
10036179301308
10036212591308
10036245878208
10036279168308
10036312457208
10036345745608
10036379038508
10036412325008
10036445612708
10036478908408
10036512190608
10036545479608
10036578776208
10036612059208
10036645346808
10036678636508
10036711925808
10036745214808
10036778502208
10036811792708
10036845082708
10036878369708
10036911665808
10036944998908
10036978236808
10037011532808
10037044815208
10037078104008
10037111393808
10037144682308
10037177970708
10037211262408
10037244549908
10037277838208
10037311127908
10037344419908
10037377705508
10037410995008
10037444289608
10037477574608
10037510861208
10037544157708
10037577444008
10037610728208
10037644018208
10037677307308
10037710595108
10037743885408
10037777173108
10037810462508
10037843752008
10037877046608
10037910329708
10037943618908
10037976914108
10038010204808
10038043486708
10038076775108
10038110065708
10038143352308
10038176642308
10038209931708
10038243219708
10038276509508
10038309803308
10038343086908
10038376376308
10038409692108
10038442954008
10038476243708
10038509538308
10038542821008
10038576139608
10038609399408
10038642687808
10038675977508
10038709266508
10038742559608
10038775844108
10038809133708
10038842429508
10038875710908
10038909000508
10038942295508
10038975591308
10039008867808
10039042157108
10039075445308
10039108734708
10039142023908
10039175312008
10039208605308
10039241891008
10039275182408
10039308468508
10039341758308
10039375081308
10039408335008
10039441624808
10039474921308
10039508202108
10039541492408
10039574818408
10039608069408
10039641359208
10039674648108
10039707936108
10039741226608
10039774514308
10039807808708
10039841094108
10039874382608
10039907676308
10039940959908
10039974249408
10040007538508
10040040834708
10040074116108
10040107405308
10040140693408
10040173983508
10040207278008
10040240566808
10040273850608
10040307139708
10040340433108
10040373717708
10040407005508
10040440300808
10040473585708
10040506873408
10040540161608
10040573451208
10040606740508
10040640028808
10040673319508
10040706608508
10040739897108
10040773190708
10040806474908
10040839765008
10040873057908
10040906341708
10040939630008
10040972919208
10041006209108
10041039518108
10041072786408
10041106076108
10041139364408
10041172652908
10041205965008
10041239231708
10041272520308
10041305816508
10041339098408
10041372389208
10041405682308
10041438965608
10041472255408
10041505543208
10041538832508
10041572122908
10041605410708
10041638699908
10041671989708
10041705277208
10041738590008
10041771855508
10041805145008
10041838440808
10041871723508
10041905011308
10041938301408
10041971590308
10042004879608
10042038167308
10042071457308
10042104747808
10042138034808
10042171327008
10042204646208
10042237901808
10042271197808
10042304480208
10042337768608
10042371064908
10042404347508
10042437635708
10042470926408
10042504214608
10042537503108
10042570792208
10042604082008
10042637369608
10042670664808
10042703954408
10042737238208
10042770525808
10042803821808
10042837122908
10042870392808
10042903682808
10042936971708
10042970260008
10043003550308
10043036837908
10043070127208
10043103417308
10043136708408
10043169994208
10043203283708
10043236597408
10043269862808
10043303151808
10043336446008
10043369728808
10043403017108
10043436306808
10043469597008
10043502884308
10043536174108
10043569462708
10043602751208
10043636041308
10043669357008
10043702618308
10043735908508
10043769203508
10043802485408
10043835812208
10043869064408
10043902352208
10043935651508
10043968931108
10044002220908
10044035508508
10044068798608
10044102092008
10044135375908
10044168665208
10044201960108
10044235242908
10044268532708
10044301828308
10044335109908
10044368399708
10044401688008
10044434976608
10044468266708
10044501559708
10044534872408
10044568133308
10044601422508
10044634718108
10044667999908
10044701289708
10044734585508
10044767866908
10044801157208
10044834487108
10044867734008
10044901023908
10044934314008
10044967607708
10045000890908
10045034179408
10045067471108
10045100759008
10045134047108
10045167341108
10045200625108
10045233913908
10045267241808
10045300500208
10045333780808
10045367071408
10045400358708
10045433648008
10045466961508
10045500225408
10045533515508
10045566804008
10045600097908
10045633382308
10045666670308
10045699965608
10045733250308
10045766538008
10045799826508
10045833117708
10045866405308
10045899694208
10045932984208
10045966272808
10045999577308
10046032851808
10046066139908
10046099428908
10046132722208
10046166006808
10046199295608
10046232590108
10046265873508
10046299183508
10046332451008
10046365740708
10046399028908
10046432317908
10046465637008
10046498896608
10046532185008
10046565481208
10046598764008
10046632052508
10046665346908
10046698630708
10046731921308
10046765207908
10046798497908
10046831786408
10046865075008
10046898365208
10046931653808
10046964942008
10046998235208
10047031520708
10047064809008
10047098105708
10047131388108
10047164676108
10047197972708
10047231255108
10047264544808
10047297832308
10047331122008
10047364412008
10047397699508
10047430991008
10047464311408
10047497569608
10047530861808
10047564146008
10047597433408
10047630729208
10047664011708
10047697300208
10047730591308
10047763880008
10047797167908
10047830457308
10047863746308
10047897035808
10047930334208
10047963615808
10047996903408
10048030190408
10048063486008
10048096790108
10048130057808
10048163353808
10048196636808
10048229924908
10048263214608
10048296502808
10048329791808
10048363086508
10048396370608
10048429658908
10048462948508
10048496243608
10048529526008
10048562816408
10048596110808
10048629393908
10048662681708
10048695972108
10048729260908
10048762549008
10048795839208
10048829128108
10048862416508
10048895705608
10048929019308
10048962283008
10048995575008
10049028867108
10049062150508
10049095475408
10049128735008
10049162018908
10049195307408
10049228595708
10049261885608
10049295172908
10049328463708
10049361753308
10049395040308
10049428330108
10049461624808
10049494907208
10049528197608
10049561493208
10049594774608
10049628064208
10049661352908
10049694641508
10049727931208
10049761220308
10049794508708
10049827798308
10049861087608
10049894407808
10049927664608
10049960954508
10049994250608
10050027531508
10050060821608
10050094150608
10050127398708
10050160688708
10050193980008
10050227265608
10050260559508
10050293844008
10050327133408
10050360423508
10050393711708
10050427005808
10050460289708
10050493592008
10050526903108
10050560170708
10050593446108
10050626739808
10050660024508
10050693313008
10050726625408
10050759890108
10050793180208
10050826468908
10050859759808
10050893046708
10050926335008
10050959630408
10050992915008
10051026202608
10051059497808
10051092781108
10051126070508
10051159359208
10051192648708
10051225937308
10051259227708
10051292514508
10051325804508
10051359093508
10051392387408
10051425671408
10051458961508
10051492255008
10051525538408
10051558826408
10051592115608
10051625405408
10051658694008
10051691982508
10051725298008
10051758565408
10051791849908
10051825142508
10051858428708
10051891717708
10051925011608
10051958295608
10051991585508
10052024878608
10052058163008
10052091451608
10052124739608
10052158029808
10052191318808
10052224606908
10052257896908
10052291185608
10052324473908
10052357770008
10052391052808
10052424340908
10052457637708
10052490919808
10052524209408
10052557496908
10052590786708
10052624076608
10052657364208
10052690654208
10052723976708
10052757230808
10052790523208
10052823810908
10052857098108
10052890393508
10052923676208
10052956965408
10052990262708
10053023544208
10053056833008
10053090122108
10053123410608
10053156699308
10053190012108
10053223278108
10053256573208
10053289855508
10053323151408
10053356456808
10053389722508
10053423018308
10053456301308
10053489593008
10053522879208
10053556167808
10053589456508
10053622747508
10053656035708
10053689323708
10053722613508
10053755904608
10053789190808
10053822481108
10053855775108
10053889058808
10053922346808
10053955642808
10053988926408
10054022213908
10054055503708
10054088792708
10054122080908
10054155371008
10054188658708
10054221947708
10054255238008
10054288531808
10054321815108
10054355127008
10054388399608
10054421689208
10054454971808
10054488260808
10054521551108
10054554837708
10054588128008
10054621417308
10054654705408
10054687995008
10054721288108
10054754571908
10054787862208
10054821156608
10054854439008
10054887728908
10054921023908
10054954306408
10054987600308
10055020884808
10055054173508
10055087462508
10055120752608
10055154067308
10055187329408
10055220619208
10055253915608
10055287196108
10055320486308
10055353780708
10055387063608
10055420353408
10055453643008
10055486930508
10055520220608
10055553508508
10055586798008
10055620088308
10055653376808
10055686666808
10055719954408
10055753243508
10055786567608
10055819841308
10055853111008
10055886407308
10055919687908
10055952977708
10055986292008
10056019554908
10056052844508
10056086133608
10056119422108
10056152711708
10056185999708
10056219294708
10056252579608
10056285867208
10056319162008
10056352445708
10056385734408
10056419023208
10056452315408
10056485622108
10056518891308
10056552179508
10056585468908
10056618758708
10056652048408
10056685336008
10056718624608
10056751918608
10056785203308
10056818491308
10056851786308
10056885069908
10056918358708
10056951647008
10056984987608
10057018226108
10057051514908
10057084804308
10057118093508
10057151382608
10057184676108
10057217960208
10057251250808
10057284543408
10057317827708
10057351116108
10057384404608
10057417694408
10057450983208
10057484271808
10057517561608
10057550850008
10057584138708
10057617431108
10057650717208
10057684005708
10057717301808
10057750584908
10057783874008
10057817167908
10057850451308
10057883741208
10057917029108
10057950318908
10057983608808
10058016895908
10058050186008
10058083475408
10058116762808
10058150058408
10058183341008
10058216629908
10058249926808
10058283208708
10058316497208
10058349786208
10058383075708
10058416365008
10058449681208
10058482942808
10058516233008
10058549519608
10058582812108
10058616128908
10058649387608
10058682683008
10058715966208
10058749253908
10058782550308
10058815831808
10058849121508
10058882412008
10058915700508
10058948988208
10058982277808
10059015566908
10059048855608
10059082145608
10059115439708
10059148723408
10059182011608
10059215307308
10059248595108
10059281878508
10059315168408
10059348456908
10059381745608
10059415035208
10059448323408
10059481612808
10059514902508
10059548192808
10059581479808
10059614805008
10059648064608
10059681346808
10059714636908
10059747931908
10059781215008
10059814502708
10059847792708
10059881082608
10059914370108
10059947659608
10059980948708
10060014236808
10060047527508
10060080821508
10060114104108
10060147393908
10060180688508
10060213970908
10060247264808
10060280550108
10060313838008
10060347127908
10060380416908
10060413728008
10060446993808
10060480284308
10060513576908
10060546861308
10060580151408
10060613445608
10060646728508
10060680018108
10060713315008
10060746595208
10060779885208
10060813174108
10060846462508
10060879752908
10060913041108
10060946329508
10060979643508
10061012908308
10061046203808
10061079506808
10061112775508
10061146070908
10061179352408
10061212642508
10061245964008
10061279219508
10061312509408
10061345799808
10061379086908
10061412376508
10061445667108
10061478955608
10061512245008
10061545532608
10061578826408
10061612110308
10061645399908
10061678694208
10061711978408
10061745266608
10061778556108
10061811843808
10061845133908
10061878422808
10061911711008
10061945000608
10061978289808
10062011583208
10062044867708
10062078156008
10062111451208
10062144734808
10062178023408
10062211312108
10062244655708
10062277891008
10062311179508
10062344468708
10062377757708
10062411047508
10062444337008
10062477625208
10062510915008
10062544207808
10062577492408
10062610781108
10062644075508
10062677359408
10062710648408
10062743936108
10062777226408
10062810515008
10062843803508
10062877099708
10062910382308
10062943681508
10062976967008
10063010249308
10063043538808
10063076832108
10063110116708
10063143406008
10063176693808
10063209983608
10063243272208
10063276560608
10063309850508
10063343140008
10063376427708
10063409719408
10063443005608
10063476294908
10063509591908
10063542873108
10063576162008
10063609457608
10063642740408
10063676028908
10063709346008
10063742607708
10063775898008
10063809185008
10063842474708
10063875795808
10063909052308
10063942347508
10063975630908
10064008919108
10064042214808
10064075497008
10064108786008
10064142083608
10064175364908
10064208656508
10064241943008
10064275232208
10064308521308
10064341810708
10064375100708
10064408389308
10064441676608
10064474971808
10064508255308
10064541543508
10064574839708
10064608123108
10064641410208
10064674700108
10064707988308
10064741277308
10064774567408
10064807856108
10064841144708
10064874491108
10064907729408
10064941011608
10064974301508
10065007596208
10065040879108
10065074167508
10065107457608
10065140747508
10065174034508
10065207324008
10065240613208
10065273901508
10065307192008
10065340488108
10065373768608
10065407058808
10065440353008
10065473635708
10065506932908
10065540220608
10065573503108
10065606793008
10065640081508
10065673370808
10065706672408
10065739948408
10065773239008
10065806525508
10065839815908
10065873110008
10065906393108
10065939684208
10065972978708
10066006260008
10066039549808
10066072838108
10066106127708
10066139417908
10066172706008
10066205994508
10066239284308
10066272572908
10066305892208
10066339171708
10066372440108
10066405736308
10066439017708
10066472307308
10066505631408
10066538884208
10066572174108
10066605463508
10066638751408
10066672041508
10066705329308
10066738618508
10066771909208
10066805197208
10066838492008
10066871775108
10066905064508
10066938359008
10066971643008
10067004931508
10067038220608
10067071508608
10067104798508
10067138087508
10067171375708
10067204668608
10067237954808
10067271244008
10067304532508
10067337820508
10067371116108
10067404399708
10067437691408
10067470983008
10067504298208
10067537555608
10067570845008
10067604133708
10067637422908
10067670712608
10067703999808
10067737289908
10067770579008
10067803873008
10067837157008
10067870447108
10067903739808
10067937024008
10067970316608
10068003601408
10068036890908
10068070179408
10068103468308
10068136767208
10068170047008
10068203335408
10068236627108
10068269914308
10068303203608
10068336496508
10068369781008
10068403070908
10068436364508
10068469648308
10068502936908
10068536225208
10068569515408
10068602805008
10068636092708
10068669382408
10068702670608
10068735959508
10068769256608
10068802538508
10068835826508
10068869122208
10068902405808
10068935694208
10068969010608
10069002272008
10069035562708
10069068849908
10069102139408
10069135462708
10069168716608
10069202008108
10069235295908
10069268583608
10069301879508
10069335161808
10069368450808
10069401747908
10069435029308
10069468317808
10069501607208
10069534896508
10069568185008
10069601475408
10069634763908
10069668052908
10069701341108
10069734636508
10069767920208
10069801207908
10069834503408
10069867786508
10069901074908
10069934364908
10069967653108
10070000942408
10070034232308
10070067520808
10070100809408
10070134155108
10070167389408
10070200676508
10070233967208
10070267260608
10070300544508
10070333832108
10070367128108
10070400412008
10070433709308
10070466989208
10070500278308
10070533566208
10070566856508
10070600155908
10070633433508
10070666723508
10070700017508
10070733300508
10070766601008
10070799884708
10070833173808
10070866457508
10070899746208
10070933037508
10070966323608
10070999614008
10071032902608
10071066190808
10071099480708
10071132772008
10071166057708
10071199348008
10071232643508
10071265924908
10071299214808
10071332509108
10071365791808
10071399082708
10071432370708
10071465658908
10071498949008
10071532237608
10071565552808
10071598837308
10071632105008
10071665401108
10071698704308
10071731972208
10071765297208
10071798548908
10071831839108
10071865131708
10071898416208
10071931706308
10071964994708
10071998283208
10072031574308
10072064862108
10072098151508
10072131439808
10072164729308
10072198052308
10072231307808
10072264596408
10072297891908
10072331172908
10072364463608
10072397752408
10072431040508
10072464330208
10072497619508
10072530907808
10072564197508
10072597485608
10072630780108
10072664064508
10072697353208
10072730646808
10072763965108
10072797220508
10072830508708
10072863799408
10072897087808
10072930376408
10072963664708
10072996954408
10073030244408
10073063532908
10073096821908
10073130110408
10073163405008
10073196691908
10073229983008
10073263271808
10073296555808
10073329844708
10073363133008
10073396436008
10073429712408
10073463000008
10073496289808
10073529579108
10073562867808
10073596161408
10073629446108
10073662736008
10073696028508
10073729312708
10073762602008
10073795890008
10073829181708
10073862469408
10073895756908
10073929046808
10073962335308
10073995624008
10074028916508
10074062203408
10074095491408
10074128787008
10074162070508
10074195359508
10074228675608
10074261937208
10074295227208
10074328514308
10074361804108
10074395128708
10074428381408
10074461671008
10074494961508
10074528248308
10074561544408
10074594826708
10074628115808
10074661413108
10074694697408
10074727983008
10074761276008
10074794561408
10074827849908
10074861139508
10074894428608
10074927717708
10074961005608
10074994296908
10075027584808
10075060872708
10075094168508
10075127451608
10075160739808
10075194036008
10075227318008
10075260606808
10075293896708
10075327187108
10075360474308
10075393803508
10075427053108
10075460341508
10075493631808
10075526924808
10075560209108
10075593496708
10075626793108
10075660077008
10075693364408
10075726657508
10075759944408
10075793231008
10075826521308
10075859821308
10075893098208
10075926387708
10075959678208
10075992965308
10076026267008
10076059551608
10076092832408
10076126122008
10076159417808
10076192700408
10076225988208
10076259278508
10076292568608
10076325855808
10076359145208
10076392433908
10076425722608
10076459012108
10076492308508
10076525589608
10076558879308
10076592173708
10076625456508
10076658746808
10076692038808
10076725323408
10076758613408
10076791902708
10076825213008
10076858502608
10076891769708
10076925060808
10076958346608
10076991636508
10077024969408
10077058213908
10077091504208
10077124799208
10077158080608
10077191370908
10077224658908
10077257948208
10077291238908
10077324526908
10077357815208
10077391104708
10077424393908
10077457720208
10077490972208
10077524260608
10077557557208
10077590838008
10077624127808
10077657420408
10077690716208
10077723995108
10077757285208
10077790572208
10077823862208
10077857150108
10077890440508
10077923729308
10077957017608
10077990312208
10078023630208
10078056885208
10078090179708
10078123467108
10078156751808
10078190041408
10078223329408
10078256619008
10078289909208
10078323196508
10078356486508
10078389775408
10078423069008
10078456353308
10078489649108
10078522936308
10078556220608
10078589509108
10078622797908
10078656108708
10078689376408
10078722664808
10078755954208
10078789243508
10078822532908
10078855821408
10078889110908
10078922401008
10078955709808
10078988977708
10079022267108
10079055560608
10079088844908
10079122134208
10079155421908
10079188711508
10079222000508
10079255289108
10079288579708
10079321868208
10079355156208
10079388451908
10079421735108
10079455024308
10079488339608
10079521601508
10079554892508
10079588178908
10079621469108
10079654795508
10079688046508
10079721336408
10079754625308
10079787913108
10079821204308
10079854491208
10079887780508
10079921077508
10079954359408
10079987647808
10080020943108
10080054226208
10080087514408
10080120804808
10080154093708
10080187382608
10080220670308
10080253960508
10080287249308
10080320537708
10080353832708
10080387116208
10080420404808
10080453703208
10080486982308
10080520271608
10080553568108
10080586850108
10080620138608
10080653468008
10080686717508
10080720006708
10080753296608
10080786585708
10080819875108
10080853161708
10080886457308
10080919740608
10080953029108
10080986325608
10081019608508
10081052896008
10081086186008
10081119483408
10081152763208
10081186052808
10081219341608
10081252629908
10081285931608
10081319213708
10081352497308
10081385786408
10081419081308
10081452365008
10081485652908
10081518946208
10081552233108
10081585520508
10081618810308
10081652099008
10081685387008
10081718677208
10081751968908
10081785254108
10081818544608
10081851838308
10081885121208
10081918411808
10081951707108
10081984988508
10082018278008
10082051567408
10082084873008
10082118166208
10082151433908
10082184727308
10082218011708
10082251301208
10082284633608
10082317878608
10082351168308
10082384463808
10082417745808
10082451035508
10082484327508
10082517612308
10082550903908
10082584190908
10082617479808
10082650769308
10082684058508
10082717376708
10082750636908
10082783925208
10082817220908
10082850502608
10082883793408
10082917088308
10082950370208
10082983659608
10083016948608
10083050237108
10083083527008
10083116814808
10083150103808
10083183393808
10083216682808
10083249976008
10083283293708
10083316550108
10083349844208
10083383131608
10083416416608
10083449716408
10083482994208
10083516284108
10083549574108
10083582861308
10083616151208
10083649440208
10083682732208
10083716018408
10083749312708
10083782600908
10083815885408
10083849173308
10083882469208
10083915773708
10083949041508
10083982330008
10084015619208
10084048907808
10084082198008
10084115485508
10084148775508
10084182064908
10084215357108
10084248642408
10084281932408
10084315225408
10084348509408
10084381798808
10084415086608
10084448378508
10084481664808
10084514953808
10084548244408
10084581532808
10084614820908
10084648111208
10084681399708
10084714688608
10084748004508
10084781266708
10084814556808
10084847849908
10084881133708
10084914457508
10084947711008
10084981000708
10085014289608
10085047577708
10085080867908
10085114155908
10085147445208
10085180741408
10085214024208
10085247312208
10085280607608
10085313891008
10085347179308
10085380476108
10085413761108
10085447047608
10085480335308
10085513625308
10085546915008
10085580202608
10085613492608
10085646783808
10085680069408
10085713364708
10085746647108
10085779936008
10085813233108
10085846515208
10085879803708
10085913131908
10085946382308
10085979670508
10086012960408
10086046249308
10086079538708
10086112826408
10086146121508
10086179406308
10086212693608
10086245989208
10086279272308
10086312561108
10086345856808
10086379143408
10086412427808
10086445717908
10086479006008
10086512294708
10086545594208
10086578873808
10086612161708
10086645451508
10086678770408
10086712029908
10086745317708
10086778613708
10086811898008
10086845184808
10086878474608
10086911775408
10086945052308
10086978341908
10087011631508
10087044918908
10087078208808
10087111502108
10087144786108
10087178076708
10087211370808
10087244658108
10087277942708
10087311238008
10087344521408
10087377830808
10087411099308
10087444389208
10087477676308
10087510966108
10087544278108
10087577543308
10087610833208
10087644129408
10087677410308
10087710700408
10087743994808
10087777277508
10087810568108
10087843856508
10087877144408
10087910434108
10087943723108
10087977037108
10088010301908
10088043590008
10088076885308
10088110167708
10088143457208
10088176755908
10088210034808
10088243325108
10088276616608
10088309901608
10088343191608
10088376479908
10088409768708
10088443058308
10088476347308
10088509636408
10088542956808
10088576214708
10088609508908
10088642795908
10088676082008
10088709377708
10088742658808
10088775948608
10088809238908
10088842525708
10088875815908
10088909104608
10088942393408
10088975682808
10089008974908
10089042264708
10089075550208
10089108838708
10089142132808
10089175432208
10089208705608
10089241997808
10089275283808
10089308573008
10089341861908
10089375150008
10089408440108
10089441730108
10089475017808
10089508306808
10089541595708
10089574890508
10089608174208
10089641464008
10089674757408
10089708041308
10089741329608
10089774618408
10089807910708
10089841197508
10089874485908
10089907797508
10089941064208
10089974353608
10090007668808
10090040931108
10090074221608
10090107514408
10090140804108
10090174122308
10090207379208
10090240665308
10090273954608
10090307242808
10090340532608
10090373820608
