3743956528708
3743989818008
3744023105708
3744056395708
3744089683408
3744122973108
3744156263708
3744189551808
3744222839708
3744256132408
3744289418208
3744322706808
3744356003108
3744389285808
3744422574708
3744455868808
3744489152508
3744522442508
3744555729708
3744589019808
3744622308408
3744655596608
3744688887908
3744722185708
3744755463708
3744788759908
3744822042308
3744855330708
3744888627408
3744921908908
3744955197708
3744988487408
3745021776308
3745055065608
3745088353308
3745121643308
3745154933408
3745188220508
3745221514908
3745254829608
3745288087908
3745321383208
3745354668208
3745387954708
3745421250608
3745454533208
3745487821608
3745521116908
3745554400608
3745587688808
3745621018608
3745654267508
3745687555608
3745720845608
3745754140308
3745787423708
3745820711408
3745854007708
3745887291108
3745920578408
3745953868308
3745987157508
3746020445608
3746053735208
3746087024808
3746120312708
3746153602608
3746186895808
3746220179508
3746253470308
3746286764108
3746320046708
3746353336008
3746386628808
3746419916008
3746453204008
3746486492108
3746519782808
3746553069508
3746586359508
3746619653808
3746652936708
3746686226308
3746719522808
3746752803408
3746786093508
3746819405908
3746852670608
3746885960408
3746919249308
3746952537408
3746985831308
3747019116308
3747052404708
3747085702608
3747118983008
3747152307108
3747185560608
3747218850208
3747252146308
3747285427508
3747318717508
3747352042708
3747385294308
3747418584308
3747451873308
3747485161208
3747518451208
3747551739108
3747585030808
3747618319608
3747651607008
3747684902908
3747718185308
3747751474208
3747784769108
3747818052008
3747851341408
3747884630108
3747917918308
3747951208008
3747984498508
3748017785008
3748051075008
3748084364008
3748117675108
3748150942408
3748184231908
3748217525408
3748250809308
3748284097408
3748317386808
3748350676908
3748383965208
3748417253608
3748450543008
3748483831708
3748517120708
3748550413808
3748583703408
3748616988408
3748650282108
3748683566008
3748716855408
3748750149508
3748783434908
3748816721608
3748850010508
3748883300308
3748916609608
3748949877208
3748983167008
3749016456108
3749049744908
3749083059508
3749116323108
3749149611508
3749182909308
3749216189908
3749249479308
3749282767208
3749316057208
3749349346908
3749382634308
3749415924308
3749449237908
3749482501308
3749515795708
3749549079808
3749582368408
3749615663608
3749648946208
3749682235008
3749715532008
3749748813308
3749782102608
3749815391808
3749848700208
3749881970108
3749915259908
3749948548908
3749981838708
3750015125108
3750048420508
3750081704508
3750114992608
3750148287908
3750181572208
3750214859508
3750248149408
3750281438508
3750314734208
3750348015808
3750381304708
3750414593508
3750447884008
3750481177308
3750514460508
3750547750208
3750581045108
3750614332708
3750647617608
3750680905608
3750714195408
3750747483308
3750780773108
3750814062108
3750847350208
3750880640108
3750913931008
3750947217208
3750980507108
3751013822108
3751047084208
3751080374208
3751113669208
3751146951008
3751180261508
3751213529908
3751246818508
3751280107708
3751313397208
3751346716308
3751379974008
3751413263908
3751446560408
3751479841008
3751513130908
3751546475608
3751579708208
3751612998008
3751646286908
3751679574808
3751712864608
3751746153608
3751779442608
3751812732908
3751846021108
3751879311608
3751912598608
3751945887608
3751979182108
3752012466908
3752045758608
3752079050708
3752112332108
3752145622208
3752178911508
3752212199008
3752245489008
3752278777408
3752312065908
3752345355708
3752378645208
3752411939208
3752445223108
3752478512008
3752511806408
3752545090408
3752578379308
3752611667008
3752644956608
3752678246408
3752711535308
3752744838208
3752778112808
3752811402008
3752844693408
3752877980308
3752911268908
3752944563008
3752977847108
3753011135508
3753044430108
3753077719108
3753111002008
3753144291008
3753177581008
3753210869208
3753244158108
3753277482508
3753310748908
3753344025808
3753377321208
3753410603808
3753443893208
3753477186608
3753510470908
3753543760408
3753577048508
3753610338108
3753643675708
3753676915008
3753710205108
3753743495008
3753776782108
3753810076408
3753843360308
3753876649308
3753909946008
3753943227708
3753976516308
3754009808408
3754043094908
3754076383308
3754109673508
3754142961508
3754176251208
3754209538308
3754242829308
3754276118708
3754309405908
3754342700908
3754375984708
3754409272908
3754442569408
3754475851708
3754509139708
3754542430008
3754575739408
3754609006808
3754642297608
3754675585908
3754708874108
3754742163608
3754775457908
3754808753908
3754842048208
3754875325408
3754908613308
3754941896808
3754975186608
3755008479508
3755041764508
3755075054208
3755108342708
3755141630908
3755174920908
3755208210008
3755241497908
3755274787908
3755308081708
3755341365008
3755374688308
3755407949408
3755441232008
3755474521608
3755507810808
3755541099708
3755574387808
3755607678008
3755640967608
3755674254808
3755707546508
3755740872908
3755774121908
3755807411508
3755840707108
3755873989208
3755907278508
3755940567308
3755973855908
3756007146808
3756040435008
3756073726108
3756107012508
3756140301708
3756173593108
3756206880208
3756240168208
3756273463608
3756306745808
3756340035708
3756373331908
3756406612608
3756439902608
3756473191508
3756506479708
3756539769508
3756573058408
3756606347008
3756639636808
3756672925508
3756706219808
3756739503708
3756772793008
3756806087408
3756839370908
3756872659608
3756905949108
3756939260308
3756972526508
3757005816408
3757039103808
3757072393608
3757105693108
3757138974108
3757172261008
3757205550608
3757238843808
3757272127508
3757305415808
3757338710608
3757371996408
3757405283008
3757438572008
3757471890208
3757505150808
3757538439108
3757571732308
3757605017408
3757638306908
3757671600208
3757704884708
3757738174808
3757771467908
3757804754708
3757838040508
3757871328808
3757904618508
3757937908308
3757971196008
3758004485708
3758037774008
3758071062908
3758104359008
3758137641808
3758170929808
3758204224708
3758237508908
3758270796808
3758304093708
3758337375508
3758370664908
3758403952508
3758437242808
3758470532308
3758503819908
3758537110208
3758570398108
3758603687008
3758636982108
3758670266708
3758703553408
3758736850008
3758770131708
3758803420708
3758836710708
3758869998808
3758903287708
3758936577108
3758969866608
3759003154808
3759036465908
3759069738608
3759103023408
3759136310208
3759169606608
3759202915608
3759236177908
3759269467508
3759302760408
3759336044808
3759369334708
3759402622808
3759435912108
3759469201708
3759502492008
3759535779008
3759569125608
3759602363108
3759635645608
3759668935108
3759702230908
3759735513808
3759768801708
3759802091008
3759835381208
3759868669008
3759901958008
3759935247008
3759968535708
3760001825008
3760035122508
3760068402908
3760101692608
3760134987108
3760168269508
3760201560308
3760234848008
3760268138008
3760301426408
3760334715208
3760368004808
3760401294008
3760434582308
3760467876008
3760501160008
3760534449108
3760567760608
3760601026608
3760634316608
3760667613108
3760700893908
3760734183008
3760767488008
3760800761408
3760834050608
3760867339108
3760900627608
3760933919908
3760967206608
3761000500508
3761033784208
3761067072808
3761100399908
3761133649708
3761166940508
3761200230308
3761233517608
3761266807408
3761300126008
3761333384408
3761366674508
3761399962908
3761433255008
3761466541608
3761499829508
3761533124308
3761566408608
3761599696608
3761632991408
3761666308108
3761699564208
3761732852708
3761766142308
3761799431408
3761832720508
3761866008108
3761899298608
3761932588108
3761965881308
3761999165408
3762032454308
3762065767308
3762099032308
3762132321808
3762165610008
3762198899108
3762232187908
3762265476508
3762298767608
3762332054608
3762365343608
3762398639408
3762431921708
3762465210708
3762498506708
3762531791808
3762565078808
3762598366408
3762631656508
3762664945508
3762698233808
3762731523308
3762764811808
3762798100408
3762831390708
3762864697008
3762897967808
3762931263208
3762964545508
3762997834208
3763031130408
3763064413608
3763097701408
3763130991208
3763164280308
3763197569408
3763230857708
3763264147108
3763297437308
3763330724708
3763364020008
3763397340608
3763430591808
3763463886808
3763497170008
3763530458108
3763563758208
3763597038208
3763630325708
3763663615308
3763696904008
3763730192508
3763763482308
3763796780608
3763830059608
3763863348808
3763896644108
3763929928108
3763963215408
3763996511308
3764029794408
3764063082408
3764096372108
3764129663008
3764162949508
3764196238608
3764229528908
3764262816508
3764296106808
3764329400208
3764362683508
3764395974008
3764429267708
3764462550208
3764495839308
3764529129008
3764562432108
3764595706908
3764628996008
3764662285208
3764695573508
3764728863208
3764762156208
3764795440408
3764828730208
3764862025008
3764895307608
3764928597508
3764961913108
3764995174308
3765028464308
3765061755708
3765095041508
3765128345108
3765161620308
3765194908608
3765228198108
3765261486608
3765294811408
3765328063908
3765361353708
3765394650608
3765427931508
3765461221108
3765494538008
3765527798108
3765561088108
3765594377108
3765627665508
3765660955208
3765694243408
3765727535908
3765760823108
3765794110908
3765827405208
3765860688808
3765893977908
3765927269108
3765960556808
3765993844408
3766027134408
3766060421908
3766093712408
3766127001708
3766160289508
3766193578708
3766226868108
3766260161808
3766293446208
3766326735208
3766360029408
3766393313108
3766426601508
3766459890108
3766493180608
3766526469308
3766559777408
3766593046608
3766626336308
3766659624208
3766692924108
3766726203008
3766759492208
3766792786308
3766826069808
3766859359808
3766892647208
3766925937108
3766959225908
3766992513808
3767025803908
3767059092308
3767092381108
3767125672808
3767158959808
3767192248208
3767225563208
3767258826508
3767292115108
3767325412008
3767358693908
3767391983608
3767425271108
3767458561108
3767491850808
3767525138208
3767558428308
3767591787208
3767625005208
3767658300408
3767691585208
3767724872308
3767758168008
3767791449908
3767824739308
3767858036608
3767891318408
3767924606008
3767957895608
3767991184508
3768024473408
3768057776708
3768091053808
3768124341308
3768157629308
3768190925108
3768224209108
3768257495908
3768290795308
3768324074708
3768357362908
3768390653308
3768423942008
3768457230008
3768490520308
3768523808508
3768557097308
3768590387308
3768623682108
3768656964108
3768690253708
3768723548908
3768756838108
3768790134708
3768823410108
3768856701008
3768889987008
3768923276408
3768956567608
3768989854108
3769023143808
3769056436008
3769089721208
3769123010908
3769156304508
3769189588608
3769222877708
3769256172108
3769289455508
3769322780908
3769356033508
3769389322108
3769422612108
3769455901008
3769489218108
3769522477908
3769555768008
3769589064708
3769622345108
3769655635008
3769688963708
3769722212108
3769755502008
3769788814408
3769822079008
3769855369208
3769888657208
3769921946208
3769955236508
3769988524908
3770021817008
3770055103108
3770088392008
3770121686108
3770154970508
3770188258908
3770221554508
3770254835908
3770288126108
3770321415208
3770354702908
3770387992808
3770421281808
3770454569608
3770487859708
3770521149008
3770554443008
3770587726808
3770621015308
3770654310008
3770687594308
3770720883308
3770754171008
3770787460408
3770820750208
3770854038908
3770887348708
3770920616908
3770953906908
3770987198408
3771020484008
3771053785108
3771087066808
3771120350908
3771153640608
3771186931708
3771220218108
3771253505808
3771286794908
3771320085008
3771353373708
3771386661808
3771419984008
3771453240908
3771486529008
3771519825108
3771553108008
3771586396908
3771619691108
3771652974708
3771686264708
3771719552108
3771752841508
3771786130208
3771819418908
3771852709008
3771885998508
3771919285708
3771952581608
3771985864208
3772019153008
3772052450108
3772085731708
3772119020108
3772152309708
3772185598708
3772218887208
3772252177608
3772285466108
3772318754908
3772352042908
3772385334908
3772418622908
3772451909708
3772485205308
3772518488708
3772551777108
3772585072408
3772618356808
3772651644008
3772684933708
3772718222208
3772751510908
3772784800908
3772818090008
3772851377608
3772884667808
3772917962608
3772951245208
3772984555608
3773017830608
3773051113408
3773084401108
3773117690208
3773151008508
3773184268008
3773217557908
3773250846108
3773284135108
3773317424808
3773350716108
3773384001608
3773417291808
3773450585908
3773483869008
3773517187408
3773550454108
3773583737408
3773617025508
3773650314708
3773683603908
3773716891708
3773750181908
3773783471808
3773816759208
3773850049008
3773883343408
3773916626008
3773949915908
3773983211808
3774016493208
3774049782408
3774083071408
3774116359708
3774149650408
3774182938408
3774216226808
3774249516808
3774282809408
3774316098808
3774349383708
3774382672608
3774415970408
3774449249408
3774482539608
3774515835208
3774549117108
3774582406408
3774615696808
3774648983708
3774682273908
3774715574708
3774748850708
3774782140708
3774815429308
3774848723508
3774882013308
3774915296508
3774948590908
3774981873808
3775015163608
3775048452508
3775081740808
3775115030108
3775148320608
3775181607308
3775214897508
3775248218308
3775281479308
3775314764908
3775348053408
3775381347008
3775414631708
3775447919808
3775481208708
3775514500008
3775547787208
3775581075708
3775614400108
3775647654308
3775680943008
3775714233908
3775747521708
3775780814108
3775814104408
3775847388908
3775880678308
3775913971908
3775947255508
3775980544108
3776013837608
3776047122408
3776080412008
3776113699808
3776146989608
3776180277808
3776213567008
3776246864108
3776280145608
3776313433708
3776346729308
3776380012308
3776413300608
3776446590408
3776479879308
3776513168308
3776546456508
3776579746608
3776613035908
3776646323408
3776679615208
3776712902108
3776746190708
3776779486008
3776812790108
3776846057708
3776879354208
3776912635608
3776945924808
3776979218908
3777012504008
3777045791608
3777079081608
3777112370308
3777145659408
3777178947708
3777212243208
3777245527408
3777278834808
3777312110208
3777345418508
3777378681508
3777411971908
3777445260608
3777478548608
3777511840108
3777545126908
3777578415608
3777611708908
3777644996808
3777678282708
3777711572308
3777744867308
3777778152408
3777811440608
3777844734908
3777878018508
3777911305608
3777944595508
3777977884708
3778011172908
3778044462508
3778077752908
3778111039408
3778144329408
3778177625508
3778210906408
3778244196708
3778277490808
3778310773408
3778344064408
3778377352408
3778410640408
3778443929908
3778477219608
3778510532508
3778543798608
3778577086308
3778610380108
3778643663308
3778676953708
3778710248308
3778743530608
3778776834108
3778810115508
3778843397608
3778876687208
3778910003108
3778943264608
3778976554308
3779009851408
3779043131708
3779076444008
3779109710108
3779143005108
3779176288308
3779209577508
3779242903608
3779276154008
3779309444608
3779342734208
3779376021708
3779409311408
3779442636508
3779475888908
3779509178308
3779542466908
3779575760508
3779609045308
3779642333408
3779675628308
3779708913308
3779742201408
3779775489508
3779808779208
3779842068308
3779875356608
3779908646608
3779941935408
3779975224308
3780008513208
3780041802308
3780075092508
3780108384908
3780141669708
3780174958008
3780208252508
3780241536008
3780274835708
3780308113608
3780341403408
3780374691608
3780407980608
3780441272508
3780474559608
3780507847408
3780541143508
3780574426108
3780607714708
3780641023108
3780674293208
3780707582108
3780740870908
3780774160408
3780807450808
3780840737308
3780874027608
3780907316508
3780940604708
3780973896208
3781007182108
3781040471208
3781073767508
3781107049608
3781140338608
3781173662508
3781206916908
3781240205408
3781273495808
3781306784108
3781340073708
3781373361108
3781406651408
3781439940708
3781473228608
3781506523908
3781539845908
3781573095108
3781606391308
3781639675508
3781672962608
3781706252608
3781739540908
3781772829508
3781806120408
3781839408108
3781872696808
3781905985908
3781939278108
3781972563708
3782005853908
3782039148008
3782072431508
3782105719108
3782139015508
3782172298808
3782205586308
3782238876408
3782272165008
3782305453308
3782338743608
3782372031808
3782405320408
3782438610008
3782471904508
3782505187308
3782538477508
3782571772208
3782605054908
3782638344008
3782671633008
3782704937008
3782738232308
3782771500108
3782804789508
3782838077208
3782871367508
3782904666908
3782937944508
3782971234208
3783004529408
3783037826908
3783071101308
3783104392208
3783137678508
3783170968108
3783204256808
3783237545308
3783270859908
3783304124208
3783337412308
3783370702008
3783403991208
3783437314108
3783470568108
3783503857808
3783537154408
3783570435208
3783603725208
3783637014108
3783670302308
3783703592008
3783736885308
3783770169308
3783803459408
3783836747308
3783870041408
3783903327008
3783936615108
3783969908808
3784003193008
3784036482208
3784069770208
3784103060608
3784136349008
3784169638208
3784202926408
3784236215708
3784269506008
3784302794108
3784336082908
3784369372008
3784402665908
3784435950208
3784469241208
3784502533208
3784535830408
3784569105608
3784602394308
3784635684308
3784668973608
3784702261208
3784735550808
3784768840008
3784802129208
3784835444208
3784868707208
3784901997208
3784935290408
3784968573508
3785001887708
3785035151108
3785068441108
3785101730608
3785135018008
3785168307908
3785201596008
3785234885108
3785268177508
3785301463408
3785334752208
3785368099508
3785401331108
3785434619708
3785467916008
3785501197708
3785534487408
3785567774908
3785601065008
3785634354708
3785667642508
3785700932208
3785734220708
3785767509408
3785800804608
3785834088908
3785867376108
3785900671908
3785933954208
3785967242908
3786000534108
3786033824408
3786067110008
3786100399308
3786133689108
3786166977108
3786200267508
3786233558908
3786266845208
3786300133108
3786333428908
3786366712208
3786399999908
3786433296208
3786466578808
3786499867108
3786533157008
3786566460608
3786599733708
3786633023808
3786666312208
3786699600608
3786732891808
3786766185808
3786799468208
3786832757708
3786866053108
3786899343008
3786932624008
3786965914008
3786999203608
3787032490908
3787065780708
3787099094208
3787132358208
3787165647708
3787198941408
3787232224908
3787265515108
3787298813008
3787332091908
3787365381608
3787398676508
3787431959108
3787465281808
3787498537908
3787531826308
3787565116208
3787598404908
3787631694108
3787664982208
3787698271708
3787731568108
3787764849008
3787798138308
3787831433808
3787864716108
3787898005508
3787931295408
3787964583408
3787997872508
3788031161408
3788064450108
3788097740808
3788131028608
3788164322508
3788197606408
3788230895308
3788264191108
3788297473708
3788330763208
3788364059908
3788397340008
3788430629708
3788463919408
3788497206908
3788530497208
3788563787008
3788597074908
3788630363908
3788663673808
3788696946808
3788730231308
3788763519308
3788796864208
3788830120408
3788863387108
3788896675108
3788929965008
3788963253708
3788996542808
3789029830808
3789063120908
3789096410908
3789129703908
3789162987908
3789196298108
3789229570508
3789262856108
3789296144508
3789329432308
3789362721608
3789396010108
3789429299008
3789462589808
3789495878408
3789529165908
3789562457408
3789595744908
3789629033408
3789662332508
3789695611808
3789728900808
3789762195408
3789795479208
3789828768808
3789862056008
3789895345408
3789928634908
3789961922608
3789995212908
3790028502208
3790061790008
3790095085908
3790128368008
3790161656908
3790194954108
3790228235208
3790261524408
3790294813508
3790328102208
3790361391108
3790394685008
3790427969708
3790461259108
3790494546908
3790527855608
3790561125608
3790594414208
3790627709208
3790660992508
3790694281208
3790727577208
3790760858808
3790794148008
3790827437808
3790860726608
3790894014808
3790927329708
3790960593508
3790993885008
3791027172008
3791060466708
3791093750308
3791127037808
3791160333708
3791193618108
3791226904908
3791260194808
3791293514708
3791326772208
3791360062008
3791393350708
3791426639108
3791459928808
3791493220408
3791526506308
3791559797008
3791593090008
3791626373208
3791659663008
3791692957808
3791726252308
3791759530908
3791792819108
3791826108908
3791859395808
3791892685908
3791925975508
3791959262808
3791992552908
3792025848508
3792059130108
3792092419908
3792125715408
3792158997108
3792192287108
3792225575008
3792258864208
3792292154208
3792325443108
3792358731108
3792392020608
3792425309308
3792458632408
3792491907308
3792525176908
3792558472108
3792591754008
3792625043908
3792658339208
3792691620808
3792724911108
3792758199208
3792791488008
3792824777608
3792858066208
3792891355608
3792924644708
3792957933108
3792991228208
3793024548408
3793057801208
3793091095308
3793124378608
3793157667708
3793190956708
3793224244708
3793257534808
3793290824908
3793324112108
3793357401508
3793390690508
3793423984508
3793457269108
3793490557308
3793523852008
3793557135708
3793590424208
3793623712608
3793657003708
3793690291908
3793723580008
3793756872708
3793790158908
3793823446908
3793856739908
3793890025408
3793923315108
3793956608608
3793989893008
3794023182208
3794056476208
3794089759708
3794123048408
3794156336808
3794189626808
3794222915808
3794256204108
3794289493708
3794322782408
3794356071108
3794389367208
3794422649608
3794455938208
3794489235608
3794522516908
3794555804808
3794589122808
3794622384108
3794655674008
3794688961008
3794722250808
3794755555408
3794788828108
3794822120408
3794855406608
3794888695008
3794921990508
3794955272608
3794988562008
3795021858708
3795055140308
3795088428708
3795121751408
3795155007708
3795188296108
3795221585908
3795254891408
3795288169908
3795321451608
3795354748408
3795388031208
3795421318808
3795454615108
3795487899108
3795521185908
3795554475408
3795587765808
3795621052808
3795654342908
3795687631208
3795720920108
3795754210708
3795787502208
3795820787108
3795854076708
3795887371108
3795920657708
3795953944008
3795987238108
3796020523408
3796053809508
3796087100008
3796120389708
3796153676608
3796186967008
3796220255308
3796253543908
3796286833908
3796320135908
3796353411208
3796386700808
3796419995208
3796453277808
3796486568008
3796519856808
3796553144708
3796586434508
3796619723908
3796653036908
3796686300608
3796719590908
3796752889408
3796786168108
3796819457508
3796852774708
3796886035208
3796919324908
3796952620108
3796985902008
3797019191508
3797052480008
3797085768808
3797119058608
3797152347308
3797185638108
3797218958308
3797252215008
3797285508908
3797318792408
3797352081308
3797385408108
3797418658808
3797451949008
3797485238608
3797518525708
3797551815508
3797585104708
3797618392808
3797651683008
3797684972508
3797718265508
3797751549708
3797784837908
3797818132608
3797851417608
3797884705808
3797917993708
3797951285408
3797984572808
3798017860808
3798051151108
3798084439408
3798117728808
3798151018308
3798184306408
3798217596108
3798250889508
3798284173308
3798317462508
3798350757108
3798384040608
3798417350608
3798450617908
3798483910908
3798517196108
3798550484308
3798583785008
3798617063308
3798650351708
3798683649208
3798716930708
3798750220108
3798783513808
3798816797708
3798850087508
3798883374608
3798916664608
3798949975808
3798983242408
3799016531608
3799049821108
3799083108808
3799116400708
3799149686908
3799182975608
3799216272008
3799249555008
3799282842608
3799316139008
3799349421508
3799382710308
3799416000308
3799449288708
3799482577808
3799515865708
3799549155508
3799582445708
3799615732608
3799649028208
3799682311308
3799715599908
3799748895608
3799782179808
3799815466908
3799848756608
3799882044708
3799915333908
3799948624208
3799981929308
3800015201008
3800048490508
3800081783208
3800115067908
3800148357408
3800181652408
3800214936008
3800248223708
3800281519908
3800314803008
3800348090708
3800381380708
3800414669608
3800447957808
3800481247908
3800514557208
3800547824608
3800581114808
3800614409008
3800647691708
3800681001508
3800714276908
3800747558508
3800780848508
3800814137808
3800847443008
3800880714908
3800914004408
3800947294708
3800980581408
3801013871708
3801047215508
3801080448608
3801113738408
3801147033908
3801180315908
3801213605508
3801246900608
3801280182908
3801313473208
3801346761708
3801380049608
3801413339608
3801446628808
3801479917908
3801513207608
3801546495608
3801579790608
3801613072908
3801646362508
3801679659008
3801712939808
3801746229108
3801779518208
3801812806608
3801846096808
3801879386008
3801912673308
3801945963708
3801979252008
3802012546408
3802045831208
3802079119508
3802112414008
3802145697508
3802178986808
3802212278908
3802245577908
3802278853308
3802312143908
3802345430408
3802378720808
3802412011608
3802445298708
3802478587808
3802511877608
3802545170308
3802578454608
3802611742708
3802645037908
3802678321608
3802711609808
3802744898808
3802778208908
3802811477608
3802844766108
3802878055308
3802911344708
3802944633408
3802977927308
3803011211608
3803044501508
3803077794308
3803111078608
3803144400908
3803177655808
3803210945208
3803244234708
3803277522908
3803310812808
3803344100208
3803377390208
3803410683408
3803443969008
3803477256708
3803510552208
3803543835608
3803577124108
3803610421008
3803643702608
3803676991408
3803710279608
3803743569408
3803776859208
3803810146908
3803843436508
3803876725608
3803910013908
3803943309008
3803976592408
3804009880608
3804043177208
3804076459208
3804109747708
3804143037808
3804176325908
3804209614708
3804242904508
3804276193408
3804309481808
3804342798408
3804376063708
3804409350808
3804442637508
3804475933308
3804509236708
3804542504808
3804575801008
3804609083408
3804642371508
3804675661408
3804708949708
3804742238608
3804775528608
3804808817308
3804842105608
3804875430508
3804908690108
3804941972608
3804975263008
3805008557408
3805041840508
3805075128408
3805108418808
3805141708508
3805174995708
3805208285308
3805241574208
3805274862508
3805308153108
3805341447908
3805374729708
3805408019608
3805441313908
3805474596308
3805507887808
3805541181708
3805574465208
3805607753408
3805641042908
3805674331608
3805707621508
3805740909508
3805774201608
3805807486308
3805840776708
3805874075008
3805907353708
3805940643608
3805973940008
3806007220708
3806040510508
3806073812108
3806107088008
3806140377408
3806173665908
3806206955108
3806240244608
3806273533608
3806306827108
3806340115908
3806373400308
3806406724508
3806439977508
3806473267808
3806506564108
3806539844308
3806573134508
3806606455608
3806639711708
3806673001608
3806706290108
3806739579408
3806772868708
3806806156208
3806839451308
3806872735008
3806906023708
3806939319008
3806972636008
3807005891508
3807039179908
3807072469008
3807105758308
3807139047808
3807172335708
3807205625508
3807238915608
3807272208908
3807305492308
3807338781208
3807372075408
3807405359508
3807438649108
3807471936508
3807505226608
3807538514808
3807571803708
3807605097708
3807638382708
3807671670708
3807704962508
3807738249108
3807771537608
3807804833308
3807838119308
3807871405208
3807904699708
3807937983308
3807971272608
3808004560608
3808037850308
3808071139408
3808104427308
3808137717308
3808171027608
3808204294608
3808237590508
3808270873508
3808304161808
3808337464708
3808370740408
3808404028608
3808437318408
3808470607208
3808503896208
3808537184308
3808570474508
3808603764508
3808637051408
3808670344008
3808703652408
3808736918608
3808770214608
3808803497108
3808836785808
3808870081508
3808903364208
3808936652408
3808969942508
3809003231208
3809036519908
3809069808908
3809103101308
3809136387508
3809169680808
3809202970808
3809236255408
3809269542508
3809302839008
3809336121708
3809369409608
3809402699608
3809435989408
3809469276208
3809502566808
3809535855408
3809569143708
3809602433708
3809635725608
3809669010608
3809702301108
3809735594808
3809768877608
3809802166708
3809835462708
3809868758608
3809902035908
3809935323508
3809968612608
3810001900208
3810035190608
3810068480008
3810101767408
3810135057408
3810168352408
3810201634908
3810234924308
3810268240708
3810301501708
3810334791408
3810368080008
3810401368108
3810434681008
3810467947608
3810501235708
3810534525008
3810567814608
3810601155608
3810634391308
3810667680908
3810700977808
3810734258608
3810767548608
3810800874808
3810834146208
3810867415208
3810900704308
3810933992708
3810967282308
3811000570808
3811033860508
3811067151208
3811100438008
3811133732208
3811167016308
3811200305408
3811233600008
3811266884308
3811300237208
3811333461608
3811366750008
3811400039608
3811433329308
3811466616608
3811499906308
3811533195008
3811566489408
3811599773508
3811633062708
3811666356308
3811699640408
3811732929108
3811766217308
3811799507608
3811832796708
3811866084508
3811899374008
3811932662908
3811965952708
3811999263708
3812032530408
3812065819908
3812099113408
3812132396808
3812165690408
3812198981108
3812232264708
3812265553108
3812298841708
3812332134708
3812365419708
3812398708408
3812431998908
3812465286308
3812498575608
3812531891408
3812565164508
3812598442308
3812631739308
3812665021208
3812698310608
3812731598308
3812764888508
3812798177808
3812831465408
3812864755608
3812898078908
3812931332508
3812964625108
3812997912508
3813031199708
3813064494908
3813097777708
3813131066908
3813164363608
3813197645008
3813230933808
3813264223308
3813297512508
3813330800408
3813364091208
3813397379608
3813430668508
3813463956308
3813497252108
3813530536308
3813563823708
3813597122908
3813630402008
3813663690208
3813696980608
3813730272308
3813763558008
3813796847208
3813830136608
3813863424708
3813896714508
3813930007108
3813963291608
3813996581108
3814029876008
3814063165708
3814096469708
3814129743608
3814163029508
3814196314108
3814229603908
3814262919908
3814296181408
3814329470808
3814362761008
3814396048308
3814429338308
3814462632208
3814495915908
3814529205308
3814562500108
3814595782708
3814629099708
3814662361808
3814695649508
3814728939308
3814762228308
3814795517308
3814828805308
3814862095508
3814895390408
3814928672508
3814961962508
3814995256908
3815028539608
3815061829608
3815095128908
3815128406408
3815161696508
3815194984608
3815228273708
3815261563908
3815294852108
3815328142308
3815361429908
3815394719208
3815428043208
3815461297708
3815494586308
3815527882008
3815561169808
3815594453208
3815627742908
3815661030308
3815694320308
3815727609208
3815760897608
3815794187308
3815827490208
3815860769908
3815894054408
3815927342808
3815960637708
3815993930708
3816027210708
3816060499108
3816093788408
3816127077008
3816160366708
3816193653908
3816226944508
3816260234108
3816293523108
3816326811408
3816360138708
3816393394008
3816426678008
3816459968008
3816493261908
3816526545308
3816559833508
3816593126308
3816626412308
3816659700508
3816692991108
3816726278808
3816759568508
3816792856508
3816826162608
3816859435208
3816892724508
3816926018508
3816959302708
3816992592308
3817025879408
3817059169308
3817092458208
3817125746708
3817159036508
3817192325608
3817225613408
3817258905708
3817292191908
3817325480108
3817358777408
3817392059108
3817425347508
3817458643508
3817491926608
3817525214308
3817558504508
3817591793208
3817625082008
3817658370108
3817691660708
3817724949508
3817758237208
3817791532708
3817824816408
3817858104508
3817891400208
3817924704908
3817957971308
3817991261108
3818024550008
3818057838208
3818091147508
3818124417308
3818157705508
3818190995508
3818224287208
3818257573308
3818290861008
3818324156708
3818357441008
3818390728208
3818424024408
3818457358108
3818490595208
3818523885308
3818557173908
3818590462308
3818623752208
3818657040708
3818690329708
3818723620208
3818756913708
3818790196108
3818823485908
3818856781108
3818890063708
3818923353808
3818956642508
3818989931208
3819023219408
3819056509208
3819089799108
3819123086308
3819156376208
3819189669208
3819222953408
3819256243408
3819289539108
3819322820508
3819356110408
3819389405008
3819422687408
3819455977808
3819489266408
3819522554508
3819555843908
3819589136308
3819622422708
3819655723308
3819689000308
3819722296208
3819755577508
3819788867008
3819822163008
3819855444108
3819888734408
3819922024108
3819955311508
3819988600908
3820021889308
3820055178708
3820088468708
3820121756808
3820155050908
3820188371208
3820221624208
3820254918208
3820288202108
3820321491008
3820354783708
3820388068208
3820421357808
3820454647908
3820487935708
3820521225108
3820554514108
3820587803408
3820621092008
3820654380908
3820687674808
3820720959408
3820754247308
3820787542608
3820820827008
3820854115208
3820887403308
3820920693108
3820953982308
3820987270308
3821020560808
3821053848708
3821087138608
3821120432008
3821153716108
3821187005908
3821220299308
3821253583308
3821286872008
3821320160108
3821353450208
3821386739208
3821420027408
3821453317308
3821486605908
3821519894308
3821553187308
3821586473008
3821619761508
3821653057708
3821686339708
3821719629508
3821752944608
3821786206808
3821819497808
3821852784208
3821886074108
3821919379408
3821952651508
3821985941008
3822019230308
3822052518208
3822085814108
3822119096408
3822152385608
3822185682008
3822218963808
3822252252208
3822285598308
3822318831008
3822352119408
3822385408708
3822418698008
3822451987508
3822485275108
3822518568008
3822551855108
3822585142008
3822618437908
3822651720608
3822685009108
3822718305408
3822751588508
3822784876208
3822818168608
3822851454108
3822884743608
3822918033608
3822951321908
3822984609908
3823017900208
3823051200208
3823084478508
3823117767408
3823151062408
3823184345908
3823217633408
3823250923208
3823284211908
3823317500408
3823350790108
3823384080108
3823417367408
3823450656808
3823483962808
3823517234408
3823550524308
3823583818108
3823617101408
3823650390608
3823683686408
3823716969608
3823750258208
3823783547508
3823816856408
3823850124108
3823883414208
3823916704808
3823949991008
3823983281108
3824016601508
3824049858108
3824083147908
3824116443208
3824149725708
3824183015108
3824216303108
3824249592108
3824282882108
3824316170708
3824349459308
3824382781808
3824416038108
3824449331508
3824482615808
3824515905008
3824549200208
3824582482208
3824615772108
3824649068908
3824682349408
3824715639308
3824748928108
3824782216208
3824815506008
3824848795908
3824882084308
3824915373108
3824948661508
3824981955908
3825015241108
3825048528208
3825081823408
3825115107008
3825148395808
3825181684908
3825214973808
3825248263308
3825281552408
3825314840208
3825348129908
3825381419008
3825414713008
3825447997108
3825481285508
3825514579908
3825547864208
3825581177508
3825614441808
3825647731308
3825681020008
3825714308408
3825747614708
3825780887308
3825814175108
3825847467808
3825880754108
3825914043008
3825947336908
3825980621208
3826013911108
3826047204308
3826080488108
3826113801408
3826147065508
3826180355508
3826213643808
3826246932408
3826280222008
3826313510408
3826346799408
3826380099208
3826413377908
3826446666308
3826479962008
3826513244608
3826546534208
3826579823708
3826613111808
3826646401608
3826679689108
3826712979208
3826746268008
3826779556008
3826812848908
3826846136008
3826879423208
3826912718908
3826946002008
3826979290108
3827012586408
3827045868608
3827079160608
3827112447808
3827145736308
3827179024408
3827212314108
3827245603208
3827278891508
3827312199908
3827345475608
3827378758908
3827412047108
3827445343008
3827478625608
3827511914508
3827545204008
3827578492608
3827611781108
3827645071108
3827678359208
3827711648008
3827744938208
3827778230908
3827811515108
3827844832308
3827878100008
3827911382508
3827944672108
3827977966908
3828011249908
3828044537908
3828077828308
3828111117808
3828144405008
3828177694608
3828210984008
3828244272208
3828277561608
3828310857508
3828344139408
3828377428608
3828410724008
3828444006308
3828477297308
3828510585108
3828543872908
3828577166108
3828610452208
3828643740408
3828677030708
3828710318808
3828743613108
3828776896208
3828810186308
3828843482308
3828876763108
3828910052908
3828943345008
3828976629708
3829009920208
3829043208708
3829076497008
3829109786708
3829143075708
3829176364608
3829209654208
3829242943108
3829276236908
3829309520808
3829342809708
3829376136508
3829409409908
3829442676808
3829475967108
3829509254408
3829542544108
3829575842608
3829609121808
3829642411108
3829675700208
3829708993508
3829742278108
3829775566208
3829808860708
3829842145008
3829875433508
3829908722608
3829942062808
3829975301008
3830008589908
3830041879008
3830075168508
3830108458008
3830141746708
3830175035108
3830208324408
3830241617808
3830274902308
3830308191608
3830341485808
3830374768608
3830408058408
3830441345908
3830474636108
3830507924108
3830541213408
3830574503408
3830607792308
3830641080008
3830674375608
3830707658808
3830740947608
3830774243708
3830807526308
3830840815108
3830874102908
3830907392908
3830940682908
3830973970508
3831007259908
3831040548608
3831073837008
3831107129708
3831140428908
3831173704008
3831206999808
3831240282808
3831273571008
3831306867108
3831340153608
3831373438208
3831406727808
3831440016808
3831473306108
3831506594108
3831539884008
3831573173708
3831606461008
3831639756308
3831673075508
3831706327908
3831739624208
3831772906708
3831806195208
3831839485008
3831872774608
3831906062508
3831939352208
3831972640208
3832005931108
3832039219008
3832072511408
3832105796008
3832139086008
3832172380308
3832205664008
3832238951908
3832272248308
3832305533808
3832338818908
3832372108708
3832405398108
3832438686108
3832471975608
3832505265708
3832538553108
3832571842808
3832605137008
3832638420108
3832671711208
3832705004308
3832738286908
3832771576408
3832804865408
3832838174508
3832871444008
3832904732508
3832938021808
3832971309708
3833004600108
3833037894108
3833071177108
3833104467508
3833137761408
3833171044008
3833204333708
3833237649308
3833270911208
3833304201208
3833337488908
3833370778008
3833404086008
3833437356508
3833470675108
3833503934808
3833537223408
3833570519108
3833603800708
3833637091108
3833670387208
3833703668308
3833736957708
3833770301508
3833803535008
3833836824408
3833870115108
3833903402108
3833936691708
3833969979708
3834003274508
3834036559408
3834069847508
3834103141908
3834136425708
3834169714708
3834203003008
3834236293808
3834269581708
3834302871008
3834336172208
3834369448608
3834402738908
3834436027708
3834469316008
3834502604508
3834535899208
3834569184508
3834602472308
3834635766008
3834669050008
3834702338508
3834735626908
3834768917308
3834802206008
3834835493808
3834868783708
3834902072608
3834935361708
3834968670608
3835001939608
3835035230108
3835068523008
3835101806408
3835135097308
3835168383908
3835201673708
3835234962608
3835268251108
3835301540608
3835334828908
3835368118108
3835401411308
3835434696108
3835467985308
3835501318108
3835534563908
3835567851708
3835601164808
3835634430808
3835667720208
3835701007808
3835734297708
3835767587708
3835800875108
3835834168108
3835867487408
3835900741808
3835934037408
3835967320508
3836000608608
3836033905208
3836067189908
3836100476008
3836133766808
3836167054808
3836200342908
3836233631908
3836266921808
3836300212908
3836333500808
3836366791608
3836400077808
3836433366108
3836466661708
3836499945708
3836533234408
3836566528908
3836599813608
3836633100108
3836666390008
3836699681908
3836732966908
3836766256908
3836799545608
3836832834108
3836866123708
3836899418608
3836932701308
3836965990508
3836999285808
3837032569008
3837065878908
3837099146908
3837132436508
3837165724008
3837199013808
3837232327908
3837265590708
3837298880508
3837332175808
3837365458108
3837398747808
3837432041708
3837465325008
3837498614908
3837531909608
3837565195108
3837598538608
3837631770508
3837665058908
3837698348708
3837731637808
3837764927608
3837798218008
3837831504308
3837864801108
3837898082008
3837931371808
3837964666308
3837997949008
3838031238508
3838064528208
3838097817308
3838131106008
3838164393708
3838197683208
3838230973908
3838264266008
3838297554808
3838330839608
3838364128708
3838397423008
3838430707208
3838463995808
3838497288108
3838530573108
3838563863508
3838597152108
3838630439908
3838663729808
3838697019108
3838730308508
3838763596608
3838796902808
3838830179508
3838863463808
3838896752008
3838930047808
3838963344608
3838996619808
3839029907908
3839063197908
3839096486408
3839129775808
3839163063408
3839196353708
3839229643808
3839262936408
3839296233908
3839329539908
3839362804008
3839396087508
3839429376508
3839462665308
3839495956608
3839529243308
3839562531908
3839595822608
3839629110208
3839662399008
3839695690708
3839728977608
3839762266208
3839795595608
3839828844508
3839862134008
3839895427908
3839928711508
3839962001908
3839995288908
3840028578708
3840061867608
3840095155808
3840128445708
3840161734908
3840195023008
3840228318108
3840261601308
3840294890008
3840328187408
3840361468708
3840394757308
3840428046808
3840461335208
3840494624908
3840527913308
3840561202808
3840594493008
3840627779408
3840661072908
3840694358908
3840727646908
3840760942008
3840794230208
3840827513908
3840860810208
3840894113708
3840927380908
3840960670408
3840993959508
3841027247608
3841060563508
3841093826508
3841127115008
3841160404308
3841193699108
3841226982808
3841260270608
3841293566708
3841326850808
3841360138008
3841393427808
3841426748308
3841460005208
3841493294508
3841526583408
3841559871808
3841593161608
3841626453708
3841659738708
3841693029808
3841726323408
3841759605608
3841792895408
3841826191108
3841859472608
3841892763508
3841926051708
3841959340608
3841992628808
3842025918508
3842059209608
3842092495608
3842125785608
3842159080108
3842192363108
3842225652608
3842258948408
3842292230008
3842325519708
3842358807808
3842392096908
3842425386708
3842458675608
3842491963508
3842525256308
3842558542508
3842591865408
3842625140208
3842658409908
3842691707308
3842724986608
3842758276708
3842791576208
3842824853708
3842858143808
3842891432308
3842924720808
3842958010508
3842991298908
3843024588508
3843057878108
3843091165908
3843124460608
3843157767408
3843191033508
3843224328508
3843257611908
3843290900508
3843324189808
3843357477608
3843390767808
3843424058008
3843457345008
3843490634408
3843523923508
3843557217608
3843590501508
3843623795108
3843657084508
3843690368508
3843723657408
3843756946008
3843790236608
3843823524508
3843856813008
3843890102208
3843923391708
3843956680908
3843989973008
3844023261808
3844056549108
3844089841408
3844123125908
3844156414908
3844189708708
3844222992908
3844256282708
3844289569708
3844322859908
3844356151308
3844389437108
3844422726508
3844456015308
3844489303708
3844522606608
3844555882908
3844589171108
3844622467108
3844655749308
3844689038708
3844722326908
3844755616408
3844788906408
3844822193608
3844855483708
3844888797708
3844922061108
3844955353208
3844988639008
3845021927608
3845055223408
3845088505808
3845121794808
3845155091408
3845188373208
3845221661808
3845254991108
3845288240708
3845321529108
3845354818608
3845388107408
3845421396508
3845454684608
3845487980308
3845521273808
3845554551708
3845587847708
3845621130208
3845654419308
3845687708308
3845720998508
3845754285708
3845787575608
3845820864108
3845854153008
3845887443408
3845920735008
3845954019908
3845987309508
3846020604308
3846053890308
3846087176308
3846120471508
3846153756408
3846187042308
3846220332308
3846253621608
3846286909808
3846320199808
3846353488508
3846386776508
3846420066808
3846453382708
3846486643908
3846519933708
3846553228408
3846586510708
3846619811108
3846653089508
3846686378108
3846719667608
3846752956108
3846786273308
3846819533408
3846852823508
3846886119008
3846919401108
3846952690508
3846986010408
3847019272008
3847052557908
3847085849408
3847119134908
3847152424208
3847185713108
3847219001808
3847252293108
3847285580108
3847318869808
3847352158108
3847385447808
3847418771108
3847452026008
3847485314708
3847518611508
3847551891608
3847585181508
3847618470608
3847651758208
3847685048408
3847718338808
3847751625808
3847784915708
3847818204908
3847851498008
3847884782408
3847918071408
3847951365508
3847984652508
3848017938908
3848051226608
3848084516308
3848117805408
3848151094808
3848184395508
3848217672508
3848250962008
3848284251108
3848317539608
3848350828608
3848384122508
3848417406608
3848450695308
3848483989708
3848517273308
3848550561708
3848583850908
3848617140508
3848650428908
3848683717708
3848717043108
3848750296508
3848783584708
3848816882108
3848850163308
3848883452408
3848916746708
3848950030508
3848983320408
3849016607508
3849049899308
3849083243108
3849116474708
3849149764608
3849183053108
3849216341508
3849249634208
3849282919708
3849316208608
3849349505808
3849382787508
3849416075608
3849449371308
3849482654708
3849515943008
3849549233308
3849582521508
3849615810608
3849649098808
3849682388308
3849715678708
3849748965608
3849782261208
3849815544208
3849848833208
3849882128808
3849915411308
3849948699308
3849981989408
3850015281608
3850048566708
3850081856508
3850115145908
3850148433808
3850181723408
3850215015508
3850248311208
3850281612008
3850314885308
3850348169508
3850381456508
3850414752908
3850448057108
3850481323908
3850514613508
3850547901908
3850581190308
3850614480508
3850647768608
3850681057808
3850714347508
3850747641208
3850780924908
3850814235908
3850847509808
3850880801608
3850914081708
3850947370608
3850980660808
3851013947608
3851047237608
3851080526208
3851113815008
3851147104208
3851180399308
3851213681708
3851246971708
3851280267908
3851313548408
3851346838608
3851380133108
3851413415608
3851446706208
3851479994608
3851513285808
3851546572008
3851579862008
3851613179208
3851646439908
3851679727708
3851713023608
3851746305808
3851779595308
3851812891808
3851846172808
3851879461908
3851912751308
3851946039608
3851979329708
3852012628708
3852045906608
3852079196408
3852112485008
3852145780208
3852179066708
3852212352808
3852245646008
3852278929908
3852312219808
3852345511708
3852378796208
3852412086408
3852445376308
3852478663408
3852511953308
3852545280208
3852578532008
3852611820208
3852645109508
3852678403908
3852711687608
3852744975408
3852778271508
3852811554508
3852844842908
3852878132808
3852911421508
3852944710408
3852977998608
3853011291108
3853044577408
3853077866308
3853111159908
3853144444208
3853177734708
3853211027508
3853244311408
3853277599808
3853310888908
3853344178508
3853377467608
3853410755308
3853444045608
3853477333408
3853510622508
3853543915808
3853577201608
3853610489608
3853643785108
3853677067908
3853710356908
3853743652608
3853776935108
3853810224308
3853843512608
3853876801908
3853910091608
3853943379508
3853976669608
3854009958208
3854043246208
3854076542008
3854109846308
3854143113508
3854176410108
3854209692108
3854242980908
3854276293808
3854309559308
3854342847708
3854376137508
3854409426308
3854442715408
3854476003308
3854509299208
3854542583108
3854575870708
3854609165908
3854642497708
3854675737708
3854709033508
3854742317508
3854775604708
3854808894108
3854842182608
3854875471608
3854908763308
3854942050608
3854975338708
3855008628508
3855041922908
3855075205808
3855108496008
3855141790608
3855175073408
3855208361608
3855241651808
3855274940808
3855308228308
3855341518508
3855374807408
3855408095508
3855441385608
3855474679308
3855507962408
3855541252408
3855574547108
3855607829608
3855641120108
3855674414708
3855707698008
3855740986308
3855774279308
3855807584308
3855840868608
3855874142508
3855907433208
3855940719208
3855974009208
3856007318908
3856040586808
3856073876508
3856107171908
3856140453308
3856173743608
3856207031208
3856240320408
3856273610508
3856306898708
3856340187208
3856373513808
3856406766008
3856440059508
3856473344008
3856506633108
3856539957208
3856573210208
3856606500308
3856639796608
3856673077108
3856706367208
3856739656008
3856772944908
3856806234508
3856839523708
3856872812208
3856906101208
3856939389408
3856972684608
3857005969108
3857039257408
3857072551908
3857105835208
3857139124108
3857172412708
3857205702908
3857238991308
3857272280808
3857305568608
3857338858508
3857372148208
3857405440908
3857438725508
3857472014108
3857505308608
3857538592108
3857571882008
3857605169408
3857638459308
3857671747608
3857705036308
3857738326308
3857771615608
3857804903508
3857838195808
3857871481708
3857904771608
3857938087908
3857971366308
3858004639408
3858037932708
3858071216408
3858104525608
3858137793508
3858171083308
3858204373408
3858237660808
3858270950008
3858304238808
3858337527408
3858370823908
3858404105808
3858437394708
3858470720908
3858503973308
3858537261508
3858570551308
3858603840308
3858637129208
3858670417208
3858703707608
3858736997108
3858770284408
3858803576508
3858836862808
3858870151608
3858903446808
3858936731308
3858970018708
3859003314308
3859036597008
3859069885508
3859103176008
3859136464208
3859169752608
3859203042308
3859236331608
3859269619708
3859302909708
3859336204408
3859369487708
3859402775208
3859436071408
3859469356408
3859502642308
3859535932208
3859569221008
3859602509608
3859635799208
3859669108308
3859702376608
3859735666108
3859768958508
3859802243508
3859835541008
3859868828008
3859902110408
3859935399808
3859968695308
3860001980108
3860035266508
3860068555908
3860101846308
3860135133408
3860168423708
3860201742208
3860235000508
3860268290508
3860301614908
3860334867508
3860368157408
3860401451408
3860434734608
3860468025108
3860501313008
3860534601608
3860567890908
3860601180008
3860634468808
3860667759008
3860701047208
3860734344708
3860767624608
3860800914508
3860834210308
3860867491308
3860900781608
3860934076308
3860967365808
3861000648308
3861033937908
3861067225608
3861100515408
3861133803808
3861167093308
3861200383508
3861233671608
3861266965408
3861300249108
3861333538108
3861366834008
3861400121908
3861433405008
3861466695508
3861499984308
3861533271908
3861566561308
3861599849708
3861633139308
3861666430008
3861699721408
3861733006508
3861766294608
3861799588808
3861832873608
3861866162208
3861899450608
3861932775908
3861966029208
3861999317508
3862032607208
3862065895908
3862099185308
3862132474508
3862165763208
3862199053108
3862232349608
3862265630208
3862298950708
3862332214008
3862365497408
3862398786008
3862432074308
3862465363908
3862498652608
3862531941608
3862565232408
3862598520108
3862631808208
3862665103808
3862698387308
3862731675208
3862764972308
3862798254308
3862831543208
3862864831308
3862898120908
3862931411308
3862964698108
3862997988308
3863031276808
3863064565108
3863097857308
3863131143808
3863164432108
3863197728208
3863231010408
3863264299408
3863297596308
3863330878208
3863364166508
3863397456108
3863430744908
3863464033608
3863497353008
3863530612208
3863563902908
3863597189408
3863630485008
3863663786108
3863697056508
3863730355408
3863763635008
3863796923208
3863830213208
3863863501108
3863896790508
3863930080208
3863963369108
3863996657308
3864029977808
3864063239208
3864096524408
3864129813908
3864163108908
3864196392108
3864229680508
3864262976708
3864296262008
3864329547308
3864362837208
3864396125908
3864429414708
3864462704308
3864495993808
3864529281508
3864562571208
3864595865608
3864629148608
3864662439008
3864695733508
3864729015408
3864762305108
3864795593708
3864828883308
3864862172608
3864895461308
3864928751008
3864962038508
3864995328208
3865028622308
3865061905208
3865095195508
3865128491508
3865161772408
3865195062208
3865228371808
3865261639208
3865294929208
3865328217708
3865361506608
3865394800108
3865428085308
3865461373808
3865494663108
3865527952408
3865561276208
3865594529008
3865627819208
3865661115608
3865694396308
3865727685908
3865761008908
3865794262808
3865827553008
3865860842208
3865894130308
3865927420008
3865960708308
3865994002108
3866027288808
3866060576008
3866093871708
3866127154108
3866160443308
3866193731508
3866227021208
3866260310608
3866293599108
3866326886908
3866360177208
3866393466908
3866426755608
3866460044108
3866493333008
3866526626808
3866559911308
3866593200308
3866626494208
3866659778408
3866693066708
3866726355308
3866759646008
3866792933808
3866826222508
3866859511608
3866892801108
3866926089308
3866959388108
3866992667808
3867025957508
3867059250508
3867092535108
3867125824408
3867159112408
3867192405708
3867225691008
3867258979008
3867292268908
3867325579008
3867358846208
3867392138208
3867425428108
3867458713108
3867492023608
3867525291808
3867558580008
3867591876808
3867625159208
3867658448208
3867691736008
3867725026008
3867758316108
3867791603108
3867824893008
3867858231608
3867891470408
3867924765308
3867958049208
3867991337208
3868024633008
3868057915408
3868091204308
3868124494908
3868157783208
3868191071108
3868224361008
3868257649608
3868290939708
3868324228908
3868357519608
3868390807108
3868424094008
3868457389708
3868490673508
3868523961208
3868557257508
3868590540908
3868623828308
3868657117808
3868690410408
3868723695108
3868756985408
3868790273908
3868823562308
3868856852908
3868890147008
3868923429108
3868956718808
3868990014008
3869023303908
3869056604708
3869089875108
3869123165808
3869156452108
3869189742008
3869223037208
3869256319108
3869289609008
3869322902008
3869356186408
3869389475808
3869422770108
3869456053408
3869489343108
3869522637708
3869555920208
3869589231508
3869622499108
3869655787108
3869689076808
3869722366008
3869755684508
3869788942808
3869822233208
3869855530008
3869888810408
3869922100408
3869955395208
3869988677308
3870021967308
3870055256108
3870088544108
3870121834208
3870155122608
3870188414508
3870221702108
3870254990008
3870288283208
3870321567308
3870354857208
3870388181008
3870421435508
3870454724108
3870488019908
3870521301208
3870554591208
3870587880908
3870621168508
3870654458108
3870687746908
3870721036008
3870754325308
3870787618608
3870820907608
3870854192008
3870887481008
3870920775308
3870954059108
3870987348308
3871020636508
3871053927308
3871087214808
3871120504108
3871153792308
3871187082408
3871220372008
3871253664308
3871286949008
3871320264708
3871353531908
3871386816208
3871420105008
3871453393408
3871486682908
3871519971208
3871553260608
3871586550108
3871619838508
3871653127208
3871686456308
3871719706008
3871752995208
3871786292508
3871819573208
3871852863108
3871886156408
3871919443608
3871952729308
3871986016908
3872019307008
3872052596908
3872085884208
3872119174008
3872152463608
3872185751308
3872219046408
3872252329008
3872285618408
3872318915008
3872352197508
3872385484808
3872418774808
3872452064008
3872485352408
3872518642108
3872551930608
3872585220008
3872618508008
3872651800508
3872685087508
3872718375108
3872751670908
3872784954108
3872818242208
3872851537808
3872884841808
3872918109108
3872951399108
3872984687408
3873017976108
3873051278608
3873084554408
3873117843108
3873151133108
3873184427308
3873217711008
3873250998908
3873284295208
3873317579208
3873350866208
3873384156008
3873417477408
3873450732908
3873484023008
3873517311908
3873550600208
3873583890208
3873617182208
3873650470608
3873683758208
3873717051308
3873750333708
3873783623608
3873816919408
3873850201308
3873883491408
3873916779708
3873950069508
3873983356708
3874016647108
3874049937308
3874083223908
3874116514008
3874149808308
3874183090908
3874216381308
3874249676908
3874282958108
3874316247808
3874349536408
3874382825208
3874416115808
3874449404208
3874482692008
3874515981308
3874549271008
3874582592608
3874615860508
3874649137908
3874682433808
3874715714808
3874749005008
3874782300308
3874815582008
3874848872008
3874882161008
3874915449508
3874948739208
3874982026908
3875015316808
3875048605708
3875081894508
3875115188908
3875148526108
3875181761908
3875215088508
3875248339508
3875281628708
3875314918008
3875348206008
3875381495608
3875414784908
3875448073208
3875481364708
3875514652608
3875547945308
3875581229808
3875614520008
3875647812808
3875681097308
3875714384608
3875747674508
3875780965208
3875814252908
3875847541308
3875880831008
3875914119508
3875947408008
3875980700608
3876013986808
3876047275908
3876080570008
3876113853808
3876147143908
3876180437508
3876213721408
3876247009708
3876280298508
3876313587908
3876346876808
3876380164808
3876413454908
3876446743508
3876480032008
3876513328208
3876546611108
3876579899008
3876613195508
3876646480608
3876679767308
3876713083608
3876746345208
3876779635408
3876812922008
3876846212108
3876879524108
3876912788508
3876946081008
3876979367208
3877012656208
3877045951108
3877079233708
3877112523008
3877145819608
3877179101308
3877212390308
3877245736108
3877278969008
3877312257108
3877345547008
3877378835508
3877412125308
3877445412908
3877478708608
3877511992808
3877545280108
3877578576008
3877611858908
3877645147108
3877678437208
3877711726908
3877745014308
3877778304008
3877811592208
3877844881408
3877878171608
3877911481208
3877944748008
3877978037708
3878011332508
3878044618208
3878077905008
3878111200008
3878144484808
3878177770808
3878211060908
3878244349908
3878277637808
3878310927708
3878344216508
3878377505208
3878410794908
3878444107808
3878477372008
3878510661908
3878543956608
3878577238808
3878610545508
3878643817908
3878677122808
3878710395508
3878743684408
3878776974008
3878810261908
3878843551908
3878876846408
3878910129008
3878943419208
3878976737808
3879009996308
3879043286008
3879076582908
3879109862908
3879143153008
3879176441208
3879209730208
3879243023108
3879276308408
3879309597008
3879342886208
3879376175608
3879409473608
3879442754908
3879476043108
3879509338808
3879542619708
3879575910008
3879609199808
3879642486808
3879675776908
3879709065708
3879742354108
3879775643808
3879808933708
3879842225808
3879875511008
3879908799008
3879942093908
3879975378908
3880008666608
3880041954808
3880075245008
3880108533908
3880141823108
3880175121908
3880208401008
3880241689608
3880274978508
3880308267908
3880341556708
3880374850608
3880408134808
3880441423908
3880474718408
3880508002108
3880541289908
3880574580408
3880607869208
3880641157408
3880674446408
3880707775708
3880741025008
3880774313008
3880807609108
3880840891708
3880874181008
3880907474308
3880940759008
3880974048608
3881007336008
3881040625808
3881073946208
3881107202708
3881140496308
3881173782008
3881207070108
3881240361308
3881273648108
3881306937208
3881340233808
3881373516108
3881406804308
3881440099708
3881473382608
3881506671208
3881539961608
3881573250008
3881606539008
3881639826808
3881673116608
3881706406808
3881739694008
3881772989508
3881806272808
3881839560908
3881872856608
3881906139308
3881939428208
3881972717808
3882006006708
3882039294808
3882072585008
3882105874108
3882139162308
3882172451808
3882205743608
3882239030008
3882272340008
3882305613208
3882338898008
3882372185008
3882405480908
3882438784108
3882472052208
3882505341808
3882538631708
3882571918808
3882605208708
3882638500108
3882671785808
3882705075708
3882738369908
3882771653008
3882804968408
3882838237708
3882871520108
3882904810008
3882938098608
3882971387808
3883004675608
3883037965608
3883071255708
3883104546408
3883137832608
3883171125408
3883204409908
3883237699508
3883270995908
3883304276708
3883337567008
3883370861308
3883404144008
3883437434708
3883470722808
3883504010908
3883537300708
3883570589508
3883603907208
3883637168208
3883670456908
3883703752208
3883737033808
3883770323408
3883803620208
3883836900608
3883870191108
3883903479508
3883936768008
3883970057808
3884003367208
3884036635008
3884069925108
3884103213108
3884136511108
3884169801808
3884203080608
3884236375508
3884269658708
3884302947508
3884336274208
3884369528108
3884402815008
3884436105008
3884469391708
3884502682008
3884536007408
3884569259308
3884602549208
3884635838208
3884669131708
3884702415808
3884735703808
3884768999108
3884802287008
3884835571108
3884868859908
3884902149408
3884935438808
3884968726908
3885002017508
3885035305908
3885068594908
3885101888108
3885135172908
3885168462608
3885201756008
3885235039308
3885268328508
3885301616808
3885334906608
3885368195808
3885401484108
3885434773808
3885468061608
3885501350508
3885534643408
3885567929108
3885601218008
3885634513208
3885667796608
3885701085708
3885734380908
3885767663808
3885800954108
3885834240708
3885867534208
3885900819608
3885934108108
3885967397908
3886000687708
3886033974908
3886067270308
3886100574808
3886133842308
3886167137508
3886200419908
3886233708708
3886267022208
3886300287508
3886333575908
3886366865808
3886400154308
3886433443808
3886466731608
3886500023508
3886533311808
3886566598708
3886599894108
3886633209008
3886666465908
3886699761408
3886733044608
3886766332608
3886799622208
3886832911808
3886866200108
3886899490608
3886932778708
3886966066908
3886999356608
3887032651408
3887065933908
3887099224308
3887132518708
3887165801908
3887199089708
3887232379608
3887265669408
3887298956808
3887332246608
3887365555708
3887398824008
3887432113908
3887465406008
3887498690808
3887531980708
3887565274908
3887598558108
3887631847608
3887665142608
3887698426308
3887731714308
3887765003708
3887798312408
3887831603308
3887864870708
3887898161508
3887931447608
3887964737608
3887998037108
3888031314708
3888064605008
3888097900408
3888131182108
3888164471808
3888197759808
3888231049008
3888264338708
3888297648008
3888330916208
3888364231908
3888397494508
3888430787408
3888464072808
3888497361308
3888530685708
3888563938808
3888597228508
3888630529508
3888663805808
3888697095708
3888730384208
3888763672708
3888796962008
3888830256508
3888863543108
3888896829708
3888930118008
3888963412408
3888996697808
3889029985408
3889063280608
3889096572908
3889129852508
3889163141708
3889196431208
3889229719308
3889263010308
3889296297208
3889329586308
3889362876008
3889396168408
3889429453308
3889462744108
3889496036908
3889529320708
3889562621008
3889595897908
3889629189208
3889662476708
3889695764808
3889729053808
3889762343808
3889795632008
3889828923408
3889862211008
3889895499808
3889928793208
3889962077908
3889995367708
3890028660808
3890061945208
3890095266208
3890128522008
3890161811308
3890195100608
3890228388808
3890261678808
3890294966708
3890328256108
3890361552408
3890394833908
3890428122808
3890461452008
3890494701508
3890527989808
3890561279708
3890594582408
3890627857908
3890661145708
3890694435808
3890727726108
3890761012608
3890794304408
3890827591408
3890860879908
3890894175508
3890927459108
3890960746608
3890994043008
3891027324808
3891060613908
3891093904208
3891127192808
3891160480808
3891193770608
3891227059308
3891260347708
3891293637608
3891326932508
3891360216008
3891393503708
3891426799308
3891460082908
3891493370608
3891526660908
3891559951008
3891593237708
3891626527808
3891659837608
3891693104908
3891726394708
3891759686308
3891792972008
3891826282808
3891859577908
3891892838808
3891926128608
3891959423808
3891992718308
3892025994808
3892059284608
3892092575408
3892125861808
3892159151408
3892192491308
3892225728908
3892259018908
3892292314308
3892325595508
3892358885208
3892392179708
3892425462508
3892458753608
3892492041508
3892525329808
3892558618808
3892591908308
3892625221508
3892658487708
3892691775708
3892725070408
3892758352308
3892791642708
3892824938008
3892858219708
3892891509308
3892924805908
3892958086608
3892991376708
3893024666108
3893057953808
3893091243408
3893124532208
3893157821008
3893191111308
3893224399708
3893257693508
3893290977508
3893324266808
3893357596208
3893390864608
3893424133308
3893457423708
3893490710408
3893524000608
3893557296008
3893590593708
3893623867608
3893657156108
3893690449008
3893723734908
3893757022408
3893790317508
3893823601308
3893856890008
3893890182208
3893923493808
3893956757808
3893990045808
3894023335508
3894056624408
3894089914008
3894123202008
3894156491408
3894189782608
3894223074508
3894256358408
3894289646908
3894322941608
3894356225608
3894389515408
3894422802408
3894456092508
3894489380908
3894522669908
3894555960408
3894589248908
3894622536908
3894655831408
3894689115408
3894722403708
3894755701208
3894788982708
3894822271508
3894855569808
3894888849308
3894922139608
3894955426408
3894988716608
3895022005508
3895055293708
3895088593408
3895121879608
3895155160608
3895188456308
3895221739108
3895255027808
3895288323808
3895321606508
3895354894708
3895388184508
3895421473508
3895454762608
3895488050508
3895521340308
3895554630108
3895587918108
3895621213408
3895654527308
3895687784708
3895721080208
3895754363408
3895787651708
3895820941508
3895854229908
3895887518808
3895920809108
3895954097608
3895987385908
3896020716308
3896053966608
3896087252908
3896120542308
3896153837108
3896187121708
3896220408908
3896253704608
3896286988108
3896320275708
3896353568608
3896386855408
3896420142608
3896453432708
3896486722008
3896520009708
3896553299608
3896586593908
3896619876808
3896653167308
3896686461308
3896719743708
3896753033308
3896786322408
3896819626608
3896852900608
3896886189308
3896919478808
3896952766808
3896986056508
3897019349908
3897052633708
3897085923608
3897119218708
3897152500508
3897185790108
3897219106408
3897252367408
3897285657508
3897318945808
3897352234708
3897385542308
3897418813408
3897452101808
3897485391408
3897518680708
3897552004208
3897585257508
3897618547108
3897651844008
3897685124308
3897718414708
3897751759608
3897784992008
3897818281608
3897851573508
3897884858708
3897918148508
3897951436608
3897984729708
3898018016308
3898051304408
3898084598408
3898117882208
3898151171208
3898184466208
3898217749908
3898251038308
3898284327508
3898317615608
3898350905408
3898384195308
3898417482608
3898450772508
3898484061208
3898517355408
3898550639108
3898583929208
3898617223008
3898650506708
3898683795108
3898717083608
3898750373708
3898783662608
3898816950808
3898850240308
3898883529508
3898916818708
3898950130208
3898983396408
3899016690308
3899049979408
3899083263408
3899116560208
3899149840708
3899183130708
3899216419208
3899249707808
3899282997108
3899316285708
3899349574208
3899382866208
3899416152908
3899449441908
3899482758908
3899516020808
3899549308908
3899582605308
3899615887308
3899649176808
3899682464708
3899715754608
3899749043508
3899782331408
3899815621108
3899848911408
3899882198508
3899915494008
3899948778308
3899982066108
3900015361508
3900048643508
3900081932508
3900115229908
3900148511808
3900181800008
3900215089508
3900248378608
3900281666208
3900314957508
3900348247108
3900381534508
3900414822508
3900448118108
3900481402108
3900514689508
3900547985708
3900581268108
3900614559808
3900647846408
3900681146408
3900714423808
3900747713508
3900781002208
3900814290608
3900847580408
3900880874708
3900914158008
3900947447008
3900980742008
3901014031808
3901047313208
3901080603608
3901113893408
3901147180208
3901180470408
