6298754749708
6298788038908
6298821334308
6298854615808
6298887906308
6298921202808
6298954483108
6298987772608
6299021061708
6299054350208
6299087640108
6299120933508
6299154217108
6299187507408
6299220795208
6299254089608
6299287374908
6299320663308
6299353957308
6299387241608
6299420530508
6299453825908
6299487120208
6299520397008
6299553687408
6299586974508
6299620264208
6299653567408
6299686842508
6299720131608
6299753421208
6299786714208
6299819998308
6299853286408
6299886582008
6299919866408
6299953154708
6299986442408
6300019732208
6300053021708
6300086309608
6300119600108
6300152888608
6300186177808
6300219470708
6300252755808
6300286044708
6300319338508
6300352638008
6300385911208
6300419199608
6300452491108
6300485800008
6300519067008
6300552356608
6300585654008
6300618933808
6300652245608
6300685512608
6300718801408
6300752097508
6300785380008
6300818668808
6300851962808
6300885246808
6300918536608
6300951823708
6300985114208
6301018403008
6301051691108
6301084980708
6301118270408
6301151557508
6301184853808
6301218136708
6301251425308
6301284721408
6301318005808
6301351292708
6301384585508
6301417870608
6301451160008
6301484448008
6301517738108
6301551028308
6301584315308
6301617606308
6301650943808
6301684182408
6301717477908
6301750760908
6301784049308
6301817345608
6301850631108
6301883916308
6301917207408
6301950495108
6301983783508
6302017073008
6302050362208
6302083650708
6302116940608
6302150234608
6302183518708
6302216806408
6302250102208
6302283385608
