5422554651108
5422587939508
5422621230008
5422654518308
5422687809708
5422721096308
5422754385408
5422787709608
5422820976908
5422854252308
5422887549208
5422920829508
5422954119808
5422987422808
5423020696608
5423053986708
5423087275808
5423120563808
5423153853708
5423187141908
5423220436908
5423253721508
5423287009508
5423320304008
5423353587708
5423386876308
5423420166308
5423453455508
5423486743708
5423520034008
5423553321008
5423586610908
5423619899708
5423653194608
5423686477808
5423719767708
5423753060908
5423786344808
5423819640508
5423852927908
5423886213708
5423919500208
5423952788808
5423986087908
5424019367908
5424052656508
5424085946708
5424119234708
5424152524408
5424185817308
5424219102208
5424252392108
5424285685408
5424318968808
5424352291508
5424385546108
5424418836208
5424452126408
5424485413608
5424518703108
5424551991408
5424585280408
5424618575308
5424651859108
5424685147308
5424718442908
5424751725908
5424785014408
5424818311308
5424851593108
5424884882108
5424918170408
5424951459808
5424984751608
5425018037508
5425051327108
5425084615908
5425117904608
5425151200108
5425184482308
5425217771408
5425251067908
5425284349808
5425317638108
5425350968008
5425384240108
5425417505708
5425450795208
5425484084308
5425517373708
5425550662008
5425583954908
5425617241408
5425650528608
5425683824408
5425717107008
5425750395508
5425783691908
5425816975708
5425850262708
5425883552808
5425916841308
5425950129808
5425983419608
5426016708808
5426049996508
5426083286208
5426116581008
5426149864008
5426183152808
5426216449208
5426249732408
5426283020308
5426316309708
5426349631708
5426382886908
5426416176408
5426449465708
5426482754008
5426516043808
5426549335908
5426582620808
5426615912008
5426649205208
5426682488208
5426715777708
5426749073108
5426782357308
5426815849108
5426848934008
5426882227408
5426915510708
5426948800908
5426982091108
5427015377908
5427048667908
5427081964608
5427115245208
5427148535108
5427181828808
5427215112108
5427248402008
5427281690808
5427314979108
5427348298108
5427381557908
5427414846208
5427448136208
5427481425108
5427514719308
5427548002508
5427581292008
5427614588208
5427647869108
5427681159308
5427714453908
5427747736508
5427781026208
5427814315408
5427847603308
5427880893008
5427914181908
5427947470508
5427980760308
5428014049508
5428047343108
5428080627008
5428113916208
5428147245708
5428180493108
5428213783308
5428247073308
5428280360508
5428313650508
5428346970508
5428380230008
5428413517308
5428446806508
5428480099008
5428513384308
5428546672508
5428579967608
5428613252608
5428646539608
5428679832008
5428713117908
5428746407208
5428779695808
5428812986208
5428846274708
5428879563908
5428912851708
5428946141508
5428979430808
5429012724408
5429046008608
5429079297208
5429112592708
5429145875708
5429179163608
5429212453108
5429245742808
5429279031908
5429312319808
5429345637408
5429378898508
5429412186808
5429445482308
5429478765608
5429512054908
5429545348308
5429578632708
5429611922808
5429645213508
5429678500008
5429711788508
5429745076608
5429778366708
5429811656108
5429844943708
5429878234408
5429911522408
5429944811208
5429978107708
5430011390108
5430044678108
5430077974208
5430111260108
5430144546108
5430177841908
5430211124208
5430244413808
5430277701008
5430310991108
5430344315308
5430377568008
5430410862608
5430444148108
5430477435408
5430510730908
5430544013408
5430577302208
5430610599608
5430643880908
5430677169508
5430710458808
5430743748508
5430777036308
5430810327008
5430843615708
5430876904208
5430910192408
5430943487908
5430976771608
5431010059508
5431043355608
5431076638308
5431109926308
5431143216408
5431176526708
5431209793908
5431243083208
5431276371508
5431309660508
5431342982008
5431376267008
5431409527808
5431442817308
5431476111908
5431509395308
5431542683008
5431575976808
5431609275508
5431642550408
5431675840408
5431709129308
5431742417508
5431775707708
5431808998608
5431842284508
5431875574708
5431908868508
5431942152108
5431975442308
5432008736808
5432042018508
5432075308308
5432108597208
5432141904108
5432175196308
5432208464808
5432241754208
5432275041808
5432308331708
5432341648108
5432374908608
5432408198508
5432441493908
5432474776108
5432508065608
5432541353808
5432574642808
5432607934208
5432641221408
5432674510208
5432707799708
5432741088808
5432774378408
5432807667508
5432840955808
5432874254208
5432907532608
5432940822908
5432974118808
5433007399908
5433040690008
5433073978908
5433107267108
5433140556908
5433173872308
5433207134108
5433240423708
5433273712808
5433307007508
5433340328508
5433373580008
5433406904108
5433440157908
5433473446908
5433506739708
5433540024108
5433573313308
5433606603508
5433639891108
5433673181108
5433706470508
5433739759808
5433773048108
5433806337808
5433839630908
5433872915108
5433906203508
5433939498708
5433972782908
5434006071008
5434039359408
5434072648708
5434105938108
5434139227508
5434172534408
5434205805508
5434239095708
5434272388608
5434305672208
5434338975808
5434372254808
5434405539608
5434438828308
5434472116708
5434505406208
5434538694808
5434571983608
5434605273708
5434638562008
5434671850608
5434705141808
5434738429508
5434771717408
5434805014708
5434838296808
5434871585608
5434904879208
5434938163308
5434971453408
5435004740508
5435038030508
5435071335908
5435104607608
5435137897608
5435171195108
5435204474708
5435237770308
5435271052908
5435304342008
5435337645008
5435370920008
5435404208908
5435437498408
5435470788008
5435504076808
5435537364408
5435570654808
5435603944708
5435637232008
5435670523108
5435703810608
5435737098908
5435770394508
5435803678608
5435836965808
5435870262308
5435903543908
5435936833308
5435970123508
5436003411508
5436036700008
5436069989508
5436103278708
5436136567308
5436169860308
5436203151808
5436236436208
5436269722908
5436303018708
5436336315808
5436369589608
5436402880008
5436436168708
5436469457408
5436502747008
5436536035208
5436569324108
5436602614208
5436635904608
5436669191308
5436702519908
5436735775808
5436769059608
5436802349008
5436835643208
5436868927208
5436902214308
5436935504708
5436968793108
5437002081508
5437035371008
5437068661308
5437101948508
5437135238008
5437168532908
5437201815408
5437235105508
5437268399608
5437301682508
5437334971508
5437368261508
5437401549608
5437434839308
5437468128108
5437501439408
5437534705208
5437567994808
5437601288108
5437634572408
5437667862608
5437701188208
5437734439708
5437767729508
5437801025108
5437834325808
5437867596608
5437900884908
5437934174008
5437967464108
5438000752708
5438034040808
5438067340408
5438100619408
5438133943008
5438167197208
5438200486808
5438233781708
5438267063608
5438300353108
5438333660208
5438366930808
5438400220708
5438433509408
5438466797708
5438500087108
5438533376208
5438566667208
5438599954708
5438633243308
5438666538008
5438699871508
5438733111108
5438766405308
5438799688708
5438832977708
5438866267408
5438899554908
5438932845008
5438966135108
5438999421908
5439032711908
5439066000808
5439099294508
5439132579108
5439165868008
5439199162608
5439232445608
5439265734808
5439299022808
5439332316208
5439365601608
5439398890308
5439432179708
5439465469008
5439498758208
5439532048608
5439565335908
5439598626208
5439631918708
5439665203308
5439698517008
5439731786408
5439765071508
5439798359208
5439831647408
5439864937508
5439898225508
5439931514808
5439964805008
5439998093408
5440031381308
5440064676708
5440097960008
5440131249408
5440164545108
5440197827108
5440231117108
5440264404408
5440297694308
5440330983208
5440364273108
5440397561308
5440430851608
5440464138208
5440497430708
5440530716608
5440564005808
5440597301708
5440630583908
5440663872608
5440697196208
5440730451608
5440763739608
5440797029908
5440830321708
5440863607808
5440896895108
5440930185308
5440963475208
5440996762908
5441030057808
5441063351908
5441096629808
5441129925808
5441163208808
5441196496508
5441229786508
5441263076008
5441296363708
5441329653608
5441362943108
5441396230908
5441429520508
5441462812708
5441496097808
5441529386508
5441562682208
5441595966408
5441629253608
5441662550008
5441695852608
5441729120908
5441762410808
5441795699708
5441828987608
5441862277708
5441895565808
5441928855108
5441962145908
5441995439108
5442028722208
5442062011708
5442095306608
5442128596408
5442161879708
5442195167808
5442228457008
5442261744908
5442295034608
5442328324608
5442361611908
5442394902408
5442428195008
5442461479108
5442494769008
5442528084708
5442561349308
5442594636308
5442627930708
5442661213008
5442694537008
5442727791908
5442761080308
5442794377708
5442827658808
5442860948308
5442894236008
5442927526208
5442960821908
5442994103408
5443027393108
5443060687908
5443093970208
5443127260308
5443160550108
5443193837408
5443227127508
5443260416108
5443293704708
5443326995208
5443360283408
5443393575008
5443426861008
5443460150208
5443493445808
5443526749208
5443560016908
5443593313508
5443626594408
5443659884308
5443693200708
5443726461808
5443759751608
5443793041608
5443826328508
5443859618808
5443892906708
5443926201308
5443959486308
5443992775008
5444026068808
5444059370908
5444092641608
5444125929808
5444159220408
5444192508808
5444225797708
5444259085808
5444292375508
5444325665008
5444358955908
5444392242708
5444425531408
5444458825508
5444492109708
5444525420108
5444558692908
5444591978408
5444625265008
5444658554008
5444691872808
5444725132508
5444758421008
5444791711008
5444824999608
5444858289008
5444891582508
5444924866608
5444958156708
5444991450008
5445024733808
5445058022408
5445091311008
5445124600708
5445157890408
5445191178308
5445224467608
5445257756508
5445291044808
5445324344108
5445357623908
5445390912308
5445424207908
5445457490908
5445490779208
5445524091008
5445557358008
5445590653008
5445623935108
5445657224808
5445690530708
5445723801808
5445757092308
5445790381208
5445823669108
5445856964808
5445890247008
5445923536308
5445956833108
5445990114608
5446023403308
5446056693208
5446089981908
5446123270608
5446156561208
5446189849208
5446223138208
5446256426408
5446289721408
5446323006408
5446356293608
5446389588708
5446422872308
5446456160608
5446489456408
5446522750208
5446556027608
5446589317708
5446622606108
5446655894608
5446689194808
5446722473108
5446755761808
5446789051508
5446822349308
5446855629808
5446888917108
5446922213908
5446955497808
5446988784508
5447022074508
5447055364708
5447088651908
5447121941608
5447155231008
5447188518508
5447221808608
5447255101108
5447288385908
5447321676708
5447354970408
5447388253008
5447421541908
5447454837808
5447488131908
5447521415608
5447554698608
5447587988408
5447621275708
5447654565908
5447687861308
5447721143108
5447754432708
5447787728008
5447821010108
5447854300008
5447887593808
5447920877108
5447954166808
5447987455508
5448020743908
5448054068008
5448087322708
5448120611208
5448153901508
5448187189908
5448220483708
5448253767008
5448287056708
5448320355908
5448353634008
5448386924008
5448420219208
5448453501108
5448486790908
5448520079808
5448553374708
5448586658008
5448619946208
5448653235708
5448686531408
5448719813808
5448753108508
5448786391708
5448819681308
5448853007508
5448886258008
5448919548308
5448952838308
5448986125508
5449019414908
5449052744108
5449085992108
5449119282308
5449152571508
5449185864508
5449219148908
5449252437808
5449285732108
5449319017308
5449352305308
5449385596708
5449418883308
5449452172408
5449485460608
5449518751508
5449552038908
5449585328608
5449618616308
5449651906408
5449685195308
5449718489008
5449751773108
5449785062308
5449818359308
5449851640408
5449884928208
5449918217708
5449951507108
5449984796108
5450018084508
5450051412908
5450084663408
5450117952908
5450151247208
5450184530308
5450217821008
5450251113608
5450284397408
5450317686408
5450350974508
5450384264608
5450417554708
5450450841708
5450484131608
5450517420508
5450550708508
5450583999708
5450617287408
5450650576108
5450683871708
5450717154708
5450750443008
5450783739308
5450817021608
5450850310908
5450883598508
5450916888408
5450950178908
5450983466108
5451016755508
5451050094908
5451083332608
5451116627808
5451149911908
5451183199908
5451216495908
5451249778408
5451283066708
5451316364308
5451349645608
5451382934308
5451416223508
5451449513008
5451482801208
5451516091308
5451549397408
5451582669108
5451615956808
5451649252508
5451682535708
5451715824308
5451749120508
5451782402608
5451815690808
5451848981008
5451882269708
5451915558008
5451948847908
5451982137008
5452015425108
5452048745308
5452082009308
5452115292408
5452148581908
5452181876708
5452215160508
5452248448408
5452281741408
5452315028008
5452348315208
5452381605508
5452414894008
5452448182608
5452481472008
5452514763008
5452548049708
5452581339208
5452614633608
5452647916608
5452681206608
5452714501808
5452747783208
5452781073008
5452814362008
5452847668108
5452880939108
5452914229808
5452947519108
5452980806808
5453014096308
5453047435608
5453080673608
5453113963708
5453147259308
5453180540508
5453213830008
5453247118408
5453280407608
5453313698408
5453346986408
5453380274608
5453413563708
5453446853608
5453480173008
5453513431808
5453546720908
5453580017008
5453613297808
5453646588108
5453679883008
5453713164708
5453746454808
5453779745208
5453813031708
5453846321508
5453879610208
5453912898708
5453946188608
5453979477408
5454012771108
5454046094908
5454079345308
5454112639308
5454145922808
5454179211908
5454212504308
5454245789108
5454279078508
5454312372408
5454345655908
5454378946208
5454412234708
5454445524408
5454478812808
5454512103008
5454545395508
5454578680408
5454611968308
5454645263208
5454678547308
5454711836408
5454745124308
5454778413708
5454811702508
5454844992508
5454878302908
5454911569808
5454944860308
5454978152908
5455011436908
5455044754508
5455078021308
5455111304508
5455144592908
5455177881508
5455211172708
5455244459608
5455277748208
5455311039108
5455344327208
5455377615708
5455410905908
5455444194208
5455477482308
5455510779508
5455544061408
5455577350808
5455610644508
5455643928108
5455677217808
5455710505508
5455743795508
5455777084108
5455810376308
5455843662108
5455876972008
5455910240108
5455943535608
5455976818308
5456010106408
5456043431108
5456076685208
5456109973808
5456143263308
5456176552608
5456209841408
5456243129608
5456276419208
5456309709408
5456342996708
5456376288408
5456409575408
5456442864008
5456476159108
5456509443408
5456542730608
5456576027108
5456609309208
5456642598108
5456675888508
5456709177108
5456742464808
5456775754408
5456809043608
5456842332808
5456875642808
5456908916008
5456942200808
5456975488108
5457008783408
5457042091608
5457075355408
5457108644508
5457141936008
5457175221908
5457208511908
5457241800108
5457275089108
5457308407208
5457341670108
5457374956008
5457408245408
5457441540608
5457474824008
5457508114008
5457541407808
5457574691108
5457607978908
5457641269308
5457674558908
5457707846308
5457741136008
5457774424808
5457807712808
5457841003408
5457874315608
5457907580208
5457940870308
5457974164308
5458007447308
5458040755508
5458074025808
5458107314308
5458140603908
5458173893008
5458207204608
5458240470508
5458273760108
5458307053008
5458340336908
5458373626808
5458406922008
5458440204108
5458473493908
5458506790608
5458540071208
5458573361408
5458606649308
5458639938508
5458673229308
5458706517008
5458739805408
5458773095308
5458806417108
5458839707308
5458872975108
5458906251808
5458939547608
5458972828608
5459006118308
5459039423008
5459072695108
5459105985808
5459139274008
5459172562708
5459205852708
5459239140908
5459272431708
5459305720008
5459339008108
5459372303108
5459405586108
5459438875708
5459472170208
5459505454208
5459538742208
5459572031908
5459605320008
5459638609408
5459671899208
5459705187008
5459738476808
5459771765308
5459805059008
5459838343508
5459871639708
5459904927008
5459938210608
5459971499208
5460004788308
5460038085708
5460071366808
5460104655108
5460137944608
5460171233608
5460204523108
5460237813308
5460271101008
5460304390408
5460337683108
5460370969608
5460404291508
5460437551408
5460470835208
5460504124808
5460537412108
5460570702208
5460603990208
5460637279308
5460670569708
5460703858008
5460737146108
5460770441408
5460803725108
5460837013608
5460870311708
5460903591908
5460936881008
5460970169208
5461003458808
5461036754208
5461070036208
5461103326008
5461136614508
5461169903308
5461203195408
5461236481408
5461269770308
5461303066308
5461336348708
5461369637508
5461402966708
5461436216008
5461469504508
5461502794308
5461536083308
5461569372308
5461602660708
5461635950308
5461669239808
5461702527608
5461735823108
5461769106308
5461802394308
5461835690008
5461868973508
5461902261208
5461935551408
5461968840108
5462002128308
5462035436808
5462068707108
5462101995608
5462135285308
5462168576808
5462201863408
5462235151508
5462268446908
5462301731808
5462335018208
5462368314608
5462401630608
5462434885808
5462468175708
5462501468708
5462534752508
5462568042708
5462601331108
5462634619808
5462667910508
5462701204008
5462734487008
5462767776408
5462801071508
5462834360908
5462867644108
5462900932908
5462934222008
5462967509508
5463000799508
5463034088608
5463067377008
5463100666708
5463133959008
5463167243708
5463200533708
5463233827508
5463267111008
5463300416908
5463333695608
5463366978008
5463400324808
5463433556708
5463466865708
5463500134608
5463533423708
5463566713908
5463600001008
5463633291008
5463666586608
5463699868208
5463733157908
5463766454308
5463799735108
5463833024908
5463866313908
5463899602408
5463932891608
5463966180708
5463999469308
5464032759408
5464066048108
5464099340308
5464132625708
5464165914908
5464199238508
5464232492108
5464265782408
5464299078908
5464332359108
5464365649308
5464398970808
5464432226408
5464465516108
5464498805308
5464532093408
5464565383408
5464598671008
5464631965908
5464665250908
5464698538708
5464731833808
5464765117008
5464798427108
5464831694908
5464864984508
5464898273108
5464931562608
5464964850208
5464998140208
5465031429808
5465064721108
5465098007408
5465131296008
5465164590008
5465197874308
5465231162608
5465264457708
5465297741408
5465331030408
5465364318608
5465397636908
5465430898108
5465464185608
5465497475708
5465530764208
5465564053708
5465597347308
5465630632008
5465663921308
5465697214808
5465730498808
5465763787808
5465797075508
5465830365608
5465863654808
5465896943008
5465930232508
5465963521408
5465996810308
5466030104008
5466063389008
5466096677008
5466129973208
5466163255908
5466196544608
5466229861208
5466263122408
5466296415908
5466329699908
5466362989608
5466396300908
5466429566908
5466462856708
5466496145608
5466529433908
5466562729708
5466596011608
5466629300908
5466662598808
5466695879908
5466729168008
5466762457908
5466795746508
5466829035808
5466862325508
5466895614008
5466928904208
5466962191208
5466995484608
5467028770308
5467062058008
5467095354008
5467128638008
5467161925308
5467195221508
5467228525308
5467261792108
5467295082108
5467328370908
5467361659708
5467394986608
5467428238208
5467461526408
5467494816108
5467528110708
5467561394408
5467594682208
5467627978208
5467661262108
5467694549308
5467727839308
5467761128208
5467794417508
5467827706208
5467860996208
5467894283608
5467927573808
5467960865608
5467994150308
5468027440708
5468060734808
5468094017408
5468127307308
5468160602808
5468193898808
5468227195908
5468260463708
5468293753308
5468327040108
5468360330608
5468393658108
5468426907808
5468460197708
5468493492608
5468526775008
5468560064408
5468593358808
5468626641808
5468659931708
5468693220308
5468726508308
5468759798308
5468793087708
5468826375708
5468859666008
5468892954708
5468926247708
5468959531708
5468992821508
5469026117608
5469059398708
5469092688608
5469125983508
5469159265708
5469192555708
5469225871408
5469259132708
5469292422708
5469325711508
5469358999908
5469392316708
5469425578508
5469458873008
5469492156608
5469525453308
5469558772108
5469592023008
5469625312808
5469658603108
5469691890208
5469725179908
5469758468308
5469791757308
5469825046808
5469858337208
5469891628608
5469924913708
5469958202308
5469991497108
5470024781908
5470058069808
5470091364708
5470124647808
5470157937208
5470191226308
5470224536508
5470257803708
5470291094208
5470324381308
5470357670908
5470390979208
5470424254108
5470457537708
5470490828108
5470524121408
5470557408808
5470590693008
5470623982508
5470657273208
5470690561308
5470723849208
5470757139208
5470790428108
5470823716508
5470857012108
5470890295208
5470923584408
5470956878108
5470990162408
5471023452608
5471056742708
5471090029308
5471123318308
5471156606508
5471189896408
5471223200808
5471256473608
5471289764308
5471323052008
5471356340508
5471389646308
5471422919508
5471456207708
5471489504208
5471522785908
5471556075808
5471589363408
5471622653908
5471655943808
5471689230708
5471722520708
5471755809708
5471789097708
5471822392308
5471855677408
5471888964608
5471922260308
5471955543008
5471988831608
5472022129108
5472055413908
5472088699308
5472121988208
5472155277308
5472188565808
5472221866608
5472255145108
5472288435608
5472321722008
5472355017608
5472388318108
5472421589008
5472454885208
5472488167908
5472521456308
5472554745708
5472588033508
5472621322908
5472654613108
5472687901708
5472721189908
5472754479508
5472787773808
5472821057108
5472854347608
5472887641708
5472920924808
5472954213008
5472987508908
5473020793108
5473054080208
5473087370208
5473120658608
5473153947208
5473187237108
5473220537108
5473253814008
5473287103908
5473320398708
5473353681308
5473386977708
5473420266408
5473453556708
5473486838208
5473520127208
5473553418908
5473586703908
5473619994408
5473653283608
5473686571308
5473719861008
5473753190708
5473786440208
5473819728608
5473853024708
5473886305508
5473919595408
5473952887408
5473986172508
5474019463508
5474052751208
5474086039708
5474119329308
5474152618808
5474185936008
5474219197308
5474252485208
5474285780808
5474319062308
5474352352708
5474385647808
5474418929808
5474452219208
5474485508508
5474518796808
5474552086808
5474585374708
5474618663908
5474651953608
5474685242208
5474718535808
5474751854308
5474785109108
5474818404108
5474851690708
5474884976508
5474918269008
5474951553708
5474984843408
5475018133508
5475051420808
5475084710808
5475117999108
5475151288508
5475184578108
5475217866408
5475251160208
5475284448108
5475317733108
5475351028308
5475384311608
5475417600408
5475450889308
5475484178608
5475517476808
5475550756808
5475584044608
5475617335208
5475650624708
