4527879242508
4527912528108
4527945816908
4527979110608
4528012395308
4528045682908
4528078975608
4528112262108
4528145550608
4528178839008
4528212129108
4528245417708
4528278706208
4528311998408
4528345285508
4528378574108
4528411867808
4528445152008
4528478442108
4528511734908
4528545019308
4528578307508
4528611596208
4528644886208
4528678176408
4528711463608
4528744753208
4528778041208
4528811330008
4528844625708
4528877909608
4528911197508
4528944496808
4528977776108
4529011065408
4529044353108
4529077643008
4529110933108
4529144220108
4529177512008
4529210849808
4529244087308
4529277377808
4529310665808
4529343954708
4529377249808
4529410532608
4529443821408
4529477118708
4529510400208
4529543688508
4529576977908
4529610267308
4529643555508
4529676846108
4529710134408
4529743423608
4529776711508
4529810006708
4529843291008
4529876578308
4529909873508
4529943157408
4529976445508
4530009738608
4530043031608
4530076312408
4530109602208
4530142891408
4530176179908
4530209471708
4530242759608
4530276046908
4530309336508
4530342631208
4530375914808
4530409202508
4530442514208
4530475782308
4530509069408
4530542359508
4530575681308
4530608937008
4530642226308
4530675528808
4530708803808
4530742093808
4530775387708
4530808670708
4530841961508
4530875255508
4530908540608
4530941827508
4530975116308
4531008418108
4531041695208
4531074983808
4531108272508
4531141560808
4531174850708
4531208142608
4531241427908
4531274718008
4531308012708
4531341294908
4531374584708
4531407900608
4531441161908
4531474452108
4531507740308
4531541029208
4531574344608
4531607607708
4531640895808
4531674185808
4531707474708
4531740798408
4531774052008
4531807341808
4531840637508
4531873918908
4531907208708
4531940497708
4531973786308
4532007076008
4532040365408
4532073653308
4532106942508
4532140231308
4532173522008
4532206810608
4532240098908
4532273392808
4532306676508
4532339965808
4532373292208
4532406548508
4532439833008
4532473122108
4532506410408
4532539700008
4532572988608
4532606277108
4532639569608
4532672855708
4532706150008
4532739433908
4532772721908
4532806046808
4532839300908
4532872589608
4532905878008
4532939199008
4532972457308
4533005745508
4533039034808
4533072323908
4533105612508
4533138903208
4533172191108
4533205481008
4533238774208
4533272058508
4533305347008
4533338641708
4533371925108
4533405214808
4533438502408
4533471791908
4533505080808
4533538369608
4533571659308
4533604948608
4533638236308
4533671531908
4533704815108
4533738104608
4533771418408
4533804682308
4533837972308
4533871259308
4533904549408
4533937857608
4533971126408
4534004416408
4534037706208
4534070993508
4534104285608
4534137571408
4534170860408
4534204156908
4534237438808
4534270727708
4534304022808
4534337306808
4534370598008
4534403884508
4534437173208
4534470462708
4534503750308
4534537040608
4534570330708
4534603622408
4534636913108
4534670196008
4534703484608
4534736780508
4534770062908
4534803351808
4534836641808
4534869930508
4534903218608
4534936508808
4534969797208
4535003086108
4535036375308
4535069667508
4535102953008
4535136241308
4535169537008
4535202821708
4535236108408
4535269405108
4535302707308
4535335975808
4535369265608
4535402554608
4535435842408
4535469132808
4535502420708
4535535710008
4535569000408
4535602293708
4535635576708
4535668866608
4535702163008
4535735451708
4535768734408
4535802022208
4535835311908
4535868600208
4535901889108
4535935179408
4535968466708
4536001756408
4536035049308
4536068334008
4536101623508
4536134928008
4536168201208
4536201490908
4536234786008
4536268067908
4536301364508
4536334646908
4536367934808
4536401224608
4536434513908
4536467831008
4536501090808
4536534381208
4536567676508
4536600958108
4536634247908
4536667576608
4536700825308
4536734114708
4536767403708
4536800692308
4536833982308
4536867270008
4536900559208
4536933850608
4536967138508
4537000430408
4537033715308
4537067005208
4537100328708
4537133583408
4537166871608
4537200169008
4537233449208
4537266738908
4537300028008
4537333316308
4537366606208
4537399896608
4537433183108
4537466473608
4537499783308
4537533056108
4537566340208
4537599628708
4537632923308
4537666236008
4537699496108
4537732784608
4537766074008
4537799363008
4537832652008
4537865940208
4537899229908
4537932520608
4537965811608
4537999097008
4538032385608
4538065683708
4538098963908
4538132253908
4538165544508
4538198831308
4538232119808
4538265408308
4538298700808
4538331987208
4538365275408
4538398564908
4538431853708
4538465142708
4538498438208
4538531721808
4538565010608
4538598304508
4538631588408
4538664877308
4538698165408
4538731455508
4538764744108
4538798032608
4538831322508
4538864610608
4538897899708
4538931194408
4538964478408
4538997766908
4539031112508
4539064345408
4539097633908
4539130930408
4539164212208
4539197502108
4539230789308
4539264079208
4539297369008
4539330656508
4539363946608
4539397235208
4539430523708
4539463819208
4539497102808
4539530391308
4539563690308
4539596969208
4539630257908
4539663548208
4539696836408
4539730124808
4539763414108
4539796703608
4539829992008
4539863309808
4539896575208
4539929860508
4539963148008
4539996443108
4540029765008
4540063014908
4540096310808
4540129595108
4540162881808
4540196171708
4540229459308
4540262748808
4540296038508
4540329328008
4540362617708
4540395905308
4540429200408
4540462483008
4540495773408
4540529068108
4540562352108
4540595638808
4540628928708
4540662218008
4540695506008
4540728795808
4540762085808
4540795373208
4540828662408
4540861957708
4540895240208
4540928530008
4540961823908
4540995106908
4541028396808
4541061706908
4541094975608
4541128263908
4541161552608
4541194863008
4541228130008
4541261419808
4541294717608
4541327997208
4541361286908
4541394601608
4541427864008
4541461153508
4541494449808
4541527731008
4541561021008
4541594309608
4541627597708
4541660888908
4541694177008
4541727465108
4541760754508
4541794044008
4541827338108
4541860623408
4541893910908
4541927206408
4541960488008
4541993778208
4542027074308
4542060355308
4542093645208
4542126933908
4542160222208
4542193512308
4542226812308
4542260090808
4542293379408
4542326667508
4542359961908
4542393259808
4542426535608
4542459830308
4542493112808
4542526402008
4542559691508
4542592979208
4542626268808
4542659559108
4542692846308
4542726135908
4542759481808
4542792722008
4542826003208
4542859292308
4542892586008
4542925870508
4542959158908
4542992447608
4543025738008
4543059026008
4543092314908
4543125604308
4543158893008
4543192181908
4543225473908
4543258765308
4543292049508
4543325343108
4543358627508
4543391916608
4543425210608
4543458494308
4543491783108
4543525071808
4543558361308
4543591671808
4543624938908
4543658228708
4543691517508
4543724805808
4543758124208
4543791384808
4543824672808
4543857970508
4543891251508
4543924541008
4543957828508
4543991118708
4544024407408
4544057695708
4544090985608
4544124275908
4544157562708
4544190855008
4544224142408
4544257430008
4544290728208
4544324007808
4544357297008
4544390594108
4544423875808
4544457164108
4544490453408
4544523743108
4544557031008
4544590321608
4544623609408
4544656898808
4544690187008
4544723482408
4544756789208
4544790053908
4544823349508
4544856632508
4544889920608
4544923211108
4544956498908
4544989788308
4545023077608
4545056366808
4545089655008
4545122977108
4545156236308
4545189522108
4545222811908
4545256106408
4545289389608
4545322678208
4545355974208
4545389257508
4545422545208
4545455834908
4545489123808
4545522412108
4545555701508
4545588991408
4545622278808
4545655569208
4545688862808
4545722146108
4545755436508
4545788751308
4545822013008
4545855302808
4545888591508
4545921895308
4545955191008
4545988459208
4546021749908
4546055036108
4546088325608
4546121634708
4546154903108
4546188193308
4546221488708
4546254770408
4546288060208
4546321353908
4546354637108
4546387927408
4546421215408
4546454504508
4546487794008
4546521083408
4546554371308
4546587662008
4546620949808
4546654245408
4546687527008
4546720817008
4546754113908
4546787394808
4546820684308
4546853973208
4546887261208
4546920551208
4546953839908
4546987129008
4547020418208
4547053707108
4547086998908
4547120285108
4547153574308
4547186868408
4547220152108
4547253441008
4547286736808
4547320018008
4547353308208
4547386598708
4547419885708
4547453175108
4547486503208
4547519755708
4547553042408
4547586332708
4547619625308
4547652909308
4547686197608
4547719492508
4547752777008
4547786065408
4547819353608
4547852643208
4547885932608
4547919220608
4547952510808
4547985799408
4548019088608
4548052380008
4548085666408
4548118956308
4548152249508
4548185533408
4548218822208
4548252116908
4548285402108
4548318701908
4548351977808
4548385267508
4548418556108
4548451844608
4548485143708
4548518423508
4548551711708
4548585007808
4548618290608
4548651579708
4548684873908
4548718157808
4548751447608
4548784734608
4548818024408
4548851367208
4548884601808
4548917891808
4548951180808
4548984468708
4549017765908
4549051046908
4549084335708
4549117633508
4549150914908
4549184203208
4549217499008
4549250781808
4549284069908
4549317360408
4549350649008
4549383938208
4549417226008
4549450515808
4549483805108
4549517093108
4549550388408
4549583672008
4549616960008
4549650256108
4549683559808
4549716827308
4549750117008
4549783405608
4549816693608
4549850013208
4549883272808
4549916561108
4549949855708
4549983144308
4550016429008
4550049717108
4550083011808
4550116297008
4550149583808
4550182880608
4550216162708
4550249451008
4550282741008
4550316031508
4550349318208
4550382608008
4550415896508
4550449185508
4550482476008
4550515769808
4550549052108
4550582341708
4550615637408
4550648920508
4550682211608
4550715498008
4550748788208
4550782075208
4550815365108
4550848654108
4550881942208
4550915232008
4550948527808
4550981809308
4551015099208
4551048393008
4551081676408
4551114974208
4551148261108
4551181543608
4551214860208
4551248122108
4551281410308
4551314700308
4551347989508
4551381279208
4551414566208
4551447856308
4551481152708
4551514433708
4551547723308
4551581018708
4551614300608
4551647590208
4551680879608
4551714168008
4551747456908
4551780745508
4551814034508
4551847324808
4551880613608
4551913906808
4551947191408
4551980480308
4552013804208
4552047079708
4552080347108
4552113643808
4552146924308
4552180214408
4552213525008
4552246791508
4552280081108
4552313370508
4552346659408
4552379948608
4552413236508
4552446531208
4552479822308
4552513104508
4552546398808
4552579682108
4552612971508
4552646259808
4552679550508
4552712842408
4552746127908
4552779415708
4552812705708
4552845995308
4552879287608
4552912572608
4552945861108
4552979156008
4553012439608
4553045728608
4553079016808
4553112308108
4553145595308
4553178883908
4553212173908
4553245462908
4553278750608
4553312042708
4553345329808
4553378618808
4553411912208
4553445197008
4553478486708
4553511780108
4553545063408
4553578375808
4553611640908
4553644930408
4553678219308
4553711508208
4553744797708
4553778086008
4553811375008
4553844671708
4553877952908
4553911242108
4553944536708
4553977836908
4554011110308
4554044402808
4554077687708
4554110978808
4554144264508
4554177554608
4554210844108
4554244132208
4554277423308
4554310712108
4554343998808
4554377294408
4554410593108
4554443865908
4554477162108
4554510444608
4554543733108
4554577034708
4554610312108
4554643600208
4554676889608
4554710179008
4554743468208
4554776756008
4554810050908
4554843335808
4554876623208
4554909918708
4554943236108
4554976490608
4555009779808
4555043069508
4555076357708
4555109647208
4555142935308
4555176224208
4555209514908
4555242805108
4555276091508
4555309381108
4555342676008
4555375959508
4555409248408
4555442543408
4555475834708
4555509114508
4555542403608
4555575693308
4555608981108
4555642271008
4555675559808
4555708848508
4555742138308
4555775454208
4555808715608
4555842005108
4555875299808
4555908582308
4555941904908
4555975161108
4556008451008
4556041738908
4556075028008
4556108317208
4556141605208
4556174895208
4556208188208
4556241472808
4556274762308
4556308056408
4556341339308
4556374629508
4556407926008
4556441206908
4556474496208
4556507784908
4556541073608
4556574364308
4556607652408
4556640940608
4556674230308
4556707519808
4556740846108
4556774103808
4556807386408
4556840682208
4556873963608
4556907253308
4556940541708
4556973841608
4557007120608
4557040409608
4557073697908
4557106987308
4557140275608
4557173567908
4557206854808
4557240143508
4557273437308
4557306771808
4557340010508
4557373337008
4557406588608
4557439877608
4557473167608
4557506454608
4557539744508
4557573034008
4557606321808
4557639611808
4557672901708
4557706194608
4557739478508
4557772767908
4557806061908
4557839345908
4557872634308
4557905922908
4557939213108
4557972501808
4558005789908
4558039079708
4558072368808
4558105657608
4558138971008
4558172235808
4558205525508
4558238818108
4558272102608
4558305416108
4558338686008
4558371970008
4558405258308
4558438547208
4558471840208
4558505125008
4558538414308
4558571704008
4558604992208
4558638281108
4558671575608
4558704866208
4558738148008
4558771445408
4558804727208
4558838016308
4558871304008
4558904593708
4558937883508
4558971171208
4559004460808
4559037749908
4559071038408
4559104331208
4559137616708
4559170905108
4559204201108
4559237483508
4559270771908
4559304068908
4559337351608
4559370639008
4559403928908
4559437218208
4559470507208
4559503795308
4559537084808
4559570375208
4559603662608
4559636957708
4559670268908
4559703529308
4559736825108
4559770108108
4559803395908
4559836685908
4559869974408
4559903263308
4559936554208
4559969861508
4560003130508
4560036420208
4560069712708
4560102997808
4560136288108
4560169582008
4560202865108
4560236153408
4560269449308
4560302733008
4560336020308
4560369310208
4560402599008
4560435887208
4560469176808
4560502486408
4560535754308
4560569044308
4560602338408
4560635621508
4560668930108
4560702206608
4560735497008
4560768778508
4560802067308
4560835356908
4560868644008
4560901934308
4560935224008
4560968511508
4561001803108
4561035095708
4561068379108
4561101668508
4561134965008
4561168246008
4561201535608
4561234830208
4561268112608
4561301406708
4561334691008
4561367979708
4561401269308
4561434558708
4561467876208
4561501137008
4561534425008
4561567720908
4561601002808
4561634292408
4561667587808
4561700869608
4561734159308
4561767448908
4561800736508
4561834026508
4561867314808
4561900603808
4561933893808
4561967181908
4562000474908
4562033798408
4562067049808
4562100344008
4562133627408
4562166930908
4562200243308
4562233493808
4562266783608
4562300074108
4562333360808
4562366650808
4562399939208
4562433228308
4562466517508
4562499807708
4562533100208
4562566384508
4562599673208
4562632967908
4562666252708
4562699540908
4562732828708
4562766118508
4562799407608
4562832696808
4562866002008
4562899275108
4562932564008
4562965856308
4562999141808
4563032437108
4563065724708
4563099008908
4563132297608
4563165589608
4563198875508
4563232163808
4563265452608
4563298742908
4563332031608
4563365320208
4563398643708
4563431899108
4563465187008
4563498483408
4563531765708
4563565055108
4563598349108
4563631633408
4563664922908
4563698210308
4563731499708
4563764788708
4563798077108
4563831367308
4563864656308
4563897957308
4563931239008
4563964523008
4563997811408
4564031107208
4564064390108
4564097678408
4564130971408
4564164257008
4564197546008
4564230861908
4564264124408
4564297414208
4564330701308
4564363992308
4564397314908
4564430568408
4564463864108
4564497147708
4564530435108
4564563731408
4564597013408
4564630302708
4564663592808
4564696883008
4564730169408
4564763458908
4564796748208
4564830036408
4564863327308
4564896620808
4564929904408
4564963192308
4564996487808
4565029772308
4565063059208
4565096352908
4565129637908
4565162926308
4565196216808
4565229512008
4565262793408
4565296083508
4565329373108
4565362660708
4565395951908
4565429245208
4565462527808
4565495817408
4565529113008
4565562404808
4565595683108
4565628973208
4565662263108
4565695550408
4565728840308
4565762179608
4565795417308
4565828707608
4565862004508
4565895284408
4565928574308
4565961868508
4565995151808
4566028442708
4566061730508
4566095018808
4566128308308
4566161598108
4566194908308
4566228175808
4566261464708
4566294755808
4566328041408
4566361331508
4566394627208
4566427908608
4566461198308
4566494493608
4566527775708
4566561065308
4566594381108
4566627642908
4566660936108
4566694221408
4566727509708
4566760823108
4566794088408
4566827383008
4566860666308
4566893965608
4566927279608
4566960532708
4566993822408
4567027116008
4567060400108
4567093690108
4567126978608
4567160267008
4567193556408
4567226849108
4567260135908
4567293424108
4567326712408
4567360007808
4567393291608
4567426579908
4567459874108
4567493158008
4567526446708
4567559736008
4567593025108
4567626313608
4567659604008
4567692890808
4567726180708
4567759470008
4567792763608
4567826047908
4567859338108
4567892631008
4567925914708
4567959203208
4567992492308
4568025782508
4568059070608
4568092358908
4568125674408
4568158941308
4568192226208
4568225519108
4568258805308
4568292093808
4568325387408
4568358672108
4568391962108
4568425255808
4568458539108
4568491828008
4568525116108
4568558406508
4568591695808
4568624983508
4568658273108
4568691561508
4568724850308
4568758147308
4568791429308
4568824717808
4568858014908
4568891296108
4568924584408
4568957895408
4568991163108
4569024453308
4569057740308
4569091030208
4569124330508
4569157607608
4569190899808
4569224185708
4569257474408
4569290769908
4569324052008
4569357341808
4569390638108
4569423920108
4569457208308
4569490507508
4569523787208
4569557075708
4569590365508
4569623654008
4569656946308
4569690231308
4569723527108
4569756811808
4569790098208
4569823394308
4569856677208
4569889970408
4569923254908
4569956545908
4569989832808
4570023123008
4570056411208
4570089699808
4570122989808
4570156281608
4570189567108
4570222856608
4570256151108
4570289435708
4570322722208
4570356018808
4570389302308
4570422589708
4570455879608
4570489190008
4570522456408
4570555746708
4570589035408
4570622323908
4570655613208
4570688907308
4570722190308
4570755482008
4570788775708
4570822058008
4570855347708
4570888636908
4570921944308
4570955215308
4570988503908
4571021793708
4571055080708
4571088370608
4571121663708
4571154966308
4571188237708
4571221533708
4571254814908
4571288105208
4571321406708
4571354682208
4571387971608
4571421260608
4571454548708
4571487842508
4571521128008
4571554416108
4571587705708
4571620994508
4571654318608
4571687572108
4571720861608
4571754158308
4571787438408
4571820728808
4571854054708
4571887306108
4571920595708
4571953884208
4571987172808
4572020463408
4572053751008
4572087044008
4572120330908
4572153618908
4572186912808
4572220196408
4572253486108
4572286780908
4572320064308
4572353353108
4572386642308
4572419930108
4572453219608
4572486509208
4572519797408
4572553087208
4572586375508
4572619669708
4572652960408
4572686264708
4572719537008
4572752821208
4572786109408
4572819397908
4572852721208
4572885977408
4572919265608
4572952555008
4572985844208
4573019133308
4573052424708
4573085710708
4573119001208
4573152293908
4573185578308
4573218867108
4573252158308
4573285446908
4573318734708
4573352022708
4573385312208
4573418600508
4573451889908
4573485182508
4573518468308
4573551756408
4573585052008
4573618335108
4573651623608
4573684919108
4573718202208
4573751491808
4573784779408
4573818069408
4573851357408
4573884646308
4573917939708
4573951225408
4573984513208
4574017807708
4574051091108
4574084381008
4574117676908
4574150966308
4574184247408
4574217593708
4574250826708
4574284115108
4574317404508
4574350693008
4574383983308
4574417270508
4574450560508
4574483849908
4574517137908
4574550433508
4574583717708
4574617004908
4574650301008
4574683584008
4574716871308
4574750162008
4574783450208
4574816738808
4574850028908
4574883317708
4574916605508
4574949895308
4574983188908
4575016472908
4575049783408
4575083057608
4575116341708
4575149628408
4575182924608
4575216238008
4575249495708
4575282785808
4575316075108
4575349363108
4575382652608
4575415944108
4575449230208
4575482519708
4575515813608
4575549096608
4575582424808
4575615682108
4575648963608
4575682254908
4575715542708
4575748831908
4575782119308
4575815410008
4575848699508
4575881987008
4575915277008
4575948570808
4575981853808
4576015144208
4576048438608
4576081721108
4576115011208
4576148303008
4576181588008
4576214878008
4576248166708
4576281455208
4576314744808
4576348033708
4576381352708
4576414611208
4576447900608
4576481197408
4576514478108
4576547768208
4576581098308
4576614345108
4576647634708
4576680924108
4576714212208
4576747502008
4576780790408
4576814078908
4576847369708
4576880657908
4576913951508
4576947235808
4576980524708
4577013819208
4577047103908
4577080391908
4577113684508
4577146969108
4577180259208
4577213548708
4577246836108
4577280126308
4577313414708
4577346704408
4577379996408
4577413296308
4577446575708
4577479860308
4577513148708
4577546443308
4577579744208
4577613016508
4577646304608
4577679594308
4577712882808
4577746172808
4577779460108
4577812750508
4577846039508
4577879333208
4577912617108
4577945945208
4577979200208
4578012484408
4578045774208
4578079061708
4578112353008
4578145639608
4578178928508
4578212218808
4578245507408
4578278796008
4578312086908
4578345374408
4578378662608
4578411958608
4578445241208
4578478532008
4578511824808
4578545108108
4578578397508
4578611685908
4578644975608
4578678264108
4578711552508
4578744842408
4578778130408
4578811419608
4578844715708
4578878001608
4578911286508
4578944610308
4578977865608
4579011153708
4579044443608
4579077732708
4579111021508
4579144309708
4579177599208
4579210889408
4579244176308
4579277468508
4579310755308
4579344043408
4579377339308
4579410623508
4579443910508
4579477207208
4579510488608
4579543777608
4579577068508
4579610356208
4579643644908
4579676934408
4579710222908
4579743511708
4579776808008
4579810096308
4579843380108
4579876667808
4579909963208
4579943255808
4579976534708
4580009824808
4580043115108
4580076401708
4580109691808
4580142980308
4580176268908
4580209558908
4580242849408
4580276136208
4580309482408
4580342720508
4580376006208
4580409292908
4580442589508
4580475872608
4580509158708
4580542448808
4580575739008
4580609026408
4580642316008
4580675604708
4580708893008
4580742183008
4580775477808
4580808760308
4580842050108
4580875343908
4580908627108
4580941917908
4580975205608
4581008494208
4581041784008
4581075072608
4581108362208
4581141672108
4581174940008
4581208232908
4581241517108
4581274807208
4581308120208
4581341383908
4581374673808
4581407971008
4581441251308
4581474540808
4581507829308
4581541118508
4581574408508
4581607697308
4581640985208
4581674274908
4581707564208
4581740858208
4581774142408
4581807430708
4581840726008
4581874011408
4581907297308
4581940588108
4581973875408
4582007164708
4582040454208
4582073742808
4582107032208
4582140320908
4582173612308
4582206899108
4582240187708
4582273482308
4582306765808
4582340055008
4582373349708
4582406633408
4582439922308
4582473211008
4582506500708
4582539789308
4582573079308
4582606366108
4582639656408
4582672978408
4582706238608
4582739523308
4582772812108
4582806121408
4582839390508
4582872678608
4582905967708
4582939257908
4582972546508
4583005834808
4583039124408
4583072413108
4583105701608
4583139011908
4583172280108
4583205569708
4583238863308
4583272147408
4583305437408
4583338730608
4583372016308
4583405303308
4583438591408
4583471881608
4583505191708
4583538458908
4583571748808
4583605037108
4583638325808
4583671632808
4583704904508
4583738192808
4583771489308
4583804771408
4583838060808
4583871348608
4583904638508
4583937928908
4583971215808
4584004505508
4584037827808
4584071082908
4584104376508
4584137663208
4584170949808
4584204245508
4584237528208
4584270816808
4584304113808
4584337396008
4584370683708
4584403973708
4584437262608
4584470551908
4584503840608
4584537130008
4584570419708
4584603707108
4584637005508
4584670285808
4584703573708
4584736870108
4584770153308
4584803440808
4584836730908
4584870023108
4584903308108
4584936598108
4584969886408
4585003175008
4585036507308
4585069758008
4585103041808
4585136331808
4585169626608
4585202910208
4585236197708
4585269494008
4585302779808
4585336065108
4585369354908
4585402643608
4585435932108
4585469222108
4585502511708
4585535798708
4585569088808
4585602383008
4585635665808
4585668957008
4585702251008
4585735533408
4585768822608
4585802112108
4585835417308
4585868703608
4585901979008
4585935269808
4585968555908
4586001846208
4586035144508
4586068423108
4586101713008
4586135031308
4586168290108
4586201580108
4586234871408
4586268157308
4586301447908
4586334736108
4586368025908
4586401345308
4586434603508
4586467891808
4586501181008
4586534470608
4586567765208
4586601047208
4586634337108
4586667633908
4586700914308
4586734204208
4586767493308
4586800781108
4586834071408
4586867360808
4586900648308
4586933938308
4586967226208
4587000520308
4587033805508
4587067093808
4587100388408
4587133671908
4587166961508
4587200288108
4587233538408
4587266828008
4587300118108
4587333405708
4587366695408
4587400021508
4587433272508
4587466562408
4587499851208
4587533144908
4587566429808
4587599717608
4587633015408
4587666297108
4587699585308
4587732874108
4587766164608
4587799452408
4587832741808
4587866031408
4587899319308
4587932609708
4587965901308
4587999186408
4588032475908
4588065769208
4588099053708
4588132343608
4588165634408
4588198920908
4588232215208
4588265497708
4588298787408
4588332076508
4588365364908
4588398658008
4588431943508
4588465232108
4588498527708
4588531810608
4588565099708
4588598393808
4588631677608
4588664967808
4588698254608
4588731544808
4588764863708
4588798122108
4588831411708
4588864700508
4588897988808
4588931284308
4588964566708
4588997856308
4589031152808
4589064435208
4589097722708
4589131031908
4589164301608
4589197590008
4589230880008
4589264168708
4589297457908
4589330745908
4589364036308
4589397324608
4589430613008
4589463908408
4589497191308
4589530480108
4589563775908
4589597079608
4589630346708
4589663637208
4589696927108
4589730214008
4589763530608
4589796793208
4589830081208
4589863370908
4589896665408
4589929949208
4589963236908
4589996532608
4590029816808
4590063104108
4590096393908
4590129682808
4590162970708
4590196261008
4590229550708
4590262838208
4590296128108
4590329418008
4590362705008
4590395999708
4590429289908
4590462572508
4590495862208
4590529157308
4590562449608
4590595729208
4590629018108
4590662307408
4590695595208
4590728885108
4590762174208
4590795462408
4590828752208
4590862047808
4590895329408
4590928619008
4590961913008
4590995196408
4591028486208
4591061774808
4591095063108
4591128383808
4591161642208
4591194953508
4591228220108
4591261509708
4591294801808
4591328086608
4591361376208
4591394670608
4591427953108
4591461243308
4591494539708
4591527820808
4591561110408
4591594400108
4591627687808
4591660977208
4591694266008
4591727555008
4591760844908
4591794133608
4591827427308
4591860711208
4591894000508
4591927323708
4591960599708
4591993867408
4592027160708
4592060444408
4592093734508
4592127045108
4592160311308
4592193601408
4592226890208
4592260180408
4592293468308
4592326756708
4592360051608
4592393335608
4592426624508
4592459918908
4592493202008
4592526491708
4592559779708
4592593070408
4592626358508
4592659647908
4592692935408
4592726226008
4592759515308
4592792808208
4592826092508
4592859381208
4592892675908
4592925959608
4592959248608
4592992536708
4593025826408
4593059115508
4593092403808
4593125693908
4593158982608
4593192270908
4593225563708
4593258849508
4593292138908
4593325432708
4593358716608
4593392007208
4593425299908
4593458584008
4593491894708
4593525160808
4593558450708
4593591739808
4593625027408
4593658317708
4593691605908
4593724895208
4593758192208
4593791473408
4593824762308
4593858080608
4593891340908
4593924629008
4593957919608
4593991207608
4594024497308
4594057785108
4594091074808
4594124365108
4594157651908
4594190944708
4594224230708
4594257519208
4594290814908
4594324111208
4594357386308
4594390682608
4594423964508
4594457253308
4594490547108
4594523832308
4594557120408
4594590410108
4594623698708
4594656988208
4594690275808
4594723571708
4594756855908
4594790143308
4594823439408
4594856757408
4594890009908
4594923300108
4594956589908
4594989877308
4595023167508
4595056455808
4595089744008
4595123035208
4595156326008
4595189611308
4595222900608
4595256196008
4595289481308
4595322768308
4595356066208
4595389346308
4595422634308
4595455924108
4595489213508
4595522501208
4595555791008
4595589091408
4595622368508
4595655657908
4595688974508
4595722235608
4595755525208
4595788819808
4595822102008
4595855448408
4595888681208
4595921969808
4595955259408
4595988548408
4596021837108
4596055125608
4596088415108
4596121710008
4596154992408
4596188282608
4596221576908
4596254859708
4596288149208
4596321445808
4596354726608
4596388016608
4596421304808
4596454593708
4596487884008
4596521172308
4596554460608
4596587750408
4596621039608
4596654363208
4596687623508
4596720906608
4596754202808
4596787483608
4596820773308
4596854083108
4596887350608
4596920640608
4596953929708
4596987217508
4597020507708
4597053795408
4597087088208
4597120374908
4597153663408
4597186957608
4597220292208
4597253531008
4597286825008
4597320108508
4597353397308
4597386686908
4597419974908
4597453264508
4597486554508
4597519842108
4597553131208
4597586420508
4597619715008
4597652998708
4597686288208
4597719581908
4597752865608
4597786153908
4597819443108
4597852734308
4597886021808
4597919310708
4597952599608
4597985889008
4598019178108
4598052492108
4598085755808
4598119046008
4598152338508
4598185622608
4598218935108
4598252206508
4598285491508
4598318779808
4598352069908
4598385356808
4598418644808
4598451934008
4598485229308
4598518512108
4598551801008
4598585141508
4598618379608
4598651668208
4598684965408
4598718247208
4598751536108
4598784823708
4598818113908
4598851403908
4598884691108
4598917981108
4598951269908
4598984558308
4599017852608
4599051137908
4599084424908
4599117721108
4599151003508
4599184292408
4599217588308
4599250871108
4599284159008
4599317449208
4599350737908
4599384027308
4599417315108
4599450605408
4599483895108
4599517182008
4599550478008
4599583791308
4599617049408
4599650345408
4599683627908
4599716916408
4599750206008
4599783494808
4599816783608
4599850073908
4599883361708
4599916650508
4599949939708
4599983234108
4600016516908
4600049808008
4600083102308
4600116385508
4600149673108
4600182969708
4600216252708
4600249540508
4600282830208
4600316137608
4600349407508
4600382697608
4600416008408
4600449274408
4600482564508
4600515858708
4600549141408
4600582452508
4600615726308
4600649008708
4600682297908
4600715588008
4600748893608
4600782167708
4600815454208
4600848744608
4600882031408
4600915321608
4600948615308
4600981898608
4601015188908
4601048485308
4601081765508
4601115055108
4601148343808
4601181632908
4601214923208
4601248211008
4601281499508
4601314789508
4601348078608
4601381368908
4601414656508
4601447945608
4601481242008
4601514522508
4601547812108
4601581108408
4601614389908
4601647679708
4601680969808
4601714256708
4601747546608
4601780834808
4601814123608
4601847413508
4601880702108
4601913996808
4601947302308
4601980569808
4602013863608
4602047147808
4602080436408
4602113729108
4602147013508
4602180303808
4602213593808
4602246880708
4602280170908
4602313459708
4602346749008
4602380037808
4602413327308
4602446620308
4602479904508
4602513193008
4602546488408
4602579772408
4602613060808
4602646349108
4602679638208
4602712927808
4602746217008
4602779524108
4602812794608
4602846084408
4602879377108
4602912661908
4602945960908
4602979244908
4603012529308
4603045817808
4603079105708
4603112395908
4603145683708
4603178973208
4603212262408
4603245551808
4603278840008
4603312168608
4603345419008
4603378707408
4603412003208
4603445285908
4603478575108
4603511869408
4603545156808
4603578443408
4603611730008
4603645019908
4603678308608
4603711597408
4603744886608
4603778178308
4603811464308
4603844760008
4603878042908
4603911331608
4603944627508
4603977910408
4604011198308
4604044488208
4604077777108
4604111065708
4604144354008
4604177644208
4604210933908
4604244221208
4604277513008
4604310835308
4604344088308
4604377383608
4604410666908
4604443955508
4604477251008
4604510533208
4604543822308
4604577116808
4604610401308
4604643689108
4604676978908
4604710267808
4604743557308
4604776847208
4604810140408
4604843425408
4604876712008
4604910008108
4604943291208
4604976579608
4605009869208
4605043173808
4605076446708
4605109736508
4605143038208
4605176313508
4605209603008
4605242894708
4605276180408
4605309475808
4605342766108
4605376047908
4605409337208
4605442634408
4605475925008
4605509203108
4605542493308
4605575783808
4605609070108
4605642360308
4605675680508
4605708937708
4605742227408
4605775523408
4605808804708
4605842094508
4605875388908
4605908671408
4605941962608
4605975250608
4606008538508
4606041828708
4606075117308
4606108428408
4606141696208
4606174984608
4606208276608
4606241561908
4606274851208
4606308147508
4606341428708
4606374718808
4606408013908
4606441295908
4606474585808
4606507901908
4606541166108
4606574453208
4606607741508
4606641030008
4606674347208
4606707608608
4606740903308
4606774186708
4606807475408
4606840800308
4606874053008
4606907342908
4606940633008
4606973920408
4607007211008
4607040498408
4607073786908
4607107077008
4607140366308
4607173656808
4607206943508
4607240232208
4607273526708
4607306811808
4607340099608
4607373394408
4607406677508
4607439966908
4607473255808
4607506550408
4607539833908
4607573123208
4607606410908
4607639700508
4607672989808
4607706283708
4607739568108
4607772857108
4607806151708
4607839435008
4607872722808
4607906012308
4607939302008
4607972590408
4608005878908
4608039236108
4608072458308
4608105747208
4608139039908
4608172325008
4608205615208
4608238907508
4608272195108
4608305481308
4608338775508
4608372060508
4608405349508
4608438636208
4608471925708
4608505215508
4608538503108
4608571793308
4608605081808
4608638370608
4608671666808
4608704949408
4608738237508
4608771533508
4608804815608
4608838104408
4608871421408
4608904682608
4608937973008
4608971260508
4609004549808
4609037861108
4609071127308
4609104420108
4609137706008
4609170994308
4609204289708
4609237572408
4609270861208
4609304157908
4609337440008
4609370728608
4609404018608
4609437306908
4609470595608
4609503887308
4609537174308
4609570463408
4609603751208
4609637047008
4609670331208
4609703618708
4609736914508
4609770219008
4609803485808
4609836775508
4609870064508
4609903352708
4609936642708
4609969931408
4610003219808
4610036509508
4610069802308
4610103086608
4610136376108
4610169671108
4610202958008
4610236242508
4610269538608
4610302822708
4610336109308
4610369399908
4610402715408
4610435977008
4610469266708
4610502556408
4610535843808
4610569133708
4610602427108
4610635710808
4610669001308
4610702295508
4610735578208
4610768867408
4610802156608
4610835463508
4610868735308
4610902023608
4610935313008
4610968601208
4611001890908
4611035185608
4611068467808
4611101757908
4611135051908
4611168335208
4611201624608
4611234936508
4611268202208
4611301491908
4611334779808
4611368068508
4611401373508
4611434647808
4611467965708
4611501247708
4611534514508
4611567810408
4611601091508
4611634382108
4611667677508
4611700959108
4611734248408
4611767538908
4611800826408
4611834116208
4611867405808
4611900693308
4611933982608
4611967271208
4612000564708
4612033850408
4612067139408
4612100433108
4612133716708
4612167005708
4612200297708
4612233584208
4612266872908
4612300161808
4612333450308
4612366740008
4612400029008
4612433318408
4612466606908
4612499896008
4612533189608
4612566474308
4612599762108
4612633057408
4612666341308
4612699629408
4612732918208
4612766244508
4612799496708
4612832785308
4612866074708
4612899363508
4612932653308
4612965946308
4612999231208
4613032521308
4613065813708
4613099097808
4613132386408
4613165675308
4613198964908
4613232254408
4613265542308
4613298832308
4613332120808
4613365409408
4613398701408
4613431988108
4613465276208
4613498572308
4613531854808
4613565143608
4613598450308
4613631722208
4613665011608
4613698299508
4613731589508
4613764886308
4613798166508
4613831456708
4613864745108
4613898033808
4613931328708
4613964611508
4613997900208
4614031197108
4614064479008
4614097767608
4614131097108
4614164345608
4614197634708
4614230924308
4614264213308
4614297502408
4614330790508
4614364081708
4614397370108
4614430657708
4614463953308
4614497236308
4614530524708
4614563820808
4614597103408
4614630391908
4614663681308
4614696970508
4614730261408
4614763548808
4614796837608
4614830125808
4614863415108
4614896710108
4614929993708
4614963303508
4614996577508
4615029861508
4615063148408
4615096438608
4615129763508
4615163015808
4615196305608
4615229595708
4615262882708
4615296172608
4615329462008
4615362749908
4615396040508
4615429334008
4615462616708
4615495906508
4615529202208
4615562483808
4615595774708
4615629062508
4615662351508
4615695639308
4615728929508
4615762219508
4615795506608
4615828796708
4615862091108
4615895374008
4615928663408
4615961964108
4615995240808
4616028530808
4616061819708
4616095108008
4616128401108
4616161686808
4616194974708
4616228278808
4616261553308
4616294873708
4616328130808
4616361420908
4616394716808
4616427998308
4616461287508
4616494613708
4616527864708
4616561154908
4616594443608
4616627732008
4616661021808
4616694310608
4616727599008
4616760889608
4616794177708
4616827472108
4616860755808
4616894045008
4616927339608
4616960623508
4616993912008
4617027201308
4617060488908
4617093778808
4617127068408
4617160356208
4617193645908
4617226935208
4617260225008
4617293513308
4617326822908
4617360095908
4617393380408
4617426668608
4617459963608
4617493294608
4617526535508
4617559824208
4617593114008
4617626402708
4617659692208
4617692980308
4617726269808
4617759560208
4617792852908
4617826137508
4617859425508
4617892720608
4617926004408
4617959294308
4617992581208
4618025871408
4618059159608
4618092448108
4618125739008
4618159027008
4618192315808
4618225608008
4618258894308
4618292183708
4618325477708
4618358761108
4618392051308
4618425344908
4618458628208
4618491917608
4618525205508
4618558495608
4618591785408
4618625072608
4618658362308
4618691650508
4618724939708
4618758235608
4618791517708
4618824806808
4618858152108
4618891385808
4618924673408
4618957963708
4618991255908
4619024541508
4619057829508
4619091119808
4619124409608
4619157696908
4619190989508
4619224279208
4619257563908
4619290859208
4619324142608
4619357430708
4619390726908
4619424009208
4619457297508
4619490587908
4619523876708
4619557165008
4619590454308
4619623743408
4619657031708
4619690342808
4619723616408
4619756901708
4619790187708
4619823483708
4619856793308
4619890054908
4619923344308
4619956633808
4619989921908
4620023211508
4620056499708
4620089789208
4620123078808
4620156370708
4620189655708
4620222946208
4620256240208
4620289522808
4620322813608
4620356108008
4620389390508
4620422678508
4620455969008
4620489261708
4620522546208
4620555836008
4620589124608
4620622412908
4620655702708
4620688997808
4620722284108
4620755570008
4620788864508
4620822146808
4620855437008
4620888726108
4620922013808
4620955303408
4620988592708
4621021906008
4621055170008
4621088460208
4621121754008
4621155037108
4621188326908
4621221648908
4621254903908
4621288194008
4621321489508
4621354771208
4621388061108
4621421349108
4621454638208
4621487928708
4621521217108
4621554505408
4621587794608
4621621084108
4621654407808
4621687662508
4621720950608
4621754251608
4621787528108
4621820818208
4621854107408
4621887395108
4621920685208
4621953975208
4621987278708
4622020552308
4622053860408
4622087133308
4622120418908
4622153707508
4622187001808
4622220324308
4622253575408
4622286870208
4622320153008
4622353442108
4622386731008
4622420019208
4622453309208
4622486599308
4622519886208
4622553177808
4622586504508
4622619760508
4622653042708
4622686332808
4622719627208
4622752910408
4622786198208
4622819487408
4622852778008
4622886066508
4622919354208
4622952644008
4622985933408
4623019221608
4623052516008
4623085800608
4623119089508
4623152383508
4623185667008
4623218956308
4623252250808
4623285536408
4623318823208
4623352111508
4623385401008
4623418689708
4623451978608
4623485269508
4623518557008
4623551845808
4623585163108
4623618424008
4623651712508
4623685009408
4623718310708
4623751580708
4623784868608
4623818158508
4623851448608
4623884735908
4623918025408
4623951314108
4623984603108
4624017897608
4624051182608
4624084470408
4624117765208
4624151047708
4624184336708
4624217634008
4624250915708
4624284203808
4624317493508
4624350782708
4624384071008
4624417380608
4624450650008
4624483939808
4624517226308
4624550522508
4624583823908
4624617093708
4624650392308
4624683672608
4624716960708
4624750250908
4624783538508
4624816828008
4624850117608
4624883416208
4624916694408
4624950022808
4624983278408
4625016562208
4625049851708
4625083146408
4625116431008
4625149717608
4625183010908
4625216296808
4625249585108
4625282874908
4625316164908
4625349452308
4625382742108
4625416031908
4625449319408
4625482609308
4625515903208
4625549186108
4625582476408
4625615771408
4625649053008
4625682342708
4625715632108
4625748938708
4625782208708
4625815498708
4625848788808
4625882076208
4625915366008
4625948680208
4625981943208
4626015232808
4626048528108
4626081810508
4626115100208
4626148388108
4626181677308
4626214968408
4626248255808
4626281544408
4626314833608
4626348123008
4626381412508
4626414701708
4626447990508
4626481285108
4626514567108
4626547857008
4626581153308
4626614434608
4626647723908
4626681013108
4626714301008
4626747591308
4626780888608
4626814168608
4626847457708
4626880747108
4626914041008
4626947336708
4626980613908
4627013908308
4627047192408
4627080481308
4627113770108
4627147058608
4627180347908
4627213638208
4627246925608
4627280215708
4627313561408
4627346793908
4627380081908
4627413374808
4627446665008
4627479949408
4627513238108
4627546532808
4627579817108
4627613105508
4627646393508
4627679683108
4627712972408
4627746260908
4627779550708
4627812839208
4627846128508
4627879422308
4627912706408
4627945995708
4627979289308
4628012573208
4628045862408
4628079150808
4628112440208
4628145750508
4628179017308
4628212307608
4628245595808
4628278884508
4628312211608
4628345462908
4628378751708
4628412047708
4628445330108
4628478619908
4628511913408
4628545197508
4628578487508
4628611774608
4628645064708
4628678354708
4628711641808
4628744931408
4628778221208
4628811508908
4628844804308
4628878087008
4628911390808
4628944672408
4628977954808
4629011242708
4629044532608
4629077821908
4629111110208
4629144405908
4629177688608
4629210977808
4629244265708
4629277558008
4629310876908
4629344133308
4629377428608
4629410711708
4629443999908
4629477295808
4629510577408
4629543866708
4629577156708
4629610445608
4629643733908
4629677059908
4629710313008
4629743600908
4629776890708
4629810185608
4629843468608
4629876757008
4629910052708
4629943336808
4629976624108
4630009913808
4630043202808
4630076491208
4630109780608
4630143070408
4630176358308
4630209648108
4630242938508
4630276225208
4630309515108
4630342809308
4630376092108
4630409395408
4630442677108
4630475971908
4630509269708
4630542538108
4630575828108
4630609115108
4630642404908
4630675729208
4630708982508
4630742272408
4630775567408
4630808848808
4630842139008
4630875433708
4630908716208
4630942006408
4630975294808
4631008583208
4631041872908
4631075162208
4631108450208
4631141741108
4631175028908
4631208321508
4631241606308
4631274896008
4631308192308
4631341473408
4631374763608
4631408058108
4631441340008
4631474630408
4631507919108
4631541207408
4631574497308
4631607785808
4631641074408
4631674365408
4631707653008
4631740947708
4631774231508
4631807520708
4631840815808
4631874097208
4631907397608
4631940677108
4631973964408
4632007254208
4632040574808
4632073831408
4632107121608
4632140411308
4632173702208
4632206988408
4632240276608
4632273571408
4632306856208
4632340144508
4632373440008
4632406722208
4632440011308
4632473299708
4632506589908
4632539878408
4632573167708
4632606455408
4632639745508
4632673034808
4632706328408
4632739612608
4632772901508
4632806196308
4632839479708
4632872790008
4632906056708
4632939346608
4632972635008
4633005923908
4633039232208
4633072503108
4633105790808
4633139085208
4633172369608
4633205658308
4633238952008
4633272236708
4633305527008
4633338819908
4633372105308
4633405392608
4633438680908
4633471970608
4633505260408
4633538548308
4633571837408
4633605125808
4633638430208
4633671712508
4633704994008
4633738282208
4633771577608
4633804860708
4633838149008
4633871438708
4633904727708
4633938017008
4633971304808
4634004594608
4634037883808
4634071171908
4634104465408
4634137750208
4634171039108
4634204334308
4634237617108
4634270906008
4634304202908
4634337484808
4634370773108
4634404106608
4634437351908
4634470640308
4634503929908
4634537218808
4634570508008
4634603796108
4634637091408
4634670375908
4634703663008
4634736959008
4634770241708
4634803530308
4634836819808
4634870109508
4634903396908
4634936687108
4634969975608
4635003264408
4635036554708
4635069847208
4635103131408
4635136435408
4635169715908
4635202999508
4635236305108
4635269583108
4635302868708
4635336154408
4635369443808
4635402756308
4635436021008
4635469311108
4635502601208
4635535888108
4635569177908
4635602472308
4635635755308
4635669045308
4635702340108
4635735622608
4635768945808
4635802200908
4635835491208
4635868783308
4635902067908
4635935357408
4635968645408
4636001934808
4636035230608
4636068512508
4636101802008
4636135096908
4636168379408
4636201669108
4636234964808
4636268247208
4636301536308
4636334825408
4636368113108
4636401403508
4636434692308
4636467982008
4636501270108
4636534559608
4636567882508
4636601136508
4636634426308
4636667723208
4636701003308
4636734293508
4636767621208
4636800870408
4636834160608
4636867474108
4636900737808
4636934027908
4636967315408
4637000609408
4637033895108
4637067183508
4637100480608
4637133761308
4637167050408
4637200342508
4637233629808
4637266917808
4637300206608
4637333497408
4637366784408
4637400074508
4637433362408
4637466651908
4637499940408
4637533234508
4637566518708
4637599818708
4637633102208
4637666385908
4637699674608
4637732962808
4637766261408
4637799541908
4637832829608
4637866119608
4637899408408
4637932698008
4637965990608
4637999275808
4638032565608
4638065858408
4638099142908
4638132491508
4638165719908
4638199009808
4638232299008
4638265587008
4638298876808
4638332165308
4638365453808
4638398746308
4638432032408
4638465321508
4638498616308
4638531899708
4638565189008
4638598489108
4638631766608
4638665057208
4638698344208
4638731633808
4638764923008
4638798210908
4638831502508
4638864790908
4638898077908
4638931373308
4638964678108
4638997945208
4639031240908
4639064523708
4639097811708
4639131134608
4639164391008
4639197679108
4639230968708
4639264257908
4639297546808
4639330834708
4639364126108
4639397415108
4639430702108
4639463997408
4639497281008
4639530568908
4639563865308
4639597149108
4639630436408
4639663726108
4639697015908
4639730303308
4639763594208
4639796882608
4639830170008
4639863460108
4639896755308
4639930037708
4639963333508
4639996621408
4640029905408
4640063193508
4640096483108
4640129779908
4640163060008
4640196350608
4640229638808
4640262927808
4640296217408
4640329507208
4640362794608
4640396084208
4640429378508
4640462661508
4640496007408
4640529246508
4640562528708
4640595818008
4640629107108
4640662396408
4640695684108
4640728974408
4640762264208
4640795551408
4640828841408
4640862135808
4640895418408
4640928708408
4640962003608
4640995285608
4641028575408
4641061864408
4641095152608
4641128442808
4641161731608
4641195019508
4641228309108
4641261597808
4641294917608
4641328198108
4641361484608
4641394761508
4641428042308
4641461332308
4641494649908
4641527909808
4641561199508
4641594488608
4641627776808
4641661066408
4641694354408
4641727644008
4641760934808
4641794222608
4641827516708
4641860800608
4641894089508
4641927413608
4641960668608
4641993956508
4642027246208
4642060533808
4642093823608
4642127112908
4642160400908
4642193690908
4642226980608
4642260270108
4642293557508
4642326847008
4642360140708
4642393424908
4642426713308
4642460007808
4642493291608
4642526580908
4642559868808
4642593158508
4642626447808
4642659736808
4642693024708
4642726314808
4642759604208
4642792897408
4642826181508
4642859501608
4642892764908
4642926049108
4642959337608
4642992625808
4643025915708
4643059204408
4643092493108
4643125783608
4643159071808
4643192360108
4643225654108
4643258939208
4643292226708
4643325523408
4643358806008
4643392095008
4643425389008
4643458673208
4643491962608
4643525250308
4643558539508
4643591828808
4643625117008
4643658407008
4643691717008
4643724984608
4643758280208
4643791562708
4643824851408
4643858164008
4643891430208
4643924718208
4643958007808
4643991296808
4644024586108
4644057874208
4644091163908
4644124453708
4644157740808
4644191033908
4644224319708
4644257608108
4644290903708
4644324188208
4644357474908
4644390771908
4644424053508
4644457342208
4644490633108
4644523921208
4644557209408
4644590504408
4644623788008
4644657076608
4644690366108
4644723660908
4644756944108
4644790232608
4644823528608
4644856811008
4644890099408
4644923389608
4644956679708
4644989966508
4645023255908
4645056544108
4645089833608
4645123123408
4645156415208
4645189700708
4645223011408
4645256284908
4645289571208
4645322857708
4645356152508
4645389438608
4645422723308
4645456013908
4645489302608
4645522590508
4645555880508
4645589170508
4645622457608
4645655747108
4645689043008
4645722324808
4645755614308
4645788909208
4645822191508
4645855482408
4645888770108
4645922058708
4645955348508
4645988637608
4646021950208
4646055235908
4646088507708
4646121799008
4646155081908
4646188371308
4646221676808
4646254948808
4646288238608
4646321534308
4646354815508
4646388105608
4646421393608
4646454683008
4646487972708
4646521261608
4646554549708
4646587839208
4646621128808
4646654422708
4646687707608
4646720995808
4646754290908
4646787573408
4646820862308
4646854152508
4646887440008
4646920729708
4646954018608
4646987306908
4647020596508
4647053885808
4647087177808
4647120463808
4647153752208
4647187046708
4647220331408
4647253619908
4647286910608
4647320197908
4647353486708
4647386775908
4647420063608
4647453353908
4647486643808
4647519931408
4647553220808
4647586550608
4647619803608
4647653087708
4647686377008
4647719671508
4647752955108
4647786242708
4647819532008
4647852822908
4647886110908
4647919399208
4647952688308
4647985977908
4648019266508
4648052584008
4648085845008
4648119134008
4648152427708
4648185711908
4648219001508
4648252295508
4648285580808
4648318867308
4648352156108
4648385445608
4648418749208
4648452023508
4648485313108
4648518601708
4648551890608
4648585190808
4648618469108
4648651757408
4648685053708
4648718336108
4648751625408
4648784913408
4648818203208
4648851492708
4648884780308
4648918070008
4648951391708
4648984647308
4649017941608
4649051226908
4649084514108
4649117810508
4649151092208
4649184381508
4649217678208
4649250960408
4649284248208
4649317538208
4649350827208
4649384115408
4649417405508
4649450694608
4649483983508
4649517271408
4649550570208
4649583850708
4649617138308
4649650434408
4649683716608
4649717005708
4649750295308
4649783583908
4649816872608
4649850162608
4649883450808
4649916739408
4649950064308
4649983323408
4650016606508
4650049896308
4650083190808
4650116474408
4650149762508
4650183055508
4650216342508
4650249634608
4650282919008
4650316207908
4650349496508
4650382786308
4650416077608
4650449363808
4650482653608
4650515947708
4650549230708
4650582521408
4650615815508
4650649097608
4650682387308
4650715676308
4650748982608
4650782262508
4650815543208
4650848834108
4650882120308
4650915411008
4650948705208
4650981987908
4651015277408
4651048572508
4651081854608
4651115144808
4651148432408
4651181722108
4651215011908
4651248300508
4651281604808
4651314910008
4651348167908
4651381457408
4651414745608
4651448034608
4651481329708
4651514612008
4651547901708
4651581198808
4651614479108
4651647769308
4651681057508
4651714346208
4651747635908
4651780925208
4651814212808
4651847502808
4651880791408
4651914085908
4651947370608
4651980658608
4652013952808
4652047236508
4652080525908
4652113818608
4652147125008
4652180392908
4652213682908
4652246970208
4652280259608
4652313576608
4652346838608
4652380127208
4652413417108
4652446710108
4652479993608
4652513281908
4652546577408
4652579862108
4652613150008
4652646438508
4652679727508
4652713017108
4652746305208
4652779600508
4652812883608
4652846173008
4652879466208
4652912751108
4652946040708
4652979334008
4653012618108
4653045907108
4653079195208
4653112485308
4653145775308
4653179062208
4653212351608
4653245641008
4653278929108
4653312221608
4653345508408
4653378796508
4653412091908
4653445375008
4653478664108
4653511958208
4653545242008
4653578532408
4653611819308
4653645108908
4653678428508
4653711686508
4653744976108
4653778265308
4653811553408
4653844849008
4653878131508
4653911420608
4653944717308
4653977999408
4654011287008
4654044577008
4654077866308
4654111155008
4654144444508
4654177733108
4654211022208
4654244310508
4654277605208
4654310890008
4654344177308
4654377472808
4654410756108
4654444044808
4654477340308
4654510663408
4654543911408
4654577201708
4654610490208
4654643778708
4654677090508
4654710357508
4654743645708
4654776935708
4654810230008
4654843514008
4654876801708
4654910096908
4654943381308
4654976668608
4655009958408
4655043247108
4655076535508
4655109825808
4655143115308
4655176402808
4655209692308
4655242983008
4655276269808
4655309560408
4655342854008
4655376136808
4655409426008
4655442722108
4655476005208
4655509293808
4655542582408
4655575873108
4655609159708
4655642449708
4655675738408
4655709026608
4655742316908
4655775613108
4655808893508
4655842183608
4655875477608
4655908760908
4655942050708
4655975339608
4656008631808
4656041948008
4656075206308
4656108495008
4656141784708
4656175073908
4656208366008
4656241651008
4656274941008
4656308236708
4656341517608
4656374807708
4656408102308
4656441384808
4656474674608
4656507964708
4656541252108
4656574541708
4656607830008
4656641118708
4656674409808
4656707697608
4656740991608
4656774275408
4656807564808
4656840889308
4656874162608
4656907431708
4656940721808
4656974009408
4657007298708
4657040598008
4657073876208
4657107166208
4657140454608
4657173746308
4657207033408
4657240321208
4657273615708
4657306900608
4657340188908
4657373483508
4657406766408
4657440056208
4657473344508
4657506649508
4657539923208
4657573212408
4657606500208
4657639789808
4657673080108
4657706373308
4657739657108
4657772945908
4657806240608
4657839523808
4657872813308
4657906101508
4657939390608
4657972680108
4658005968308
4658039260308
4658072547408
4658105835408
4658139129408
4658172414408
4658205702708
4658238997208
4658272281108
4658305571008
4658338864808
4658372148208
4658405458908
4658438725708
4658472015608
4658505304008
4658538592608
4658571882308
4658605170608
4658638459408
4658671756808
4658705038408
4658738326708
4658771681508
4658804904108
4658838194508
4658871483908
4658904772408
4658938062708
4658971349508
4659004639408
4659037928608
4659071216408
4659104510308
4659137796208
4659171083508
4659204378908
4659237681508
4659270950308
4659304247308
4659337528908
4659370817808
4659404113308
4659437396708
4659470684608
4659503974408
4659537263308
4659570552708
4659603840308
4659637136408
4659670421208
4659703707908
4659737003908
4659770286308
4659803574708
4659836864208
4659870155308
4659903441808
4659936731608
4659970020008
4660003308508
4660036599608
4660069891508
4660103175708
4660136465308
4660169760208
4660203047208
4660236332808
4660269628108
4660302910708
4660336198608
4660369489108
4660402777808
4660436065908
4660469355408
4660502645408
4660535932908
4660569222908
4660602537808
4660635800008
4660669089908
4660702384908
4660735667408
4660768978008
4660802245508
4660835534308
4660868823708
4660902112708
4660935402008
4660968689408
4661001980108
4661035274908
4661068556808
4661101846608
4661135141408
4661168424108
4661201714008
4661235010408
4661268291208
4661301580908
4661334869008
4661368158208
4661401448508
4661434736908
4661468025308
4661501314808
4661534603608
4661567927708
4661601193308
4661634471208
4661667767408
4661701048508
4661734337908
4661767628008
4661800915208
4661834205108
4661867494108
4661900782408
4661934071908
4661967360008
4662000669908
4662033939008
4662067227608
4662100522108
4662133839108
4662167095408
4662200421908
4662233674708
4662266962108
4662300252608
4662333539108
4662366829008
4662400118008
4662433406808
4662466696108
4662499986608
4662533278808
4662566563208
4662599852208
4662633146508
4662666430308
4662699719108
4662733007308
4662766297508
4662799586308
4662832874408
4662866164108
4662899453308
4662932742108
4662966057708
4662999320408
4663032610508
4663065902808
4663099187408
4663132507908
4663165764308
4663199055908
4663232343208
4663265631408
4663298921308
4663332208908
4663365498808
4663398790508
4663432077508
4663465365408
4663498711508
4663531944208
4663565232708
4663598529608
4663631811308
4663665100608
4663698388508
4663731678808
4663764968108
4663798255508
4663831545508
4663864834208
4663898122808
4663931417708
4663964727608
4663997989808
4664031285708
4664064568208
4664097856308
4664131150108
4664164435908
4664197723608
4664231013008
4664264302608
4664297591808
4664330879108
4664364171008
4664397459708
4664430746308
4664464041808
4664497376208
4664530613908
4664563909808
4664597192308
4664630480808
4664663770808
4664697059708
4664730347908
4664763638708
4664796926908
4664830215108
4664863504608
4664896799608
4664930081708
4664963371908
4664996666308
4665029949708
4665063237808
4665096527808
4665129817208
4665163104708
4665196394808
4665229702308
4665262971708
4665296261908
4665329573508
4665362839308
4665396128808
4665429423308
4665462705908
4665496018908
4665529290808
4665562583008
4665595862908
4665629152008
4665662441008
4665695729108
4665729019208
4665762308708
4665795596008
4665828885908
4665862182208
4665895463208
4665928752608
4665962049108
4665995329908
4666028619808
4666061908408
4666095197408
4666128488008
4666161776008
4666195064108
4666228354008
4666261642708
4666294963108
4666328221508
4666361510108
4666394805808
4666428087108
4666461376908
4666494672908
4666527954308
4666561244108
4666594532608
4666627821508
4666661111308
4666694399108
4666727691708
4666760978008
4666794266508
4666827560708
4666860895608
4666894134408
4666927428608
4666960718708
4666994001108
4667027290408
4667060578008
4667093868508
4667127158008
4667160445608
4667193735308
4667227024108
4667260314508
4667293602508
4667326891308
4667360184908
4667393469108
4667426757908
4667460052808
4667493337408
4667526625208
4667559913708
4667593202808
4667626492108
4667659781108
4667693091108
4667726359108
4667759649708
4667792942108
4667826226608
4667859535908
4667892810108
4667926093208
4667959382208
4667992670308
4668025960208
4668059248308
4668092537708
4668125828008
4668159116208
4668192404608
4668225748208
4668258983508
4668292271808
4668325569008
4668358850408
4668392139708
4668425433808
4668458717408
4668492007508
4668525295008
4668558584408
4668591873408
4668625162108
4668658451708
4668691742008
4668725028308
4668758324908
4668791607208
4668824896008
4668858192208
4668891474808
4668924762808
4668958052408
4668991341508
4669024631108
4669057918708
4669091208408
4669124498408
4669157785408
4669191078308
4669224393008
4669257652508
4669290948708
4669324232608
4669357519808
4669390815808
4669424097808
4669457386608
4669490677708
4669523965708
4669557254008
4669590543608
4669623832708
4669657120808
4669690411308
4669723705208
4669756989108
4669790276808
4669823572708
4669856857208
4669890144108
4669923433508
4669956727308
4669990010808
4670023301208
4670056609508
4670089877908
4670123168008
4670156460208
4670189745108
4670223072808
4670256329308
4670289612308
4670322901708
4670356197108
4670389492408
4670422767708
4670456057908
4670489348208
4670522634808
4670555925008
4670589213708
4670622502208
4670655791708
4670689088108
4670722368608
4670755659108
4670788953008
4670822236208
4670855527108
4670888814908
4670922103108
4670955392608
4670988682208
4671021994508
4671055260408
4671088549008
4671121842608
4671155126308
4671188416208
4671221710908
4671254992908
4671288283208
4671321578308
4671354860208
4671388150108
4671421438408
4671454730108
4671488017308
4671521305508
4671554594408
4671587904908
4671621173408
4671654467608
4671687750808
4671721040208
4671754335408
4671787616908
4671820907408
4671854197208
4671887484408
4671920774308
4671954063008
4671987351408
4672020641308
4672053931008
4672087222508
4672120508508
4672153796408
4672187091308
4672220376308
4672253664308
4672286959008
4672320242108
4672353531508
4672386820408
4672420123208
4672453398308
4672486688308
4672519975508
4672553265208
4672586562408
4672619848208
4672653132508
4672686422208
4672719732008
4672752999708
4672786287308
4672819576808
4672852866408
4672886155108
4672919443708
4672952767208
4672986022108
4673019310708
4673052605608
4673085889108
