4127312648608
4127345936008
4127379228908
4127412526008
4127445803108
4127479098708
4127512381908
4127545670508
4127578966108
4127612247908
4127645537108
4127678827508
4127712115408
4127745404708
4127778734208
4127811983008
4127845271408
4127878570508
4127911855708
4127945140808
4127978427008
4128011723108
4128045006008
4128078294308
4128111584008
4128144874108
4128178161508
4128211451308
4128244740408
4128278028208
4128311318108
4128344610008
4128377895008
4128411186208
4128444479808
4128477762408
4128511051708
4128544347308
4128577641508
4128610919308
4128644208208
4128677497408
4128710785208
4128744075208
4128777364708
4128810652508
4128843942408
4128877237108
4128910519408
4128943809208
4128977125708
4129010386208
4129043676008
4129076964708
4129110253108
4129143570608
4129176832208
4129210120408
4129243410008
4129276699208
4129310020908
4129343276308
4129376565808
4129409862508
4129443143308
4129476438908
4129509728508
4129543010608
4129576300208
4129609589208
4129642877308
4129676167208
4129709455508
4129742744508
4129776035408
4129809323208
4129842616908
4129875901008
4129909190008
4129942485108
4129975768208
4130009057408
4130042346108
4130075634608
4130108924308
4130142213708
4130175501408
4130208791208
4130242080008
4130275373208
4130308658008
4130341964108
4130375241308
4130408525708
4130441814008
4130475105908
4130508409308
4130541681008
4130574969708
4130608259208
4130641547908
4130674837408
4130708125808
4130741415308
4130774705008
4130807998008
4130841282208
4130874599008
4130907865508
4130941149308
4130974458808
4131007726508
4131041016208
4131074304508
4131107593808
4131140884408
4131174172008
4131207460608
4131240755208
4131274039208
4131307328408
4131340624808
4131373906208
4131407196808
4131440483208
4131473773308
4131507062508
4131540350408
4131573640208
4131606930508
4131640217908
4131673508308
4131706796408
4131740084608
4131773380208
4131806662608
4131839951608
4131873247808
4131906530208
4131939818508
4131973108308
4132006397108
4132039686508
4132072974208
4132106264408
4132139554508
4132172841808
4132206137008
4132239471508
4132272708308
4132306003708
4132339287208
4132372575608
4132405865108
4132439154808
4132472445408
4132505732408
4132539021108
4132572309608
4132605598508
4132638890208
4132672176908
4132705467108
4132738760808
4132772044408
4132805332608
4132838628408
4132871912408
4132905199308
4132938489408
4132971778608
4133005066508
4133038356508
4133071645908
4133104933408
4133138223308
4133171517708
4133204800508
4133238091008
4133271385208
4133304667508
4133337956908
4133371246208
4133404550008
4133437845208
4133471113408
4133504403908
4133537690708
4133570979908
4133604285808
4133637557408
4133670847608
4133704143008
4133737424508
4133770714808
4133804123808
4133837291308
4133870583608
4133903869708
4133937158808
4133970525008
4134003737408
4134037025608
4134070315208
4134103603908
4134136899308
4134170181508
4134203471208
4134236768008
4134270048708
4134303337508
4134336627508
4134369915408
4134403205508
4134436498308
4134469782608
4134503071908
4134536361108
4134569653408
4134602940108
4134636228308
4134669523008
4134702806308
4134736095608
4134769390808
4134802704708
4134835962608
4134869253108
4134902539708
4134935829308
4134969118808
4135002406508
4135035696308
4135068986508
4135102279408
4135135564008
4135168851408
4135202146708
4135235430708
4135268719708
4135302007708
4135335318408
4135368586408
4135401874608
4135435164208
4135468453808
4135501742508
4135535034808
4135568320308
4135601611208
4135634903308
4135668187208
4135701476308
4135734771008
4135768055608
4135801344608
4135834631608
4135867921708
4135901210108
4135934502208
4135967790108
4136001077608
4136034365808
4136067660808
4136100944408
4136134232908
4136167529208
4136200811508
4136234100708
4136267388708
4136300678008
4136333968108
4136367255908
4136400545608
4136433834408
4136467122808
4136500417208
4136533723108
4136566989708
4136600286108
4136633568308
4136666857108
4136700168308
4136733436008
4136766723808
4136800013408
4136833302308
4136866591808
4136899879508
4136933170208
4136966460508
4136999746608
4137033042308
4137066359508
4137099613808
4137132909908
4137166192408
4137199481108
4137232770808
4137266059208
4137299347708
4137332638708
4137365926708
4137399214608
4137432525108
4137465799008
4137499082008
4137532372208
4137565666208
4137598950008
4137632238008
4137665531308
4137698819308
4137732104708
4137765394908
4137798683408
4137831972008
4137865261708
4137898569008
4137931838908
4137965128408
4137998423408
4138031705808
4138065000708
4138098291008
4138131583508
4138164862408
4138198152008
4138231440608
4138264728908
4138298018608
4138331308508
4138364595608
4138397886008
4138431208508
4138464463008
4138497752608
4138531049208
4138564330108
4138597619608
4138630907808
4138664196808
4138697487408
4138730775708
4138764063908
4138797353708
4138830643008
4138863933308
4138897221608
4138930509808
4138963804608
4138997087208
4139030376708
4139063673308
4139096953908
4139130243908
4139163532908
4139196820908
4139230111208
4139263399708
4139296704908
4139329977908
4139363266508
4139396560808
4139429845208
4139463134008
4139496428008
4139529720708
4139563000708
4139596290108
4139629600308
4139662867908
4139696157708
4139729445308
4139762734508
4139796051608
4139829314708
4139862601808
4139895890808
4139929184708
4139962468608
4139995757108
4140029052108
4140062335608
4140095624308
4140128913208
4140162203108
4140195491708
4140228780508
4140262070308
4140295358408
4140328647808
4140361941208
4140395225908
4140428516208
4140461808808
4140495092708
4140528381708
4140561670208
4140594960008
4140628249408
4140661537008
4140694827208
4140728115408
4140761403908
4140794714308
4140827983108
4140861271308
4140894567708
4140927849708
4140961138308
4140994450808
4141027716708
4141061006108
4141094294308
4141127583908
4141160881308
4141194161108
4141227451208
4141260739808
4141294028108
4141327324108
4141360606108
4141393895408
4141427191308
4141460473608
4141493762108
4141527108108
4141560340808
4141593629508
4141626919108
4141660207908
4141693498008
4141726785208
4141760079208
4141793364008
4141826651808
4141859947908
4141893232008
4141926519208
4141959815408
4141993098908
4142026386308
4142059675808
4142092964308
4142126253108
4142159543708
4142192831908
4142226120208
4142259410108
4142292704808
4142325987808
4142359276908
4142392572308
4142425856408
4142459143108
4142492432908
4142525725208
4142559010508
4142592300108
4142625588708
4142658877308
4142692166708
4142725459608
4142758744208
4142792034208
4142825328708
4142858611508
4142891932608
4142925196408
4142958478108
4142991768308
4143025056908
4143058346008
4143091634408
4143124924008
4143158215408
4143191501108
4143224792108
4143258085608
4143291367908
4143324658208
4143357955408
4143391235408
4143424524908
4143457813308
4143491102208
4143524393308
4143557680808
4143590969308
4143624258808
4143657547808
4143690872108
4143724126508
4143757415108
4143790710808
4143823992308
4143857282408
4143890578208
4143923859508
4143957149208
4143990438008
4144023726508
4144057016208
4144090332408
4144123594608
4144156883408
4144190171908
4144223465908
4144256774508
4144290039208
4144323333808
4144356617208
4144389906208
4144423195408
4144456483208
4144489772808
4144523063308
4144556350408
4144589640208
4144622985508
4144656223008
4144689507308
4144722797508
4144756090008
4144789374508
4144822662608
4144855951408
4144889241708
4144922530208
4144955818408
4144989108108
4145022396908
4145055686108
4145088978608
4145122264208
4145155554408
4145188846808
4145222130808
4145255420508
4145288714108
4145321998508
4145355288408
4145388575108
4145421865308
4145455158808
4145488442308
4145521732408
4145555020708
4145588309808
4145621605708
4145654888508
4145688176708
4145721472808
4145754758308
4145788044208
4145821332408
4145854622408
4145887912008
4145921199608
4145954489108
4145987798208
4146021066508
4146054359008
4146087644608
4146120933508
4146154229008
4146187511008
4146220800408
4146254098208
4146287379308
4146320667608
4146353956808
4146387246108
4146420534508
4146453825308
4146487113108
4146520402108
4146553690608
4146586985808
4146620270208
4146653557408
4146686853308
4146720136308
4146753424608
4146786714608
4146820003308
4146853291408
4146886581308
4146919870308
4146953158808
4146986448808
4147019740608
4147053025708
4147086315008
4147119610208
4147152896208
4147186203708
4147219477608
4147252764708
4147286048508
4147319338608
4147352656808
4147385916108
4147419205508
4147452494308
4147485782708
4147519072408
4147552366408
4147585649708
4147618941108
4147652234008
4147685516708
4147718839608
4147752095308
4147785383508
4147818673608
4147851962608
4147885251408
4147918539508
4147951829308
4147985124308
4148018406508
4148051696508
4148084990708
4148118273708
4148151563408
4148184859908
4148218140308
4148251430708
4148284718808
4148318007708
4148351297908
4148384586508
4148417875008
4148451164208
4148484453508
4148517752208
4148551045408
4148584320408
4148617617108
4148650897708
4148684187408
4148717477608
4148750764508
4148784054608
4148817344108
4148850631808
4148883921208
4148917209908
4148950503008
4148983788408
4149017077008
4149050371208
4149083686708
4149116944508
4149150236108
4149183522608
4149216811708
4149250100808
4149283388308
4149316678208
4149349968208
4149383256108
4149416545708
4149449834308
4149483128508
4149516412608
4149549702508
4149582996008
4149616279408
4149649567708
4149682857108
4149716147108
4149749435508
4149782723808
4149816012908
4149849302508
4149882590908
4149915885908
4149949169508
4149982459208
4150015752008
4150049036808
4150082325608
4150115613608
4150148903408
4150182192208
4150215480808
4150248770708
4150282058808
4150315348008
4150348639308
4150381926308
4150415214908
4150448538108
4150481811208
4150515081708
4150548379008
4150581660408
4150614949708
4150648237708
4150681527208
4150714817708
4150748104408
4150781394608
4150814683908
4150847971708
4150881267408
4150914551608
4150947838508
4150981134808
4151014416708
4151047706108
4151080999508
4151114284608
4151147572908
4151180862608
4151214151608
4151247439808
4151280730108
4151314020308
4151347307808
4151380595608
4151413891308
4151447174908
4151480462908
4151513758808
4151547041108
4151580329908
4151613619808
4151646931908
4151680197008
4151713486908
4151746775108
4151780064308
4151813367908
4151846648508
4151879931008
4151913220308
4151946515608
4151979798808
4152013086208
4152046376808
4152079666908
4152112953808
4152146243708
4152179565808
4152212823908
4152246110508
4152279404608
4152312688108
4152345977708
4152379271608
4152412554708
4152445845608
4152479140008
4152512422008
4152545711208
4152579000308
4152612308408
4152645579308
4152678867708
4152712156908
4152745444508
4152778734608
4152812030708
4152845312008
4152878601608
4152911896608
4152945178808
4152978469108
4153011769508
4153045045608
4153078335508
4153111624608
4153144913008
4153178210108
4153211492108
4153244784008
4153278069708
4153311358408
4153344682208
4153377935708
4153411225708
4153444522608
4153477803108
4153511093108
4153544422808
4153577670108
4153610959908
4153644248708
4153677536708
4153710826608
4153744114908
4153777411208
4153810694508
4153843983008
4153877277208
4153910560608
4153943849208
4153977138308
4154010428908
4154043716708
4154077006108
4154110294008
4154143583808
4154176873708
4154210164308
4154243450808
4154276739508
4154310033808
4154343317608
4154376606908
4154409901308
4154443186308
4154476473408
4154509762508
4154543052108
4154576341208
4154609629308
4154642918908
4154676207508
4154709496808
4154742816108
4154776075008
4154809365208
4154842658008
4154875941608
4154909254708
4154942518908
4154975812808
4155009097808
4155042386008
4155075675808
4155108964308
4155142252808
4155175548208
4155208831808
4155242120008
4155275448908
4155308698908
4155341988608
4155375283908
4155408565708
4155441856108
4155475143108
4155508433108
4155541721608
4155575010208
4155608300208
4155641590008
4155674877308
4155708172508
4155741456308
4155774743908
4155808041608
4155841322908
4155874611008
4155907901308
4155941189608
4155974478308
4156007767508
4156041056408
4156074345308
4156107651508
4156140929008
4156174213908
4156207501308
4156240796408
4156274094008
4156307368408
4156340661008
4156373946808
4156407234808
4156440525008
4156473827108
4156507102508
4156540392408
4156573681208
4156606969408
4156640293308
4156673553908
4156706836508
4156740125708
4156773421308
4156806704108
4156839992108
4156873281808
4156906572108
4156939859308
4156973148908
4157006437908
4157039726308
4157073015708
4157106312008
4157139593108
4157172883308
4157206177008
4157239460408
4157272750608
4157306039208
4157339327008
4157372616808
4157405905908
4157439217408
4157472483808
4157505773208
4157539065708
4157572350408
4157605640208
4157638935108
4157672216908
4157705507208
4157738802608
4157772084408
4157805374008
4157838662308
4157871951308
4157905241408
4157938529808
4157971831608
4158005127808
4158038397008
4158071691008
4158104974808
4158138263708
4158171588308
4158204841108
4158238131208
4158271424708
4158304708608
4158337998308
4158371286908
4158404575208
4158437865408
4158471154908
4158504445008
4158537732508
4158571020308
4158604315408
4158637599708
4158670887708
4158704183008
4158737465308
4158770755108
4158804044408
4158837333608
4158870622408
4158903912608
4158937199408
4158970489308
4159003778308
4159037072008
4159070356308
4159103646808
4159136939608
4159170223208
4159203533308
4159236800608
4159270091708
4159303378908
4159336667208
4159369982608
4159403246508
4159436534508
4159469845108
4159503113408
4159536402308
4159569695808
4159602979808
4159636270308
4159669563108
4159702847408
4159736192808
4159769424608
4159802714408
4159836003608
4159869291708
4159902581108
4159935869608
4159969158508
4160002455408
4160035737808
4160069025808
4160102321208
4160135604408
4160168892508
4160202183108
4160235471408
4160268760408
4160302048608
4160335338108
4160368628508
4160401915608
4160435208408
4160468493908
4160501782508
4160535078108
4160568372208
4160601649608
4160634946108
4160668228008
4160701516508
4160734816708
4160768095408
4160801383808
4160834673408
4160867961708
4160901251408
4160934539208
4160967834708
4161001119208
4161034406408
4161067702608
4161101013208
4161134273208
4161167563408
4161200852508
4161234140508
4161267430508
4161300718908
4161334007708
4161367298708
4161400590508
4161433874408
4161467164008
4161500458908
4161533745808
4161567032308
4161600326708
4161633610808
4161666897308
4161700186808
4161733477408
4161766764608
4161800053708
4161833343108
4161866631608
4161899921008
4161933216408
4161966498708
4161999788208
4162033083408
4162066365708
4162099655408
4162132943808
4162166250708
4162199522308
4162232811608
4162266100708
4162299388208
4162332678408
4162365973408
4162399255408
4162432545608
4162465880608
4162499122908
4162532412508
4162565709608
4162598989508
4162632279508
4162665567208
4162698865808
4162732146808
4162765435108
4162798724908
4162832013408
4162865302408
4162898596708
4162931881108
4162965169608
4162998464908
4163031746708
4163065036808
4163098326608
4163131613708
4163164903408
4163198191808
4163231480608
4163264770408
4163298059908
4163331352908
4163364637508
4163397926108
4163431220008
4163464505108
4163497793808
4163531081808
4163564371308
4163597660808
4163630949708
4163664259608
4163697527408
4163730817908
4163764105908
4163797394408
4163830697008
4163863977608
4163897261608
4163930550508
4163963848208
4163997128508
4164030417008
4164063705708
4164096995808
4164130284408
4164163573108
4164196902408
4164230151908
4164263439808
4164296737908
4164330018108
4164363307908
4164396601608
4164429885408
4164463175508
4164496463108
4164529752508
4164563041408
4164596329608
4164629619808
4164662909208
4164696196608
4164729488608
4164762774608
4164796064108
4164829360908
4164862642508
4164895931008
4164929226708
4164962509708
4164995798008
4165029101208
4165062376608
4165095665908
4165128954008
4165162243808
4165195537208
4165228821008
4165262116108
4165295399708
4165328687608
4165361983408
4165395265608
4165428555008
4165461854408
4165495133408
4165528422208
4165561754308
4165595000808
4165628289108
4165661578908
4165694870208
4165728160308
4165761444808
4165794740508
4165828023608
4165861311808
4165894608208
4165927891808
4165961178708
4165994468908
4166027758708
4166061046208
4166094336008
4166127624208
4166160913208
4166194203708
4166227497808
4166260780008
4166294069608
4166327365908
4166360654008
4166393936908
4166427225608
4166460514608
4166493803208
4166527092908
4166560382108
4166593669608
4166626959808
4166660252308
4166693537208
4166726826608
4166760142608
4166793404008
4166826693808
4166859988708
4166893270808
4166926588108
4166959853008
4166993137708
4167026427608
4167059717108
4167093034308
4167126294008
4167159583908
4167192880108
4167226160908
4167259450608
4167292779608
4167326027908
4167359318008
4167392606808
4167425895208
4167459184808
4167492472608
4167525761908
4167559053108
4167592341108
4167625632708
4167658918608
4167692208008
4167725502708
4167758786208
4167792074708
4167825370608
4167858651708
4167891942008
4167925231308
4167958519408
4167991808908
4168025097808
4168058386008
4168091676108
4168124985208
4168158259108
4168191542808
4168224831908
4168258125808
4168291428908
4168324699008
4168357987308
4168391278208
4168424566208
4168457870108
4168491143208
4168524432908
4168557723008
4168591014408
4168624299908
4168657645108
4168690882808
4168724167008
4168757455808
4168790747408
4168824034208
4168857322208
4168890611408
4168923901908
4168957190108
4168990478108
4169023768508
4169057056908
4169090346108
4169123641808
4169156924108
4169190214508
4169223507208
4169256790608
4169290080108
4169323368208
4169356658108
4169389947908
4169423235708
4169456525408
4169489818408
4169523101808
4169556397608
4169589680708
4169622969408
4169656265208
4169689548608
4169722840108
4169756129308
4169789414708
4169822704408
4169855992108
4169889282408
4169922572308
4169955872308
4169989149708
4170022459408
4170055726108
4170089021708
4170122304908
4170155593108
4170188889108
4170222171608
4170255460308
4170288751508
4170322039108
4170355327508
4170388616708
4170421906008
4170455194408
4170488485108
4170521778408
4170555062408
4170588349708
4170621645808
4170654929908
4170688217008
4170721507108
4170754797308
4170788084608
4170821374208
4170854662508
4170887951508
4170921241308
4170954531408
4170987818508
4171021108108
4171054402708
4171087685508
4171120974908
4171154270608
4171187562508
4171220866408
4171254131108
4171287421308
4171320708208
4171353998108
4171387320108
4171420575608
4171453865308
4171487160808
4171520442208
4171553732108
4171587026008
4171620309208
4171653599408
4171686897108
4171720176208
4171753499208
4171786754908
4171820043408
4171853335408
4171886621908
4171919913908
4171953199108
4171986489408
4172019785608
4172053066208
4172086356308
4172119651708
4172152933708
4172186223108
4172219512908
4172252800508
4172286090508
4172319378808
4172352667408
4172385958308
4172419246108
4172452540508
4172485824208
4172519113308
4172552408708
4172585710008
4172618980608
4172652274308
4172685558108
4172718851908
4172752146108
4172785424408
4172818714208
4172852004208
4172885294008
4172918581308
4172951869608
4172985164408
4173018448208
4173051737008
4173085031808
4173118366308
4173151604208
4173184892708
4173218182508
4173251471308
4173284760708
4173318048208
4173351338108
4173384627808
4173417921308
4173451205408
4173484494408
4173517788508
4173551072408
4173584362008
4173617649608
4173650939408
4173684227208
4173717516808
4173750807508
4173784095608
4173817383508
4173850676608
4173883961808
4173917250908
4173950550808
4173983829108
4174017118508
4174050412408
4174083696408
4174116985108
4174150273708
4174183563508
4174216855108
4174250140308
4174283430608
4174316718808
4174350007808
4174383303808
4174416586408
4174449874308
4174483195008
4174516453508
4174549741708
4174583031308
4174616320708
4174649609608
4174682897408
4174716187608
4174749477808
4174782764808
4174816058708
4174849343408
4174882631708
4174915926908
4174949211108
4174982498708
4175015794708
4175049076408
4175082365908
4175115656208
4175148944408
4175182232808
4175215522208
4175248811008
4175282100108
4175315389708
4175348684208
4175381967608
4175415255608
4175448551208
4175481835408
4175515122608
4175548412608
4175581700908
4175614989708
4175648279508
4175681589608
4175714856708
4175748146508
4175781440108
4175814723908
4175848038608
4175881308608
4175914595508
4175947880808
4175981172408
4176014458608
4176047746408
4176081037108
4176114326108
4176147614008
4176180903708
4176214194308
4176247480608
4176280770808
4176314067008
4176347348108
4176380637908
4176413932408
4176447214508
4176480505708
4176513793708
4176547082208
4176580371508
4176613660608
4176646974908
4176680239208
4176713527408
4176746822808
4176780104608
4176813394708
4176846690108
4176879971908
4176913261808
4176946554008
4176979856908
4177013129008
4177046443808
4177079706208
4177112995408
4177146284608
4177179574308
4177212894508
4177246151008
4177279445508
4177312729408
4177346018808
4177379345208
4177412595708
4177445885708
4177479175808
4177512463108
4177545752808
4177579078108
4177612329808
4177645619708
4177678908508
4177712202308
4177745486808
4177778774708
4177812069708
4177845354508
4177878642908
4177911931408
4177945220308
4177978509408
4178011797608
4178045088108
4178078376608
4178111665708
4178144955608
4178178243908
4178211534008
4178244826508
4178278110608
4178311399408
4178344694308
4178377977708
4178411272608
4178444554808
4178477847908
4178511133308
4178544422008
4178577711008
4178611000908
4178644289008
4178677585008
4178710873608
4178744157008
4178777450608
4178810735108
4178844025108
4178877312108
4178910602008
4178943915908
4178977178908
4179010469008
4179043758108
4179077046008
4179110337808
4179143624208
4179176912908
4179210213408
4179243492008
4179276780208
4179310075608
4179343358608
4179376647808
4179409937508
4179443225308
4179476516208
4179509802708
4179543092908
4179576382008
4179609670208
4179642965208
4179676250408
4179709537008
4179742832708
4179776115108
4179809404008
4179842694108
4179875982408
4179909270708
4179942561508
4179975850108
4180009138208
4180042427908
4180075719908
4180109005208
4180142294108
4180175589808
4180208877908
4180242160708
4180275456708
4180308771708
4180342028308
4180375317808
4180408606508
4180441895008
4180475185008
4180508472908
4180541762008
4180575053008
4180608346308
4180641629208
4180674918508
4180708214108
4180741496208
4180774786908
4180808075108
4180841363708
4180874651708
4180907942308
4180941232308
4180974519008
4181007809108
4181041101308
4181074386008
4181107676308
4181140971708
4181174253208
4181207543008
4181240837708
4181274120408
4181307411008
4181340699708
4181373987408
4181407276908
4181440566008
4181473887508
4181507165508
4181540433408
4181573729708
4181607010308
4181640299908
4181673603208
4181706880308
4181740167208
4181773456108
4181806744308
4181840034108
4181873322108
4181906611108
4181939901908
4181973189408
4182006483108
4182039799008
4182073057008
4182106351108
4182139635008
4182172923608
4182206219808
4182239501608
4182272791308
4182306081108
4182339368208
4182372658008
4182405946808
4182439235208
4182472525308
4182505814808
4182539107708
4182572391808
4182605680608
4182638975308
4182672260008
4182705548208
4182738836408
4182772125808
4182805415208
4182838704408
4182872008608
4182905281908
4182938572208
4182971864008
4183005149108
4183038438808
4183071732108
4183105016008
4183138305908
4183171593208
4183204897208
4183238171008
4183271460408
4183304750708
4183338038708
4183371327408
4183404668608
4183437906108
4183471194508
4183504492208
4183537773308
4183571062008
4183604356608
4183637640308
4183670930208
4183704217408
4183737507108
4183770795808
4183804084408
4183837374008
4183870663808
4183903951108
4183937246608
4183970529508
4184003818708
4184037115608
4184070397408
4184103685908
4184136975008
4184170264308
4184203552508
4184236842108
4184270131408
4184303422908
4184336708208
4184369999908
4184403287208
4184436575408
4184469874608
4184503154208
4184536442208
4184569738208
4184603020008
4184636309708
4184669599408
4184702900208
4184736176208
4184769498508
4184802755108
4184836043108
4184869333008
4184902627908
4184935911308
4184969199208
4185002496308
4185035779008
4185069066208
4185102356008
4185135645508
4185168933508
4185202223308
4185235513108
4185268800208
4185302090308
4185335380508
4185368667508
4185401958408
4185435252108
4185468534608
4185501823908
4185535119308
4185568414008
4185601691708
4185634980008
4185668269908
4185701557708
4185734847308
4185768136608
4185801424908
4185834714408
4185868009408
4185901291108
4185934581408
4185967900508
4186001159008
4186034448008
4186067737108
4186101025808
4186134335808
4186167604508
4186200932208
4186234182008
4186267471208
4186300763908
4186334048408
4186367338508
4186400634708
4186433917308
4186467205308
4186500536308
4186533782708
4186567072008
4186600362608
4186633649608
4186666939208
4186700227808
4186733516508
4186766807508
4186800095808
4186833389208
4186866673408
4186899962408
4186933256908
4186966540508
4186999829608
4187033119008
4187066406508
4187099696408
4187132986208
4187166273608
4187199563908
4187232852208
4187266144108
4187299430408
4187332735508
4187366013508
4187399297708
4187432586308
4187465881508
4187499179708
4187532453608
4187565741808
4187599031508
4187632320308
4187665609608
4187698897508
4187732187908
4187765477808
4187798770108
4187832054508
4187865372008
4187898637908
4187931921608
4187965210308
4187998498808
4188031788508
4188065076808
4188098366008
4188131656508
4188164947508
4188198233208
4188231525908
4188264811308
4188298099908
4188331398508
4188364678408
4188397967408
4188431258708
4188464545608
4188497835308
4188531122508
4188564412808
4188597701608
4188630989808
4188664280008
4188697571408
4188730856808
4188764152708
4188797435708
4188830723708
4188864024308
4188897302608
4188930590908
4188963880208
4188997169508
4189030458708
4189063746608
4189097036508
4189130326508
4189163613608
4189196908208
4189230216308
4189263481008
4189296776208
4189330059608
4189363348108
4189396644108
4189429926208
4189463214708
4189496508308
4189529793608
4189563081908
4189596371508
4189629661508
4189662950208
4189696239608
4189729533508
4189762817708
4189796105008
4189829400808
4189862684208
4189895971908
4189929261808
4189962551908
4189995838608
4190029128708
4190062417108
4190095705608
4190128995808
4190162289408
4190195573308
4190228862908
4190262157808
4190295439508
4190328729508
4190362022208
4190395321808
4190428617908
4190461886108
4190495175708
4190528462908
4190561752508
4190595075408
4190628330008
4190661620008
4190694915108
4190728197708
4190761486908
4190794781008
4190828064008
4190861354408
4190894642408
4190927934708
4190961220208
4190994510108
4191027798308
4191061092408
4191094376708
4191127672708
4191160953508
4191194244008
4191227540108
4191260821308
4191294111108
4191327400008
4191360688108
4191393977708
4191427267508
4191460554808
4191493845208
4191527133408
4191560424408
4191593712908
4191627000408
4191660294508
4191693578608
4191726868008
4191760194208
4191793466908
4191826735208
4191860025108
4191893312208
4191926602108
4191959901908
4191993179208
4192026468908
4192059757608
4192093051608
4192126336008
4192159623908
4192192919108
4192226203108
4192259491608
4192292780108
4192326103108
4192359359408
4192392647308
4192425959908
4192459225908
4192492515108
4192525805208
4192559092808
4192592382908
4192625676008
4192658960508
4192692248508
4192725543008
4192758826908
4192792116708
4192825403808
4192858694308
4192891982508
4192925271308
4192958561708
4192991850508
4193025137808
4193058435308
4193091716808
4193125006208
4193158311108
4193191584308
4193224874608
4193258161008
4193291450908
4193324742308
4193358028008
4193391318008
4193424608208
4193457895108
4193491188008
4193524472908
4193557762208
4193591058308
4193624340408
4193657629408
4193690954608
4193724208208
4193757496108
4193790786208
4193824074608
4193857364308
4193890652008
4193923942108
4193957232108
4193990519308
4194023814508
4194057098108
4194090386308
4194123682008
4194156969008
4194190253708
4194223543108
4194256831808
4194290120008
4194323411208
4194356699208
4194389987308
4194423277008
4194456569908
4194489854508
4194523145108
4194556438608
4194589722308
4194623010208
4194656306708
4194689589208
4194722877708
4194756167108
4194789455608
4194822744508
4194856034308
4194889322208
4194922611408
4194955900808
4194989195708
4195022478508
4195055799408
4195089063108
4195122345008
4195155635108
4195188924208
4195222212908
4195255500908
4195288791208
4195322081208
4195355368608
4195388658108
4195421951408
4195455235608
4195488525108
4195521821508
4195555102208
4195588392608
4195621687308
4195654972808
4195688260108
4195721548308
4195754836408
4195788125808
4195821415108
4195854733408
4195888000708
4195921282208
4195954577808
4195987859708
4196021149008
4196054445708
4196087726608
4196121016408
4196154304808
4196187593608
4196220883008
4196254199508
4196287460808
4196320750208
4196354039308
4196387332908
4196420642508
4196453906208
4196487229908
4196520484608
4196553773108
4196587069508
4196620350308
4196653640408
4196686929608
4196720217308
4196753506908
4196786797508
4196820085608
4196853374408
4196886664008
4196919956908
4196953241408
4196986529908
4197019824508
4197053109508
4197086397008
4197119685308
4197152995108
4197186264508
4197219552308
4197252843008
4197286131408
4197319420808
4197352713708
4197385998608
4197419287908
4197452581208
4197485866008
4197519154108
4197552442308
4197585732508
4197619055408
4197652309808
4197685599408
4197718888008
4197752176708
4197785479508
4197818755408
4197852043708
4197885339208
4197918622408
4197951911508
4197985205408
4198018489308
4198051779508
4198085067108
4198118356308
4198151695008
4198184933608
4198218223308
4198251512508
4198284800608
4198318096308
4198351378608
4198384667608
4198417964108
4198451246008
4198484535208
4198517824408
4198551113108
4198584401708
4198617692108
4198650980508
4198684269708
4198717557608
4198750849808
4198784136908
4198817424408
4198850720708
4198884003008
4198917291708
4198950587408
4198983879608
4199017158608
4199050448708
4199083736508
4199117029208
4199150338608
4199183604308
4199216892808
4199250182108
4199283476608
4199316759808
4199350048608
4199383344208
4199416628508
4199449916208
4199483205608
4199516523008
4199549782808
4199583073008
4199616361108
4199649649508
4199682939408
4199716229908
4199749516808
4199782807808
4199816101208
4199849383508
4199882672708
4199915969308
4199949262108
4199982541508
4200015829508
4200049119708
4200082406508
4200115696908
4200148985508
4200182273908
4200215563708
4200248859808
4200282140608
4200315430808
4200348726008
4200382008108
4200415297908
4200448586508
4200481874708
4200515164508
4200548454008
4200581742208
4200615051908
4200648320708
4200681641508
4200714897708
4200748187508
4200781483708
4200814764508
4200848054908
4200881399308
4200914631708
4200947922008
4200981211108
4201014498608
4201047788908
4201081076708
4201114366308
4201147656708
4201180944508
4201214238008
4201247522808
4201280811708
4201314106608
4201347390408
4201380678908
4201413967808
4201447255908
4201480545608
4201513835508
4201547122408
4201580413108
4201613701908
4201646993708
4201680279808
4201713569208
4201746862708
4201780146908
4201813435608
4201846730608
4201880015708
4201913302808
4201946591008
4201979880708
4202013169108
4202046459108
4202079768308
4202113040308
4202146326908
4202179619308
4202212903808
4202246218608
4202279487208
4202312771008
4202346059708
4202379347808
4202412637608
4202445925708
4202479215408
4202512505108
4202545793508
4202579082208
4202612375908
4202645660908
4202678949008
4202712245408
4202745527908
4202778817208
4202812108508
4202845394808
4202878684408
4202911972008
4202945262008
4202978550808
4203011839208
4203045129308
4203078418108
4203111706108
4203145002008
4203178284908
4203211573108
4203244870208
4203278151908
4203311440408
4203344729708
4203378018908
4203411308108
4203444624708
4203477886008
4203511176008
4203544463108
4203577758408
4203611074408
4203644330308
4203677625508
4203710909808
4203744197108
4203777490208
4203810775108
4203844064008
4203877354208
4203910643108
4203943931108
4203977278108
4204010510508
4204043798108
4204077088008
4204110382708
4204143666008
4204176953908
4204210250308
4204243533708
4204276821108
4204310111108
4204343399708
4204376688208
4204409978008
4204443267608
4204476555408
4204509844908
4204543138808
4204576422508
4204609712608
4204643007008
4204676289108
4204709578608
4204742867708
4204776170208
4204809459008
4204842735208
4204876044108
4204909311808
4204942602008
4204975896208
4205009179108
4205042469208
4205075763908
4205109056408
4205142336008
4205175630308
4205208913308
4205242203208
4205275491208
4205308780308
4205342099808
4205375359308
4205408647508
4205441937108
4205475225808
4205508521508
4205541803208
4205575093408
4205608389108
4205641670408
4205674960208
4205708248908
4205741537508
4205774827408
4205808117408
4205841404308
4205874693908
4205907982108
4205941273608
4205974562508
4206007849408
4206041144008
4206074428108
4206107716808
4206141047308
4206174298708
4206207583408
4206240873308
4206274162908
4206307451008
4206340740108
4206374031908
4206407318008
4206440607308
4206473901108
4206507185008
4206540473408
4206573768808
4206607058108
4206640341208
4206673629308
4206706941608
4206740208008
4206773497408
4206806786108
4206840075408
4206873366908
4206906655008
4206939942108
4206973231408
4207006525108
4207039809108
4207073098908
4207106392608
4207139677708
4207172966308
4207206253108
4207239543108
4207272831808
4207306120608
4207339410908
4207372699008
4207405987408
4207439284408
4207472566408
4207505854608
4207539150908
4207572433208
4207605722608
4207639010508
4207672300508
4207705589308
4207738878808
4207772167408
4207805690608
4207838744608
4207872040608
4207905322408
4207938611008
4207971907608
4208005190008
4208038478308
4208071799108
4208105057708
4208138345608
4208171635508
4208204924308
4208238213408
4208271501308
4208304791808
4208338081508
4208371368708
4208404663708
4208437947308
4208471235208
4208504531508
4208537815308
4208571102608
4208604392508
4208637680908
4208670969408
4208704260308
4208737548508
4208770836508
4208804126208
4208837419408
4208870703708
4208903993608
4208937288208
4208970571608
4209003859208
4209037155908
4209070438508
4209103726808
4209137016808
4209170305408
4209203593908
4209236883708
4209270193508
4209303460908
4209336750208
4209370044508
4209403327908
4209436637508
4209469912108
4209503194408
4209536484408
4209569773308
4209603079308
4209636350908
4209669640508
4209702930508
4209736218308
4209769507808
4209802801908
4209836085208
4209869374508
4209902669908
4209935951908
4209969241608
4210002533108
4210035818908
4210069109408
4210102397308
4210135685908
4210168975508
4210202264308
4210235583308
4210268842708
4210302215508
4210335428008
4210368708608
4210401998308
4210435294708
4210468576108
4210501865608
4210535155708
4210568443008
4210601732508
4210635046708
4210668309708
4210701599508
4210734888808
4210768181908
4210801483508
4210834755608
4210868049708
4210901333908
4210934622708
4210967949808
4211001199708
4211034489508
4211067779508
4211101066508
4211134356608
4211167682808
4211200934508
4211234223808
4211267512608
4211300806508
4211334093908
4211367379008
4211400673808
4211433958708
4211467246308
4211500535108
4211533824708
4211567123708
4211600401908
4211633692408
4211666980308
4211700269908
4211733563408
4211766847908
4211800138008
4211833430708
4211866714608
4211900003708
4211933292008
4211966581608
4211999878308
4212033159108
4212066448908
4212099737308
4212133025908
4212166318208
4212199604908
4212232892908
4212266189308
4212299471408
4212332760808
4212366055008
4212399338608
4212432629208
4212465915908
4212499205708
4212532520208
4212565782908
4212599073008
4212632362008
4212665649708
4212698946008
4212732227808
4212765517508
4212798814108
4212832095808
4212865384308
4212898673608
4212931963008
4212965251108
4212998541508
4213031829508
4213065122308
4213098407208
4213131699008
4213164986608
4213198274108
4213231569608
4213264852608
4213298151708
4213331437308
4213364721408
4213398008108
4213431298108
4213464586108
4213497875008
4213531165008
4213564453408
4213597742308
4213631031808
4213664326408
4213697610508
4213730897808
4213764193808
4213797478208
4213830765208
4213864055008
4213897381008
4213930632308
4213963921908
4213997211808
4214030499408
4214063788708
4214097080108
4214130366108
4214163661808
4214196949808
4214230233308
4214263522608
4214296818208
4214330101608
4214363391008
4214396678708
4214429968608
4214463256208
4214496545908
4214529835908
4214563148208
4214596413008
4214629707608
4214662989808
4214696280108
4214729575308
4214762857208
4214796146908
4214829436008
4214862724208
4214896013808
4214929303008
4214962591708
4214995880708
4215029170208
4215062491208
4215095769708
4215129036908
4215162333408
4215195614008
4215228904208
4215262220808
4215295481608
4215328770708
4215362060008
4215395348108
4215428638308
4215461926108
4215495215508
4215528507308
4215561793708
4215595088008
4215628371808
4215661661008
4215694955808
4215728243108
4215761528108
4215794817508
4215828105608
4215861395508
4215894685308
4215927972108
4215961262008
4215994550808
4216027843708
4216061132408
4216094419308
4216127711908
4216160996308
4216194284308
4216227579808
4216260863808
4216294156708
4216327440208
4216360730208
4216394019208
4216427308408
4216460618508
4216493886208
4216527176308
4216560469008
4216593753208
4216627057008
4216660336508
4216693620408
4216726908908
4216760197608
4216793486908
4216826775008
4216860064608
4216893354708
4216926642408
4216959931808
4216993257808
4217026510708
4217059799408
4217093094708
4217126377408
4217159667608
4217192954208
4217226244708
4217259533508
4217292821908
4217326111008
4217359401508
4217392688808
4217425979108
4217459268008
4217492555908
4217525851408
4217559136308
4217592422508
4217625720008
4217659001708
4217692290208
4217725579208
4217758868608
4217792156408
4217825467608
4217858735008
4217892025408
4217925312408
4217958608008
4217991905408
4218025179608
4218058475308
4218091758108
4218125046208
4218158339608
4218191624408
4218224913908
4218258203108
4218291492108
4218324780708
4218358104408
4218391360508
4218424648008
4218457937808
4218491232208
4218524515508
4218557803708
4218591099708
4218624383508
4218657670308
4218690960808
4218724249008
4218757537608
4218790827808
4218824117008
4218857404608
4218890695108
4218923988408
4218957271908
4218990562308
4219023856208
4219057138408
4219090428408
4219123717208
4219157020108
4219190301008
4219223584408
4219256873508
4219290161508
4219323451408
4219356743308
4219390028708
4219423318408
4219456613608
4219489896008
4219523185708
4219556479708
4219589762808
4219623052408
4219656341408
4219689629608
4219722942808
4219756208508
4219789496708
4219822786708
4219856075508
4219889370608
4219922652508
4219955942708
4219989238908
4220022519808
4220055809708
4220089098708
4220122386808
4220155676908
4220188966408
4220222254008
4220255543408
4220288831908
4220322126908
4220355411608
4220388699708
4220421994008
4220455277708
4220488566608
4220521862408
4220555149808
4220588433608
4220621723508
4220655010708
4220688300708
4220721589308
4220754877808
4220788167708
4220821457808
4220854750508
4220888035208
4220921323008
4220954617908
4220987901508
4221021190608
4221054479008
4221087804108
4221121057908
4221154346108
4221187635408
4221220924808
4221254213408
4221287504408
4221320791508
4221354083008
4221387374708
4221420659008
4221453947208
4221487242008
4221520525608
4221553815208
4221587103008
4221620392908
4221653681008
4221686969808
4221720260208
4221753548908
4221786837008
4221820135208
4221853415608
4221886704408
4221920000308
4221953283108
4221986572108
4222019860108
4222053149708
4222086439108
4222119726608
4222153017108
4222186305508
4222219594208
4222252887008
4222286194008
4222319461108
4222352757208
4222386039608
4222419328108
4222452645108
4222485907108
4222519194808
4222552485008
4222585773908
4222619063008
4222652350608
4222685640908
4222718931908
4222752218208
4222785513708
4222818796808
4222852085308
4222885381208
4222918664808
4222951951908
4222985242108
4223018530808
4223051819208
4223085110008
4223118397908
4223151686108
4223184975408
4223218268708
4223251553308
4223284843608
4223318137008
4223351421208
4223384709208
4223418005308
4223451288408
4223484576208
4223517865908
4223551158308
4223584443108
4223617733408
4223651043008
4223684310008
4223717600008
4223750894608
4223784177408
4223817487208
4223850762208
4223884053208
4223917333908
4223950622908
4223983912408
4224017200108
4224050490108
4224083779308
4224117067308
4224150357108
4224183683308
4224216934308
4224250224108
4224283520708
4224316801308
4224350090808
4224383382808
4224416668208
4224449958908
4224483246708
4224516535308
4224549824808
4224583114208
4224616432408
4224649692208
4224682981208
4224716276608
4224749557908
4224782848508
4224816144208
4224849425408
4224882714908
4224916004308
4224949292408
4224982582108
4225015894608
4225049162508
4225082448908
4225115737908
4225149031508
4225182331508
4225215605208
4225248899408
4225282182908
4225315471908
4225348764708
4225382049208
4225415339408
4225448629208
4225481916208
4225515206208
4225548494708
4225581784608
4225615073408
4225648362108
4225681656108
4225714940208
4225748228108
4225781523908
4225814808108
4225848096108
4225881384408
4225914674208
4225947963308
4225981251608
4226014541908
4226047830108
4226081119808
4226114412808
4226147697308
4226180987108
4226214280408
4226247564208
4226280853008
4226314141108
4226347431208
4226380728808
4226414008908
4226447298308
4226480586908
4226513875308
4226547167708
4226580454308
4226613742508
4226647038508
4226680321608
4226713610808
4226746905208
4226780202008
4226813478408
4226846765408
4226880055408
4226913371608
4226946632508
4226979922208
4227013211108
4227046499508
4227079794808
4227113077508
4227146366808
4227179663508
4227212945508
4227246240908
4227279523308
4227312812108
4227346101708
4227379391408
4227412679408
4227445970808
4227479256408
4227512548908
4227545835408
4227579123208
4227612419008
4227645703308
4227678990808
4227712286708
4227745571208
4227778857708
4227812147308
4227845435708
4227878724608
4227912014408
4227945303308
4227978591608
4228011881208
4228045176108
4228078459008
4228111747408
4228145043508
4228178327208
4228211614608
4228244904408
4228278230108
4228311481808
4228344771708
4228378060208
4228411348808
4228444638208
4228477930008
4228511219208
4228544506408
4228577799808
4228611082908
4228644372408
4228677667508
4228710949608
4228744240108
4228777528408
4228810817508
4228844105608
4228877397408
4228910685408
4228943972708
4228977262708
4229010556908
4229043839608
4229077129608
4229110424808
4229143706608
4229176996708
4229210285408
4229243574008
4229276864008
4229310152808
4229343440808
4229376730308
4229410019608
4229443340708
4229476596308
4229509886608
4229543182308
4229576463408
4229609753508
4229643073008
4229676330808
4229709620908
4229742909408
4229776197308
4229809488108
4229842775608
4229876064708
4229909355608
4229942643708
4229975937708
4230009273608
4230042510908
4230075805208
4230109089208
4230142378008
4230175666808
4230208955008
4230242244908
4230275534908
4230308821508
4230342112008
4230375400508
4230408693208
4230441979108
4230475272908
4230508561808
4230541845708
4230575134508
4230608429108
4230641714108
4230675002008
4230708289908
4230741579808
4230774868308
4230808158208
4230841467808
4230874735508
4230908025808
4230941318508
4230974602508
4231007913208
4231041186108
4231074469608
4231107760108
4231141046808
4231174340408
4231207624708
4231240914108
4231274204008
4231307492208
4231340781108
4231374109308
4231407359908
4231440648108
4231473946308
4231507226808
4231540516008
4231573803508
4231607094108
4231640384108
4231673671408
4231706960608
4231740249608
4231773538108
4231806828708
4231840117208
4231873405408
4231906700508
4231939983408
4231973271908
4232006568808
4232039851108
4232073139008
4232106428308
4232139717608
4232173006208
4232206323008
4232239584908
4232272875108
4232306162008
4232339457208
4232372757408
4232406029108
4232439324308
4232472608008
4232505896208
4232539189208
4232572473708
4232605763108
4232639052708
4232672359908
4232705630108
4232738977308
4232772209808
4232805497108
4232838787208
4232872081708
4232905365008
4232938653108
4232971949208
4233005232808
4233038519908
4233071810208
4233105098908
4233138387208
4233171676908
4233204966308
4233238254208
4233271543908
4233304838208
4233338121108
4233371412108
4233404706108
4233437988108
4233471278108
4233504566808
4233537870608
4233571160008
4233604434408
4233637728308
4233671011208
4233704301108
4233737597308
4233770878108
4233804168408
4233837463508
4233870745508
4233904035108
4233937329808
4233970612308
4234003902508
4234037190308
4234070479508
4234103819808
4234137058008
4234170377408
4234203636008
4234236925108
4234270221708
4234303502008
4234336792008
4234370087008
4234403374808
4234436659108
4234469952608
4234503236208
4234536526408
4234569815708
4234603103108
4234636393408
4234669681308
4234702972608
4234736261108
4234769549108
4234802843008
4234836127108
4234869416308
4234902742708
4234936000808
4234969282808
4235002573208
4235035860308
4235069150608
4235102438908
4235135727208
4235169017208
4235202306008
4235235600308
4235268884108
4235302172008
4235335467608
4235368751208
4235402039808
4235435328108
4235468647008
4235501907408
4235535195408
4235568484608
4235601773808
4235635063208
4235668354108
4235701641008
4235734931208
4235768224008
4235801508108
4235834796908
4235868091608
4235901389908
4235934664908
4235967952508
4236001242208
4236034530608
4236067819508
4236101109808
4236134398608
4236167686608
4236200981808
4236234265308
4236267553608
4236300848808
4236334132808
4236367421508
4236400709508
4236433999208
4236467288908
4236500576308
4236533866108
4236567155608
4236600443508
4236633736808
4236667021308
4236700310408
4236733606708
4236766889108
4236800254008
4236833506208
4236866756708
4236900044508
4236933333908
4236966623008
4236999912808
4237033200408
4237066490508
4237099780308
4237133067508
4237166363008
4237199646208
4237232934508
4237266230308
4237299513408
4237332801808
4237366091608
4237399396708
4237432668808
4237465959308
4237499247508
4237532535508
4237565825308
4237599118108
4237632403808
4237665693008
4237698987308
4237732271908
4237765558508
4237798854008
4237832137708
4237865425708
4237898715508
4237932006308
4237965292608
4237998582508
4238031870708
4238065159908
4238098449408
4238131744108
4238165026608
4238198346408
4238231611708
4238264894008
4238298183308
4238331472608
4238364761408
4238398049508
4238431339408
4238464629408
4238497916708
4238531206908
4238564499708
4238597783908
4238631073308
4238664389808
4238697650808
4238730940608
4238764228508
4238797517908
4238830808408
4238864096608
4238897386108
4238930674608
4238963963508
4238997281508
4239030541608
4239063830608
4239097125808
4239130408008
4239163697508
4239196993708
4239230275008
4239263564708
4239296853308
4239330142008
4239363431408
4239396747908
4239430009008
4239463299008
4239496587008
4239529881208
4239563189408
4239596454408
4239629749208
4239663032708
4239696321608
4239729648308
4239762898408
4239796188708
4239829478908
4239862766008
4239896055708
4239929344608
4239962633508
4239995922408
4240029211908
4240062505608
4240095789808
4240129078108
4240162376908
4240195658008
4240228945808
4240262233808
4240295525408
4240328812708
4240362100808
4240395391908
4240428679508
4240461969208
4240495262408
4240528546708
4240561836208
4240595129908
4240628416708
4240661702708
4240694990808
4240728280708
4240761590908
4240794858308
4240828147708
4240861436608
4240894725008
4240928028508
4240961304208
4240994592308
4241027890008
4241061170708
4241094460308
4241127754008
4241161037608
4241194327408
4241227614708
4241260904708
4241294242908
4241327482008
4241360771908
4241394062008
4241427349308
4241460644708
4241493927408
4241527216008
4241560512808
4241593795008
4241627083208
4241660372908
4241693661708
4241726950108
4241760240208
4241793528908
4241826818208
4241860106108
4241893398208
4241926685508
4241959972808
4241993268508
4242026552008
4242059840308
4242093136208
4242126436408
4242159707008
4242192996908
4242226285508
4242259574408
4242292901608
4242326152808
4242359441108
4242392731208
4242426025808
4242459308208
4242492597308
4242525893008
4242559176908
4242592464108
4242625754108
4242659092808
4242692331508
4242725620908
4242758909908
4242792198208
4242825487708
4242858779208
4242892064908
4242925355908
4242958649508
4242991932308
4243025221908
4243058517408
4243091810308
4243125090008
4243158378108
4243191667208
4243224955108
4243258244808
4243291537908
4243324822508
4243358112208
4243391406608
4243424689108
4243457979308
4243491280908
4243524556408
4243557845908
4243591134808
4243624423208
4243657714008
4243691002208
4243724290408
4243757580108
4243790869508
4243824190508
4243857446208
4243890736008
4243924033008
4243957313208
4243990603008
4244023926408
4244057180608
4244090470108
4244123759108
4244157047308
4244190337208
4244223625308
4244256914808
4244290205508
4244323493308
4244356787208
4244390070908
4244423359808
4244456686408
4244489938508
4244523226908
4244556517408
4244589803808
4244623093808
4244656383408
4244689671508
4244722961308
4244756251408
4244789559208
4244822828608
4244856117708
4244889410908
4244922695508
4244955984008
4244989278308
4245022573708
4245055851508
4245089139608
4245122429208
4245155718108
4245189007208
4245222295208
4245255585408
4245288874908
4245322168108
4245355452208
4245388782408
4245422036008
4245455319508
4245488608008
4245521896708
4245555186308
4245588474308
4245621763408
4245655054108
4245688342408
4245721631208
4245754926608
4245788209308
4245821497208
4245854796008
4245888076408
4245921365508
4245954656908
4245987943008
4246021233108
4246054520508
4246087810708
4246121099108
4246154387508
4246187678108
4246220966408
4246254254608
4246287550108
4246320833208
4246354121408
4246387418308
4246420700608
4246453988608
4246487278208
4246520567408
4246553856308
4246587144408
4246620434608
4246653724408
4246687011708
4246720306608
4246753622808
4246786878708
4246820174208
4246853458008
4246886745408
4246920042008
4246953323608
4246986612908
4247019902308
4247053191608
4247086479508
4247119768708
4247153059108
4247186346608
4247219637608
4247252931208
4247286214908
4247319502708
4247352798808
4247386082008
4247419369608
4247452660008
4247485948008
4247519236708
4247552529908
4247585815308
4247619103608
4247652393708
4247685687608
4247718970908
4247752261108
4247785555408
4247818843108
4247852127508
4247885416308
4247918707408
4247952016408
4247985283608
4248018573608
4248051860808
4248085151108
4248118471008
4248151727508
4248185017708
4248218313908
4248251595108
4248284884808
4248318178608
4248351461708
4248384752708
4248418040108
4248451328908
4248484618508
4248517907508
4248551195908
4248584486608
4248617774408
4248651069808
4248684351408
4248717641808
4248750938008
4248784219008
4248817508708
4248850797408
4248884085608
4248917375808
4248950664908
4248983952908
4249017242608
4249050534708
4249083821808
4249117111008
4249150398508
4249183692708
4249216976708
4249250265808
4249283593008
4249316865408
4249350132808
4249383423508
4249416709908
4249449999808
4249483302208
4249516584008
4249549866608
4249583155908
4249616449608
4249649733908
4249683022008
4249716317108
4249749600708
4249782889708
4249816177808
4249849501808
4249882756508
4249916044908
4249949334508
4249982624208
4250015912708
4250049203808
4250082490908
4250115780808
4250149073808
4250182357908
4250215646708
4250248941208
4250282226708
4250315514308
4250348801908
4250382091908
4250415380608
4250448669108
4250481959008
4250515248108
4250548538908
4250581831708
4250615114408
4250648403308
4250681718708
4250714981808
4250748272008
4250781559108
4250814848808
4250848151208
4250881426208
4250914715808
4250948005108
4250981293108
4251014585808
4251047870908
4251081160108
4251114456408
4251147738708
4251181027408
4251214356008
4251247605908
4251280895308
4251314183708
4251347472808
4251380763108
4251414050008
4251447339808
4251480629108
4251513917008
4251547212708
4251580497108
4251613783708
4251647080408
4251680363508
4251713651508
4251746941108
4251780229808
4251813518108
4251846808908
4251880097208
4251913385108
4251946675108
4251979967608
4252013252208
4252046559108
4252079836908
4252113121108
4252146408008
4252179704508
4252212993208
4252246275208
4252279565308
4252312854008
4252346142208
4252379432308
4252412721308
4252446009508
4252479298708
4252512593808
4252545876208
4252579193808
4252612461208
4252645743208
4252679032808
4252712322508
4252745611308
4252778899508
4252812189208
4252845479308
4252878766608
4252912056208
4252945349208
4252978633608
4253011923008
4253045218708
4253078500708
4253111790508
4253145081508
4253178367508
4253211658108
4253244946108
4253278234208
4253311527708
4253344813008
4253378131708
4253411397908
4253444680408
4253477975308
4253511257408
4253544546908
4253577859908
4253611124408
4253644414308
4253677703108
4253710991508
4253744280808
4253777577108
4253810857908
4253844148208
4253877436508
4253910730408
4253944042508
4253977304608
4254010598208
4254043882008
4254077170908
4254110497908
4254143748508
4254177038308
4254210328108
4254243615608
4254276905608
4254310194208
4254343483208
4254376772408
4254410062008
4254443355308
4254476639208
4254509927708
4254543222408
4254576507708
4254609794308
4254643083608
4254676373308
4254709662108
4254742951308
4254776246008
4254809532608
4254842820108
4254876111708
4254909396608
4254942685408
4254975979308
4255009263508
4255042553508
4255075840508
4255109131808
4255142418208
4255175707708
4255208997508
4255242286108
4255275574708
4255308895108
4255342153608
4255375442008
4255408739508
4255442020508
4255475309608
4255508603308
4255541887608
4255575177308
4255608464208
4255641754408
4255675043108
4255708331808
4255741621308
4255774911508
4255808198408
4255841494408
4255874776908
4255908065408
4255941362608
4255974643908
4256007932808
4256041222608
4256074511608
4256107799708
4256141089508
4256174378908
4256207667408
4256240955908
4256274247508
4256307534808
4256340822608
4256374118408
4256407401108
4256440689808
4256473985608
4256507267508
4256540560308
4256573846508
4256607135508
4256640423708
4256673747908
4256707002708
4256740290608
4256773581008
4256806875408
4256840158808
4256873446508
4256906742208
4256940026008
4256973313708
4257006603608
4257039892408
4257073180808
4257106470508
4257139760508
4257173048208
4257206337508
4257239628808
4257272914808
4257306206008
4257339499508
4257372782008
4257406071508
4257439366608
4257472659308
4257505938808
4257539227608
4257572516708
4257605804708
4257639095108
4257672383608
4257705671608
4257738961808
4257772256608
4257805539108
4257838828808
4257872145408
4257905405608
4257938695508
4257971984008
4258005272708
4258038619308
4258071851908
4258105164108
4258138429708
4258171718708
4258205012408
4258238295508
4258271585408
4258304881008
4258338162708
4258371452708
4258404749208
4258438030108
4258471319708
4258504609708
4258537896508
4258571186608
4258604474608
4258637764008
4258671054508
4258704342808
4258737636608
4258770920808
4258804209308
4258837504408
4258870787508
4258904076808
4258937365708
4258970653908
4259003943808
4259037233008
4259070520808
4259103810908
4259137099708
4259170391308
4259203677608
4259236987908
4259270260408
4259303545308
4259336833408
4259370128408
4259403439808
4259436701308
4259469988708
4259503278708
4259536571108
4259569857108
4259603144608
4259636435408
4259669724608
4259703017208
4259736302008
4259769623308
4259802885008
4259836168908
4259869458908
4259902747508
4259936035508
4259969324008
4260002613008
4260035904008
4260069191608
4260102480108
4260135774108
4260169059208
4260202346808
4260235643608
4260268926108
4260302215408
4260335506408
4260368793308
4260402082308
4260435370408
4260468660108
4260501948908
4260535236708
4260568527308
4260601836808
4260635104508
4260668399508
4260701682708
4260734971108
4260768279108
4260801550308
4260834838208
4260868128008
4260901416708
4260934706008
4260967994308
4261001284008
4261034575708
4261067861208
4261101157408
4261134473308
4261167728308
4261201023308
4261234306908
4261267595008
4261300888008
4261334173608
4261367462308
4261400752908
4261434041108
4261467329108
4261500622108
4261533908708
4261567197608
4261600486908
4261633780808
4261667065208
4261700352508
4261733648508
4261766931508
4261800219108
4261833509508
4261866801108
4261900086508
4261933376008
4261966697108
4261999953308
4262033243108
4262066537608
4262099820308
4262133139708
4262166406208
4262199687508
4262232977208
4262266265908
4262299570308
4262332843108
4262366133508
4262399423308
4262432710008
4262466000108
4262499340608
4262532577308
4262565867308
4262599163108
4262632444408
4262665734108
4262699028608
4262732310908
4262765602808
4262798889508
4262832178508
4262865468108
4262898757408
4262932045608
4262965335908
4262998624308
4263031919808
4263065201008
4263098491408
4263131790008
4263165068408
4263198358108
4263231647208
4263264935308
4263298225508
4263331533408
4263364809208
4263398092408
4263431381108
4263464671308
4263497972408
4263531248308
4263564542608
4263597826108
4263631115208
4263664441908
4263697692308
4263730982508
4263764272608
4263797559308
4263830849208
4263864171208
4263897426608
4263930716208
4263964005608
4263997299108
4264030583508
4264063871908
4264097166608
4264130451308
4264163739208
4264197027408
4264230317408
4264263606408
4264296894608
4264330184808
4264363473608
4264396762608
4264430053008
4264463340508
4264496630308
4264529923508
4264563207408
4264596496108
4264629790408
4264663074608
4264696370508
4264729651208
4264762941008
4264796230308
4264829519008
4264862825508
4264896097308
4264929386008
4264962683608
4264995963908
4265029253308
4265062547408
4265095835208
4265129121208
4265162408508
4265195698408
4265229017508
4265262275408
4265295565508
4265328855608
4265362142508
4265395435308
4265428721108
4265462009508
4265495306808
4265528588208
4265561877108
4265595173108
4265628455908
4265661743308
4265695034408
4265728322308
4265761611808
4265794899608
4265828189508
4265861479908
4265894767008
4265928062408
4265961345708
4265994633808
4266027929708
4266061214808
4266094501008
4266127790608
4266161079208
4266194367908
4266227657808
4266260946208
4266294234908
4266327524408
4266360833508
4266394101908
4266427391008
4266460686108
4266493970808
4266527257808
4266560553808
4266593861308
4266627125108
4266660414808
4266693703608
4266726991808
4266760281608
4266793569908
4266826859008
4266860149408
4266893443108
4266926725608
4266960015308
4266993310708
4267026600608
4267059883808
4267093171708
4267126460708
4267159748708
4267193038708
4267226328208
4267259615708
4267292905708
4267326198408
4267359482808
4267392772608
4267426066908
4267459350008
4267492639808
4267525934208
4267559216708
4267592506208
4267625796108
4267659083608
4267692373808
4267725662508
4267758979808
4267792239708
4267825529908
4267858825608
4267892106908
4267925396708
4267958721508
4267991974108
4268025263408
4268058552908
4268091856908
4268125130808
4268158419108
4268191708108
4268224998608
4268258286908
4268291579908
4268324873208
4268358153908
4268391477508
4268424732708
4268458020708
4268491317708
4268524598308
4268557888008
4268591177008
4268624464708
4268657755108
4268691045108
4268724332408
4268757621808
4268790911008
4268824204608
4268857488708
4268890777408
4268924072108
4268957356208
4268990644608
4269023933208
4269057223008
4269090512008
4269123801008
4269157088908
4269190379208
4269223668808
4269256960908
4269290245808
4269323562108
4269356828808
4269390112908
4269423402408
4269456690008
4269489980208
4269523267808
4269556557508
4269589851908
4269623135408
4269656423808
4269689715108
4269723002908
4269756291208
4269789588408
4269822877108
4269856159008
4269889452908
4269922736908
4269956027208
4269989314308
4270022604008
4270055892408
4270089180908
4270122471108
4270155760308
4270189048108
4270222343908
4270255626508
4270288915108
4270322211208
4270355494408
4270388782508
4270422071908
4270455360908
4270488649608
4270521965908
4270555227708
4270588517708
4270621805208
4270655096608
4270688413008
4270721672108
4270754967808
4270788250908
4270821539508
4270854835508
4270888117508
4270921406508
4270954696408
4270987984108
4271021273408
4271054563008
4271087872608
4271121140308
4271154431408
4271187724908
4271221008008
4271254296308
4271287591708
4271320875708
4271354163408
4271387453308
4271420742008
4271454030808
4271487320008
4271520609508
4271553897508
4271587187108
4271620477608
4271653764208
4271687054508
4271720349008
4271753633408
4271786920408
4271820216408
4271853499508
4271886809708
4271920077308
4271953367308
4271986654508
4272019944408
4272053261408
4272086521308
4272119811208
4272153107708
4272186388308
4272219678408
4272252972308
4272286255408
4272319545208
4272352834008
4272386123908
4272419446608
4272452700908
4272485989508
4272519283508
4272552568108
4272585860308
4272619145608
4272652435408
4272685731708
4272719012008
4272752302508
4272785597208
4272818882608
4272852169108
4272885458708
4272918746408
4272952036608
4272985324908
4273018613708
4273051903408
4273085193008
4273118486108
4273151770008
4273185058808
4273218383408
4273251658408
4273284926208
4273318216708
4273351503408
4273384793108
4273418100408
4273451370108
4273484660708
4273517948908
4273551241008
4273584527608
4273617815408
4273651110108
4273684394308
4273717683208
4273750977608
4273784294508
4273817550108
4273850839008
4273884128208
4273917417808
4273950706508
4273983994508
4274017284508
4274050574208
4274083867508
4274117151108
4274150440608
4274183734608
4274217018708
4274250307708
4274283595608
4274316887708
4274350173608
4274383462608
4274416752808
4274450040708
4274483330008
4274516623508
4274549908008
4274583197208
4274616513408
4274649775608
4274683065808
4274716358808
4274749642608
4274782946108
4274816219608
4274849509108
4274882798308
4274916086808
4274949376708
4274982664808
4275015953708
4275049250008
4275082532308
4275115820608
4275149149808
4275182399808
4275215689008
4275248977108
4275282266208
4275315556808
4275348843708
4275382133408
4275415422808
4275448710908
4275482005208
4275515290408
4275548577708
4275581876908
4275615156908
4275648444808
4275681740908
4275715023208
4275748311908
4275781602408
4275814901508
4275848178908
4275881468608
4275914757908
4275948046108
4275981351908
4276014630008
4276047914808
4276081202108
4276114497708
4276147795708
4276181068708
4276214359208
4276247647708
4276280936208
4276314225508
4276347513908
4276380803008
4276414093008
4276447386308
4276480669708
4276513993208
4276547255108
4276580536908
4276613826908
4276647118908
4276680406508
4276713692808
4276746982508
4276780272908
4276813560308
4276846849908
4276880139408
4276913426808
4276946716708
4276980013208
4277013293908
4277046583708
4277079878508
4277113161008
4277146452208
4277179739608
4277213028008
4277246317708
4277279606708
4277312925208
4277346197208
4277379473408
4277412770308
4277446051008
4277479340908
4277512636408
4277545918008
4277579208408
4277612496508
4277645785008
4277679075008
4277712362908
4277745652008
4277778941908
4277812230308
4277845520608
4277878859608
4277912097508
4277945392408
4277978675308
4278011964508
4278045291708
4278078542308
4278111832008
4278145122408
4278178409008
4278211699108
4278244987308
4278278275808
4278311565608
4278344855408
4278378148908
4278411432908
4278444721108
4278478016208
4278511300608
4278544589108
4278577877208
4278611167008
4278644455608
4278677745408
4278711048208
4278744323308
4278777612908
4278810905608
4278844190208
4278877479908
4278910773208
4278944057108
4278977346908
4279010640308
4279043925408
4279077212208
4279110501008
4279143791408
4279177080108
4279210368108
4279243688508
4279276947308
4279310234808
4279343531708
4279376814108
4279410103508
4279443397408
4279476681208
4279509971108
4279543258208
4279576548208
4279609836908
4279643125008
4279676415408
4279709705008
4279742992408
4279776284608
4279809570508
4279842859208
4279876156808
4279909437708
4279942726408
4279976022708
4280009305108
4280042593308
4280075892608
4280109172108
4280142461708
4280175749108
4280209039508
4280242333208
4280275616508
4280308914808
4280342194808
4280375483508
4280408779208
4280442061108
4280475350808
4280508640508
4280541928808
4280575217408
4280608535408
4280641796208
4280675084608
4280708373708
4280741666408
4280774952408
4280808240408
4280841535808
4280874819808
4280908107208
4280941403308
4280974686008
4281007974508
4281041264208
4281074554108
4281107841308
4281141131408
4281174419808
4281207708708
4281240999108
4281274293408
4281307575808
4281340865208
4281374160208
4281407449908
4281440735308
4281474021108
4281507310008
4281540598808
4281573888608
4281607177008
4281640465508
4281673755308
4281707048908
4281740332408
4281773622508
4281806916108
4281840199508
4281873489508
4281906784208
4281940066708
4281973379108
4282006645308
4282039957708
4282073223508
4282106512508
4282139803208
4282173089308
4282206379508
4282239674308
4282272966008
4282306246508
4282339543008
4282372823508
4282406113608
4282439402908
4282472690708
4282505980108
4282539269208
4282572557308
4282605848208
4282639136408
4282672428408
4282705714008
4282739003708
4282772327608
4282805581208
4282838870408
4282872166208
4282905447408
4282938737808
4282972026708
4283005314508
4283038604308
4283071893508
4283105181708
4283138471608
4283171759708
4283205054508
4283238338408
4283271627308
4283304921908
4283338230108
4283371494508
4283404782908
4283438072508
4283471361508
4283504650608
4283537938608
4283571228608
4283604518208
4283637810608
4283671095508
4283704384308
4283737678508
4283770966208
4283804253108
4283837539708
4283870829608
4283904117508
4283937406908
4283970697408
4284003994208
4284037273808
4284070563708
4284103852208
4284137140908
4284170436508
4284203719508
4284237008708
4284270303208
4284303586508
4284336875708
4284370163908
4284403453508
4284436742308
4284470030908
4284503320308
4284536608908
4284569898008
4284603193608
4284636476308
4284669764708
4284703092008
4284736344208
4284769632208
4284802925408
4284836210808
4284869500008
4284902787808
4284936077808
4284969367708
4285002655008
4285035945908
4285069233708
4285102522008
4285135817608
4285169101208
4285202389108
4285235684808
4285268970308
4285302256108
4285335546608
4285368835008
4285402122808
4285435412208
4285468702008
4285501991008
4285535279808
4285568574408
4285601859208
4285635145808
4285668441608
4285701724908
4285735013108
4285768302808
4285801593008
4285834880208
4285868169908
4285901457708
4285934747008
4285968037008
4286001327908
4286034613908
4286067930108
4286101198708
4286134481108
4286167770508
4286201065608
4286234350308
4286267636908
4286300926908
4286334217808
4286367504408
4286400793808
4286434082008
4286467371808
4286500660908
4286533957408
4286567238008
4286600528008
4286633821808
4286667105308
4286700395808
4286733683908
4286766975308
4286800261908
4286833550908
4286866862608
4286900129208
4286933418108
4286966710008
4286999995208
4287033284908
4287066580608
4287099861908
4287133151908
4287166447208
4287199729308
4287233019108
4287266335508
4287299596108
4287332886508
4287366174108
4287399463508
4287432782208
4287466041808
4287499336208
4287532619908
4287565909008
4287599233208
4287632485908
4287665776408
4287699065808
4287732353308
4287765643108
4287798932008
4287832220408
4287865510208
4287898803008
4287932090508
4287965376908
4287998665008
4288031959608
4288065244908
4288098533108
4288131827608
4288165110508
4288198400708
4288231688708
4288264981008
4288298267108
4288331556408
4288364844408
4288398134208
4288431423708
4288464716908
4288498001108
4288531290208
4288564584408
4288597868508
4288631178308
4288664445608
4288697735108
4288731024408
4288764312308
4288797636108
4288830891308
4288864179508
4288897473108
4288930757908
4288964048808
4288997341308
4289030625508
4289063914108
4289097208108
4289130493908
4289163816008
