5221489023208
5221522317908
5221555601708
5221588891108
5221622178808
5221655468708
5221688757508
5221722045608
5221755336108
5221788625108
5221821913008
5221855207308
5221888491908
5221921781008
5221955074908
5221988358608
5222021648908
5222054942408
5222088226508
5222121542308
5222154803308
5222188093608
5222221382308
5222254670108
5222287960208
5222321251508
5222354537808
5222387834308
5222421116108
5222454404208
5222487700408
5222520983008
5222554271408
5222587561308
5222620850508
5222654139008
5222687427408
5222720717408
5222754006608
5222787294308
5222820588108
5222853872908
5222887161608
5222920456808
5222953739608
5222987028408
5223020324508
5223053606308
5223086895608
5223120228208
5223153474208
5223186762308
5223220052708
5223253341108
5223286631908
5223319918208
5223353214208
5223386497508
5223419785608
5223453081408
5223486365108
5223519652508
5223552942808
5223586231408
5223619519708
5223652809708
5223686098708
5223719386308
5223752677808
5223785970008
5223819267508
5223852543108
5223885838108
5223919124208
5223952409708
5223985706108
5224018989308
5224052277008
5224085567208
5224118878208
5224152143808
5224185433608
5224218723808
5224252011108
5224285300908
5224318595108
5224351877908
5224385168408
5224418462408
5224451745008
5224485034308
5224518323608
5224551628808
5224584902508
5224618190608
5224651479808
5224684768208
5224718058008
5224751351908
5224784634908
5224817924508
5224851220008
5224884502308
5224917792108
5224951107608
5224984369208
5225017659108
5225050947308
5225084236408
5225117546308
5225150815308
5225184104008
5225217393108
5225250682108
5225284005508
5225317261208
5225350549208
5225383845508
5225417126308
5225450415808
5225483705008
5225516993108
5225550283408
5225583572908
5225616860608
5225650150208
5225683438808
5225716732008
5225750017608
5225783306208
5225816599908
5225849883908
5225883173408
5225916500208
5225949773208
5225983039908
5226016330208
5226049617308
5226082907508
5226116227308
5226149485008
5226182774308
5226216063308
5226249357408
5226282641008
5226315929708
5226349224808
5226382509108
5226415797408
5226449085608
5226482375408
5226515664108
5226548954108
5226582246408
5226615531308
5226648821608
5226682113308
5226715398408
5226748687708
5226781981308
5226815277308
5226848555708
5226881842608
5226915132608
5226948442808
5226981709708
5227014999708
5227048288608
5227081576608
5227114901508
5227148155908
5227181443808
5227214740608
5227248023008
5227281311608
5227314634408
5227347889808
5227381179808
5227414466908
5227447756808
5227481045608
5227514334108
5227547623608
5227580914008
5227614201008
5227647496008
5227680779308
5227714068008
5227747365408
5227780646708
5227813935108
5227847224208
5227880513608
5227913802208
5227947118908
5227980380808
5228013671108
5228046957908
5228080252208
5228113562508
5228146825108
5228180120508
5228213404308
5228246691808
5228279988108
5228313270308
5228346559408
5228379848908
5228413137908
5228446426208
5228479716408
5228513004708
5228546294508
5228579584108
5228612877308
5228646161108
5228679449108
5228712745008
5228746029208
5228779316308
5228812609408
5228845896708
5228879183208
5228912472808
5228945780008
5228979050508
5229012340408
5229045629908
5229078917508
5229112226008
5229145501808
5229178784508
5229212074308
5229245369608
5229278652508
5229311940408
5229345230308
5229378521308
5229411807708
5229445097408
5229478386208
5229511674808
5229544964508
5229578276608
5229611541708
5229644831608
5229678126308
5229711408608
5229744699608
5229777987208
5229811281008
5229844565208
5229877854308
5229911143708
5229944445808
5229977721208
5230011013908
5230044298808
5230077588608
5230110890908
5230144165708
5230177455508
5230210752408
5230244033008
5230277322908
5230310610708
5230343900008
5230377189508
5230410478208
5230443767008
5230477056608
5230510345708
5230543639908
5230576924308
5230610212808
5230643507908
5230676789608
5230710079808
5230743376408
5230776656908
5230809946808
5230843235608
5230876523908
5230909814008
5230943112408
5230976392408
5231009680608
5231042970208
5231076264308
5231109564708
5231142836908
5231176131208
5231209415108
5231242703908
5231275993008
5231309283908
5231342570908
5231375861008
5231409148408
5231442437908
5231475727108
5231509021108
5231542305308
5231575594808
5231608887908
5231642171708
5231675460108
5231708749308
5231742041108
5231775327708
5231808616308
5231841906008
5231875195108
5231908483408
5231941784308
5231975062108
5232008351708
5232041645308
5232074929508
5232108225608
5232141512808
5232174796208
5232208085008
5232241373408
5232274663408
5232307951608
5232341240608
5232374530308
5232407819108
5232441107708
5232474437308
5232507686208
5232540975008
5232574271108
5232607553208
5232640842408
5232674130808
5232707420208
5232740710408
5232773997508
5232807290808
5232840576408
5232873865108
5232907156608
5232940444808
5232973731608
5233007027608
5233040310408
5233073598808
5233106895108
5233140177308
5233173465808
5233206755308
5233240044408
5233273334008
5233306621608
5233339911908
5233373201208
5233406488408
5233439785808
5233473102608
5233506355808
5233539651408
5233572935808
5233606223008
5233639513208
5233672801708
5233706090008
5233739380908
5233772668708
5233805957108
5233839246608
5233872538008
5233905824308
5233939113608
5233972408708
5234005692008
5234038979908
5234072280008
5234105558408
5234138847308
5234172136708
5234205425408
5234238713808
5234272003908
5234305308108
5234338581108
5234371870908
5234405165308
5234438448308
5234471772808
5234505032608
5234538315708
5234571605108
5234604894308
5234638182708
5234671471008
5234704761308
5234738051408
5234771338508
5234804628208
5234837918908
5234871205608
5234904495208
5234937790708
5234971072408
5235004362608
5235037656708
5235070939208
5235104229308
5235137517808
5235170806608
5235204096508
5235237385208
5235270701308
5235303962408
5235337252308
5235370548308
5235403829708
5235437119308
5235470445208
5235503696908
5235536987008
5235570285608
5235603563908
5235636853508
5235670141708
5235703430408
5235736721608
5235770009608
5235803300308
5235836587308
5235869876408
5235903199708
5235936454508
5235969743608
5236003039508
5236036321108
5236069611008
5236102899608
5236136188108
5236169477608
5236202766708
5236236055008
5236269344508
5236302633008
5236335927608
5236369211608
5236402500408
5236435795908
5236469129208
5236502367408
5236535657008
5236568945208
5236602235108
5236635525008
5236668812008
5236702101308
5236735391308
5236768681108
5236801968908
5236835259008
5236868552008
5236901836008
5236935125308
5236968419008
5237001703408
5237034991208
5237068283708
5237101570308
5237134859408
5237168147108
5237201437308
5237234725808
5237268015308
5237301308608
5237334593208
5237367883608
5237401176008
5237434459608
5237467776008
5237501037508
5237534327608
5237567616308
5237600904308
5237634194308
5237667482408
5237700771508
5237734065708
5237767349708
5237800638408
5237833933608
5237867217608
5237900505908
5237933802208
5237967084308
5238000373508
5238033661408
5238066951408
5238100240208
5238133528508
5238166818608
5238200107308
5238233395808
5238266691308
5238299973308
5238333262508
5238366558908
5238399841208
5238433129708
5238466445908
5238499708208
5238532996908
5238566289708
5238599575708
5238632864508
5238666152508
5238699445708
5238732732608
5238766019608
5238799315208
5238832598108
5238865886808
5238899183008
5238932466108
5238965753708
5238999043608
5239032332108
5239065620808
5239098910608
5239132199908
5239165488008
5239198777708
5239232072108
5239265355408
5239298643908
5239331940008
5239365223508
5239398511108
5239431800608
5239465114208
5239498377808
5239531667508
5239564956108
5239598245008
5239631535108
5239664827008
5239698111708
5239731403408
5239764696608
5239797979208
5239831268308
5239864564008
5239897848808
5239931136408
5239964425008
5239997714808
5240031002108
5240064293508
5240097581008
5240130869208
5240164158708
5240197455408
5240230736008
5240264026208
5240297343208
5240330603508
5240363893108
5240397182108
5240430470108
5240463798208
5240497049108
5240530337408
5240563626908
5240596916508
5240630209308
5240663492908
5240696783308
5240730079308
5240763360408
5240796650108
5240829945508
5240863227608
5240896517408
5240929806808
5240963094108
5240996384408
5241029672708
5241062961508
5241096252508
5241129540808
5241162834308
5241196118308
5241229407508
5241262733808
5241296006308
5241329278108
5241362564508
5241395851908
5241429141608
5241462465208
5241495718708
5241529008508
5241562303708
5241595589208
5241628875308
5241662163908
5241695458708
5241728743708
5241762031508
5241795326208
5241828609208
5241861898808
5241895187108
5241928477308
5241961765608
5241995054908
5242028342508
5242061632708
5242094922108
5242128215708
5242161499608
5242194788608
5242228083508
5242261366708
5242294676408
5242327944308
5242361234008
5242394522208
5242427811308
5242461138108
5242494389808
5242527678108
5242560972508
5242594256908
5242627545808
5242660840108
5242694124108
5242727414008
5242760707308
5242793992508
5242827283008
5242860568108
5242893857908
5242927147608
5242960435408
5242993724908
5243027013808
5243060302308
5243093598908
5243126881108
5243160169308
5243193465608
5243226748108
5243260037508
5243293352608
5243326615108
5243359904908
5243393192108
5243426481808
5243459796608
5243493059308
5243526352808
5243559638908
5243592926508
5243626221608
5243659504308
5243692793208
5243726091608
5243759372108
5243792660408
5243825950208
5243859239408
5243892527708
5243925818308
5243959106008
5243992395308
5244025683508
5244058978808
5244092262908
5244125550508
5244158847008
5244192129708
5244225417208
5244258707508
5244292019208
5244325287808
5244358574108
5244391863108
5244425151708
5244458459508
5244491734208
5244525019008
5244558308508
5244591603608
5244624887008
5244658174608
5244691470808
5244724754508
5244758041608
5244791332108
5244824620608
5244857908708
5244891198308
5244924489108
5244957775608
5244991066008
5245024359908
5245057643208
5245090933208
5245124227608
5245157510008
5245190799508
5245224088508
5245257394608
5245290684708
5245323956008
5245357245908
5245390532908
5245423822608
5245457130708
5245490400208
5245523689708
5245556984808
5245590267008
5245623557008
5245656848408
5245690134208
5245723424908
5245756712908
5245790001308
5245823293408
5245856580308
5245889868408
5245923158908
5245956446808
5245989742008
5246023023908
5246056314108
5246089610608
5246122891108
5246156181108
5246189470008
5246222758408
5246256048108
5246289356808
5246322625608
5246355915508
5246389203808
5246422497308
5246455799208
5246489071408
5246522395608
5246555648908
5246588938308
5246622234208
5246655515308
5246688805508
5246722094808
5246755382208
5246788672608
5246821962208
5246855249408
5246888539208
5246921828608
5246955122308
5246988406408
5247021694808
5247054989808
5247088278008
5247121562508
5247154850708
5247188140408
5247221429308
5247254718408
5247288022308
5247321296208
5247354585508
5247387878508
5247421163208
5247454462608
5247487747808
5247521030708
5247554318908
5247587611308
5247620897508
5247654185808
5247687474508
5247720764608
5247754053108
5247787341808
5247820631608
5247853920908
5247887209008
5247920511708
5247953787608
5247987076908
5248020370908
5248053654708
5248086944508
5248120231808
5248153521808
5248186810508
5248220098708
5248253388908
5248286681608
5248319966208
5248353260608
5248386544108
5248419832708
5248453128608
5248486411908
5248519700208
5248552993108
5248586294608
5248619567908
5248652855608
5248686145808
5248719436008
5248752723108
5248786013708
5248819337308
5248852590508
5248885885708
5248919169908
5248952457108
5248985753708
5249019035408
5249052324408
5249085615108
5249118903508
5249152191408
5249185480708
5249218770008
5249252058508
5249285351308
5249318641908
5249351926608
5249385214508
5249418509708
5249451800808
5249485081408
5249518374408
5249551661008
5249584948408
5249618237908
5249651526408
5249684815408
5249718105408
5249751394708
5249784682708
5249818009908
5249851266908
5249884550508
5249917840808
5249951134308
5249984418708
5250017705608
5250050995508
5250084287308
5250117572908
5250150862108
5250184152508
5250217439208
5250250729408
5250284023308
5250317315908
5250350596408
5250383891208
5250417174008
5250450463408
5250483755808
5250517042308
5250550330408
5250583620008
5250616930108
5250650196608
5250683487008
5250716778208
5250750063408
5250783354008
5250816698408
5250849930908
5250883220908
5250916517008
5250949797808
5250983087808
5251016375908
5251049665308
5251082955608
5251116243908
5251149531908
5251182821508
5251216110808
5251249434008
5251282688508
5251315978008
5251349273008
5251382555108
5251415844908
5251449141208
5251482422208
5251515712108
5251549000808
5251582292108
5251615579008
5251648867008
5251682157208
5251715446008
5251748734808
5251782028908
5251815363008
5251848602208
5251881896908
5251915180008
5251948468908
5251981758508
5252015046408
5252048336008
5252081625608
5252114913308
5252148203108
5252181492008
5252214786008
5252248070408
5252281359808
5252314653208
5252347937208
5252381225608
5252414514308
5252447804208
5252481093208
5252514381808
5252547671108
5252580960008
5252614249308
5252647538508
5252680827408
5252714117208
5252747410108
5252780694408
5252813993308
5252847293408
5252880561108
5252913850508
5252947138208
5252980428808
5253013716908
5253047006008
5253080297408
5253113584708
5253146872908
5253180169608
5253213451308
5253246740408
5253280035708
5253313318308
5253346608808
5253379895708
5253413185308
5253446475008
5253479762608
5253513052608
5253546342708
5253579630208
5253612921408
5253646207908
5253679496508
5253712793208
5253746074608
5253779363908
5253812709908
5253845942708
5253879231008
5253912520708
5253945809308
5253979098408
5254012386808
5254045677108
5254078966608
5254112254008
5254145549308
5254178832608
5254212120508
5254245416808
5254278700208
5254311988108
5254345277908
5254378566308
5254411855108
5254445145408
5254478433608
5254511722208
5254545011708
5254578302608
5254611589708
5254644878108
5254678173708
5254711458108
5254744745108
5254778041208
5254811350808
5254844612208
5254877901808
5254911191008
5254944479608
5254977769008
5255011057108
5255044346208
5255077636908
5255110931108
5255144212908
5255177503008
5255210798108
5255244086008
5255277370808
5255310659308
5255343948208
5255377236108
5255410525908
5255443815808
5255477103308
5255510393108
5255543684208
5255576970608
5255610260508
5255643575708
5255676837108
5255710127208
5255743422308
5255776704608
5255810031608
5255843283508
5255876571708
5255909861608
5255943150208
5255976439508
5256009727708
5256043017608
5256076317108
5256109594708
5256142883908
5256176179008
5256209461408
5256242751808
5256276041108
5256309328608
5256342618608
5256375907208
5256409195708
5256442486108
5256475774908
5256509065008
5256542359808
5256575641608
5256608937008
5256642241408
5256675508608
5256708805508
5256742085908
5256775375808
5256808698008
5256841953008
5256875242708
5256908532908
5256941820108
5256975110008
5257008397908
5257041692308
5257074978008
5257108265608
5257141560008
5257174844108
5257208132708
5257241421008
5257274711008
5257308000008
5257341288808
5257374577208
5257407866508
5257441156708
5257474446708
5257507734108
5257541022608
5257574336708
5257607601008
5257640910808
5257674184308
5257707468008
5257740756308
5257774045308
5257807371008
5257840623508
5257873912208
5257907202008
5257940491008
5257973780208
5258007073608
5258040358308
5258073648208
5258106941808
5258140225508
5258173513708
5258206802208
5258240092108
5258273381708
5258306669608
5258339958808
5258373248108
5258406536708
5258439830208
5258473115308
5258506403608
5258539699008
5258572982308
5258606270508
5258639587708
5258672849508
5258706140708
5258739426208
5258772716608
5258806031408
5258839293508
5258872583508
5258905872208
5258939160608
5258972456608
5259005738408
5259039027508
5259072324608
5259105606808
5259138894608
5259172184408
5259205473308
5259238761808
5259272052608
5259305369608
5259338629308
5259371918008
5259405210208
5259438497608
5259471785108
5259505080108
5259538363308
5259571651708
5259604948108
5259638251608
5259671518808
5259704808908
5259738097908
5259771386408
5259804713108
5259837964408
5259871252808
5259904542808
5259937837008
5259971120908
5260004412008
5260037705208
5260070987808
5260104276208
5260137565908
5260170856208
5260204143008
5260237433008
5260270722808
5260304010008
5260337300208
5260370591508
5260403876908
5260437168008
5260470461608
5260503744008
5260537033908
5260570329308
5260603621708
5260636918108
5260670190208
5260703479708
5260736767408
5260770056708
5260803362808
5260836634708
5260869923908
5260903219708
5260936500908
5260969791808
5261003085108
5261036368708
5261069658108
5261102947208
5261136235308
5261169525108
5261202814208
5261236102108
5261269392908
5261302681508
5261335973808
5261369258508
5261402547908
5261435844208
5261469125208
5261502418708
5261535710008
5261568992708
5261602282508
5261635589808
5261668859408
5261702149208
5261735438708
5261768726908
5261802030008
5261835305608
5261868599508
5261901883508
5261935172508
5261968498508
5262001749308
5262035039708
5262068329708
5262101616808
5262134906608
5262168195108
5262201483708
5262234773408
5262268063308
5262301353808
5262334640508
5262367929208
5262401223708
5262434508708
5262467796008
5262501091308
5262534374508
5262567663908
5262600952808
5262634253508
5262667531008
5262700820108
5262734108108
5262767397608
5262800697608
5262833980908
5262867264608
5262900553208
5262933848108
5262967131608
5263000419708
5263033709308
5263066998808
5263100287908
5263133576208
5263166865708
5263200154708
5263233444108
5263266738108
5263300022008
5263333312208
5263366605108
5263399888708
5263433178108
5263466472308
5263499757608
5263533045808
5263566333208
5263599622908
5263632914908
5263666200108
5263699490108
5263732778708
5263766067008
5263799363708
5263832646208
5263865934508
5263899231108
5263932512808
5263965802008
5263999090008
5264032380108
5264065670008
5264098957208
5264132247008
5264165569608
5264198824308
5264232117908
5264265407808
5264298691508
5264331987108
5264365269508
5264398558508
5264431856008
5264465137508
5264498425808
5264531715408
5264565004208
5264598292608
5264631582108
5264664871108
5264698160708
5264731448608
5264764744308
5264798032708
5264831315608
5264864611308
5264897894308
5264931182508
5264964472808
5264997762108
5265031049708
5265064339608
5265097628008
5265130916608
5265164244108
5265197499408
5265230783808
5265264074608
5265297368408
5265330651908
5265363939708
5265397236108
5265430519308
5265463807108
5265497097008
5265530385208
5265563673908
5265596963608
5265630253308
5265663540408
5265696831008
5265730124808
5265763411408
5265796698708
5265829993008
5265863274908
5265896564608
5265929853708
5265963158708
5265996431308
5266029721108
5266063010708
5266096298208
5266129587908
5266162911808
5266196165108
5266229455008
5266262750608
5266296032308
5266329321908
5266362616908
5266395899008
5266429190108
5266462477208
5266495766408
5266529055808
5266562345208
5266595634208
5266628922908
5266662212508
5266695508308
5266728788908
5266762078908
5266795375008
5266828656208
5266861945808
5266895236308
5266928523708
5266961813608
5266995101208
5267028390308
5267061680008
5267094969208
5267128261508
5267161597408
5267194836008
5267228130408
5267261417508
5267294703608
5267327998808
5267361280608
5267394570108
5267427860608
5267461147408
5267494437008
5267527726208
5267561014408
5267594304308
5267627594108
5267660887008
5267694171408
5267727459608
5267760754808
5267794038208
5267827328008
5267860615508
5267893905608
5267927194608
5267960483708
5267993771708
5268027061808
5268060351708
5268093643008
5268126928508
5268160244708
5268193511308
5268226795808
5268260084808
5268293379008
5268326662508
5268359950808
5268393239608
5268426530508
5268459818608
5268493106908
5268526396608
5268559685908
5268592973908
5268626270208
5268659552408
5268692841808
5268726135908
5268759419808
5268792708608
5268825997008
5268859286908
5268892575908
5268925863908
5268959153908
5268992442108
5269025730908
5269059025908
5269092309508
5269125598208
5269158924308
5269192176808
5269225465308
5269258761708
5269292044008
5269325333308
5269358621308
5269391910408
5269425201008
5269458488408
5269491778108
5269525066508
5269558355408
5269591650708
5269624934308
5269658222308
5269691518708
5269724801008
5269758089408
5269791379508
5269824668708
5269857956208
5269891245808
5269924534508
5269957824508
5269991111908
5270024411108
5270057692308
5270090979308
5270124275108
5270157585208
5270190846308
5270224142508
5270257428308
5270290713708
5270324003408
5270357292008
5270390580408
5270423871308
5270457159208
5270490449008
5270523737408
5270557032308
5270590314708
5270623605508
5270656899508
5270690182808
5270723470508
5270756760408
5270790049708
5270823337708
5270856627108
5270889916508
5270923204808
5270956495108
5270989809608
5271023071708
5271056361408
5271089655908
5271122938808
5271156263408
5271189520608
5271222806008
5271256095308
5271289384908
5271322673708
5271355962108
5271389252008
5271422543208
5271455829008
5271489119008
5271522412908
5271555695608
5271588985808
5271622282808
5271655562808
5271688853108
5271722141308
5271755446108
5271788720008
5271822009208
5271855297008
5271888586708
5271921875908
5271955198508
5271988475208
5272021742908
5272055038808
5272088320208
5272121609608
5272154936908
5272188186908
5272221476808
5272254766108
5272288054208
5272321343908
5272354632108
5272387921608
5272421212108
5272454500008
5272487794108
5272521078108
5272554367608
5272587661808
5272620945808
5272654234208
5272687523408
5272720811208
5272754101108
5272787391108
5272820678508
5272853968008
5272887257008
5272920550308
5272953835208
5272987145208
5273020418208
5273053702708
5273086990708
5273120279608
5273153604008
5273186858208
5273220147508
5273253460608
5273286725808
5273320015708
5273353303208
5273386591808
5273419881708
5273453174808
5273486459308
5273519749508
5273553043108
5273586326608
5273619616508
5273652903608
5273686193408
5273719481708
5273752770608
5273786060808
5273819349608
5273852637708
5273885934908
5273919216208
5273952505808
5273985821808
5274019083708
5274052373908
5274085660808
5274118950908
5274152269008
5274185527608
5274218817508
5274252106408
5274285394908
5274318685708
5274351972808
5274385262008
5274418559508
5274451840808
5274485129008
5274518424908
5274551708008
5274584996308
5274618286808
5274651575008
5274684863508
5274718151608
5274751445008
5274784731608
5274818018908
5274851314108
5274884597608
5274917886008
5274951181908
5274984486808
5275017753108
5275051046508
5275084331808
5275117620208
5275150935108
5275184199608
5275217487108
5275250777008
5275284067308
5275317355108
5275350642908
5275383938408
5275417223208
5275450510208
5275483806708
5275517088708
5275550377408
5275583667008
5275616956508
5275650244308
5275683534308
5275716823008
5275750111308
5275783401808
5275816695908
5275849978408
5275883267808
5275916562708
5275949851508
5275983156308
5276016428008
5276049714708
5276083001608
5276116291408
5276149608408
5276182868608
5276216158508
5276249452608
5276282735808
5276316025608
5276349319408
5276382602308
5276415893408
5276449187308
5276482483508
5276515759508
5276549048308
5276582355308
5276615627108
5276648915508
5276682205408
5276715492408
5276748782808
5276782077908
5276815360108
5276848649308
5276881945508
5276915226608
5276948516808
5276981827208
5277015094208
5277048383908
5277081672208
5277114960708
5277148268508
5277181539508
5277214829908
5277248117408
5277281406608
5277314731008
5277347983808
5277381273608
5277414570508
5277447850808
5277481141008
5277514429908
5277547718008
5277581008208
5277614297808
5277647584908
5277680874808
5277714163208
5277747457908
5277780742808
5277814030708
5277847324408
5277880608908
5277913897708
5277947186908
5277980488608
5278013765108
5278047055008
5278080341808
5278113632108
5278146932208
5278180210908
5278213502708
5278246787808
5278280082108
5278313366008
5278346654008
5278379949608
5278413233208
5278446521608
5278479810308
5278513099708
5278546389208
5278579677308
5278612967708
5278646256108
5278679545308
5278712838908
5278746123508
5278779412908
5278812706208
5278845990208
5278879278908
5278912567308
5278945857408
5278979153908
5279012434708
5279045724008
5279079012908
5279112301308
5279145606408
5279178880708
5279212168708
5279245464608
5279278747408
5279312036508
5279345330408
5279378614308
5279411904608
5279445191808
5279478481408
5279511770008
5279545058708
5279578348108
5279611638708
5279644925808
5279678221208
5279711519908
5279744793008
5279778089408
5279811371708
5279844659708
5279877949808
5279911238608
5279944527608
5279977821308
5280011105608
5280044395608
5280077683308
5280110974908
5280144271608
5280177550008
5280210845208
5280244130108
5280277417108
5280310712908
5280343995008
5280377283908
5280410577508
5280443862308
5280477151008
5280510440908
5280543730008
5280577018108
5280610309008
5280643602108
5280676886108
5280710173708
5280743469608
5280776753708
5280810041208
5280843330808
5280876618908
5280909907908
5280943198308
5280976492408
5281009775208
5281043065208
5281076355508
5281109642308
5281142933308
5281176227008
5281209521808
5281242798708
5281276094308
5281309388608
5281342664908
5281375954808
5281409245308
5281442532208
5281475822708
5281509110608
5281542399308
5281575689508
5281608984608
5281642266608
5281675556308
5281708850608
5281742133708
5281775424208
5281808711708
5281842000208
5281875289908
5281908579408
5281941891308
5281975157208
5282008446608
5282041738608
5282075023708
5282108313108
5282141608108
5282174890708
5282208180408
5282241475808
5282274757508
5282308047508
5282341336008
5282374624608
5282407914408
5282441202908
5282474491808
5282507781408
5282541070208
5282574364908
5282607648608
5282640937708
5282674232908
5282707521608
5282740804908
5282774094208
5282807382008
5282840671408
5282873960808
5282907248908
5282940538708
5282973827508
5283007118708
5283040405708
5283073693808
5283106988408
5283140272808
5283173561208
5283206856508
5283240139308
5283273428708
5283306718108
5283340005508
5283373295908
5283406585408
5283439872708
5283473162908
5283506510308
5283539745508
5283573029608
5283606320108
5283639613508
5283672897108
5283706184908
5283739474308
5283772766408
5283806052408
5283839341408
5283872630608
5283905920208
5283939208308
5283972522108
5284005787208
5284039075908
5284072370008
5284105653808
5284138942908
5284172237408
5284205523008
5284238809808
5284272098408
5284305388108
5284338676208
5284371965508
5284405255208
5284438543808
5284471832508
5284505178108
5284538411408
5284571699708
5284604996408
5284638278008
5284671567708
5284704855308
5284738145708
5284771435308
5284804722508
5284838011908
5284871300908
5284904589508
5284937882508
5284971168608
5285004457008
5285037752508
5285071035008
5285104323608
5285137620108
5285170902408
5285204190808
5285237480308
5285270769908
5285304059008
5285337346308
5285370636708
5285403926808
5285437213308
5285470512008
5285503842708
5285537080908
5285570376508
5285603660008
5285636947808
5285670237608
5285703529408
5285736814808
5285770105308
5285803393508
5285836681908
5285869971708
5285903263808
5285936549008
5285969839008
5286003133108
5286036416608
5286069704608
5286103000608
5286136285408
5286169571808
5286202861708
5286236150708
5286269439108
5286302728908
5286336017008
5286369306208
5286402596008
5286435889908
5286469173108
5286502485608
5286535758308
5286569047708
5286602330208
5286635618708
5286668908808
5286702195808
5286735486408
5286768775208
5286802063508
5286835352908
5286868646308
5286901930308
5286935220308
5286968515408
5287001797308
5287035087108
5287068382308
5287101664308
5287134954108
5287168243508
5287201534508
5287234821408
5287268109808
5287301426208
5287334687108
5287367977108
5287401273208
5287434554308
5287467844108
5287501165408
5287534421408
5287567711108
5287601000308
5287634288308
5287667578308
5287700866508
5287734155708
5287767446308
5287800733908
5287834025908
5287867312208
5287900601308
5287933925608
5287967179808
5288000468508
5288033763708
5288067045608
5288100335408
5288133625608
5288166912808
5288200202408
5288233491208
5288266779408
5288300069308
5288333357508
5288366652308
5288399936608
5288433225308
5288466520208
5288499854008
5288533092708
5288566380708
5288599670308
5288632959508
5288666248908
5288699540008
5288732826908
5288766116608
5288799407308
5288832693308
5288865982708
5288899276508
5288932560808
5288965850008
5288999143908
5289032429508
5289065716508
5289099005008
5289132295408
5289165583608
5289198872108
5289232161508
5289265450908
5289298740108
5289332056008
5289365317708
5289398608408
5289431901208
5289465185108
5289498509108
5289531762408
5289565052108
5289598341008
5289631629108
5289664919208
5289698206908
5289731495708
5289764791508
5289798075008
5289831363308
5289864660108
5289897942008
5289931231308
5289964530808
5289997809108
5290031099008
5290064386408
5290097676008
5290130965108
5290164253108
5290197543308
5290230832908
5290264120408
5290297415908
5290330720208
5290363987308
5290397283908
5290430568908
5290463854508
5290497177208
5290530433308
5290563721708
5290597011408
5290630300008
5290663591008
5290696877208
5290730171608
5290763457308
5290796744508
5290830039908
5290863323108
5290896611408
5290929907808
5290963192708
5290996478708
5291029768408
5291063057008
5291096345608
5291129636008
5291162924408
5291196212808
5291229502008
5291262797308
5291296079808
5291329390908
5291362664408
5291395948808
5291429235808
5291462525508
5291495849908
5291529102708
5291562392208
5291595681708
5291628969808
5291662259808
5291695552008
5291728837308
5291762127508
5291795421408
5291828703908
5291861993308
5291895288508
5291928587508
5291961861408
5291995149908
5292028438508
5292061727008
5292095016708
5292128307208
5292161593908
5292194883508
5292228178708
5292261461108
5292294750708
5292328066408
5292361328308
5292394617908
5292427906808
5292461195108
5292494510308
5292527773908
5292561062008
5292594351908
5292627640408
5292660934608
5292694218308
5292727507908
5292760804808
5292794085208
5292827374808
5292860670108
5292893952408
5292927241908
5292960531608
5292993819308
5293027109408
5293060397608
5293093687108
5293126977408
5293160264808
5293193559508
5293226842808
5293260131608
5293293428008
5293326729308
5293359999508
5293393289208
5293426576608
5293459866208
5293493170608
5293526443908
5293559733608
5293593023408
5293626314708
5293659613808
5293692888308
5293726184808
5293759468108
5293792755908
5293826044308
5293859335508
5293892623208
5293925912108
5293959202508
5293992490408
5294025779608
5294059067508
5294092357308
5294125647508
5294158940308
5294192224608
5294225513108
5294258808008
5294292091308
5294325395408
5294358669108
5294391959008
5294425247708
5294458535908
5294491841908
5294525115308
5294558402808
5294591698308
5294624981708
5294658270908
5294691564308
5294724848708
5294758138908
5294791429308
5294824715408
5294858004508
5294891293208
5294924583108
5294957872508
5294991160108
5295024449808
5295057738208
5295091027008
5295124324408
5295157616208
5295190893808
5295224189708
5295257473008
5295290761008
5295324067708
5295357339908
5295390633408
5295423917008
5295457207108
5295490507708
5295523784008
5295557078808
5295590363008
5295623650808
5295656947108
5295690228708
5295723518608
5295756814708
5295790096808
5295823385308
5295856674508
5295889963708
5295923252508
5295956543008
5295989831708
5296023120408
5296056408308
5296089703808
5296122988008
5296156275308
5296189571808
5296222854008
5296256142308
5296289432108
5296322729608
5296356009208
5296389299608
5296422588208
5296455876608
5296489173808
5296522460408
5296555743608
5296589033208
5296622328208
5296655611808
5296688899008
5296722192508
5296755480508
5296788766908
5296822058008
5296855346308
5296888653608
5296921923408
5296955215108
5296988500708
5297021790408
5297055084408
5297088367508
5297121658908
5297154952408
5297188234608
5297221524008
5297254813608
5297288119508
5297321393908
5297354680108
5297387969908
5297421257708
5297454547808
5297487842208
5297521124608
5297554414708
5297587709908
5297620991608
5297654281308
5297687569708
5297720859208
5297754149408
5297787437208
5297820725908
5297854048508
5297887304608
5297920594208
5297953883408
5297987172008
5298020466708
5298053748708
5298087039008
5298120335208
5298153615708
5298186906108
5298220194308
5298253483008
5298286772908
5298320062408
5298353349908
5298386640108
5298419928208
5298453223908
5298486512808
5298519795708
5298553090308
5298586373808
5298619683508
5298652955408
5298686239908
5298719529708
5298752819908
5298786107108
5298819396708
5298852734008
5298885975408
5298919264408
5298952552808
5298985847108
5299019131208
5299052419308
5299085714408
5299118998608
5299152287208
5299185575608
5299218864808
5299252153908
5299285442008
5299318733008
5299352021008
5299385310208
5299418603808
5299451888108
5299485177108
5299518471608
5299551755208
5299585044208
5299618332308
5299651622608
5299684910308
5299718199908
5299751489408
5299784777608
5299818066708
5299851390908
5299884645608
5299917934808
5299951231808
5299984512808
5300017802708
5300051096008
5300084379508
5300117668808
5300150956508
5300184246608
5300217536408
5300250823908
5300284113908
5300317403208
5300350690908
5300383986708
5300417269008
5300450557908
5300483854008
5300517136908
5300550424708
5300583718508
5300617003608
5300650292808
5300683580508
5300716870808
5300750160908
5300783447708
5300816739008
5300850076808
5300883314908
5300916610608
5300949893508
5300983182008
5301016478208
5301049760108
5301083049208
5301116339908
5301149627608
5301182915808
5301216205908
5301249494608
5301282783408
5301316073308
5301349367508
5301382654708
5301415939008
5301449234808
5301482517908
5301515806208
5301549096108
5301582384908
5301615672908
5301648963108
5301682250908
5301715540408
5301748829808
5301782120008
5301815407008
5301848731508
5301881991608
5301915274508
5301948564008
5301981859508
5302015142108
5302048430408
5302081720408
5302115010008
5302148297508
5302181587308
5302214875708
5302248164408
5302281454308
5302314749508
5302348031408
5302381321408
5302414615708
5302447898508
5302481188308
5302514477708
5302547765408
5302581055008
5302614344508
5302647655108
5302680920908
5302714211408
5302747503508
5302780788508
5302814078208
5302847403108
5302880656108
5302913945508
5302947241108
5302980522508
5303013812708
5303047100908
5303080389608
5303113684208
5303146968208
5303180257208
5303213546408
5303246835408
5303280158708
5303313414008
5303346717408
5303379998908
5303413279808
5303446569708
5303479858908
5303513146908
5303546436208
5303579726708
5303613013608
5303646303808
5303679592008
5303712883108
5303746170808
5303779459508
5303812753608
5303846062208
5303879326408
5303912621808
5303945905008
5303979193808
5304012483108
5304045771208
5304079060608
5304112351108
5304145637808
5304178927908
5304212216908
5304245510508
5304278795308
5304312084508
5304345378108
5304378661808
5304411950708
5304445239108
5304478529408
5304511818808
5304545106308
5304578396208
5304611688808
5304644974608
5304678263908
5304711552208
5304744842408
5304778135508
5304811419108
5304844750708
5304878002108
5304911286408
5304944574908
5304977863708
5305011153108
5305044441308
5305077730708
5305111021108
5305144309308
5305177597508
5305210894108
5305244176408
5305277465008
5305310761508
5305344043208
5305377332408
5305410620108
5305443910808
5305477199808
5305510487908
5305543777408
5305577066408
5305610354508
5305643646508
5305676955208
5305710221808
5305743517008
5305776799808
5305810089008
5305843414508
5305876667708
5305909955708
5305943245208
5305976534708
5306009823108
5306043111908
5306076401508
5306109694908
5306142978808
5306176274508
5306209556908
5306242846008
5306276141608
5306309424808
5306342713208
5306376002808
5306409291408
5306442579908
5306475870208
5306509159108
5306542447308
5306575736108
5306609028208
5306642315108
5306675624708
5306708898808
5306742182708
5306775469908
5306808765908
5306842079308
5306875336808
5306908626708
5306941916708
5306975203808
5307008493808
5307041782708
5307075071008
5307108361808
5307141655508
5307174938408
5307208227808
5307241522908
5307274812508
5307308095808
5307341384008
5307374673108
5307407961108
5307441251308
5307474541008
5307507828508
5307541117808
5307574410408
5307607715608
5307640985108
5307674300808
5307707562308
5307740852108
5307774147408
5307807429008
5307840749608
5307874007908
5307907296408
5307940585808
5307973875008
5308007192308
5308040452208
5308073742208
5308107038708
5308140319708
5308173609608
5308206904308
5308240186608
5308273476108
5308306766208
5308340053308
5308373343708
5308406632208
5308439920708
5308473211208
5308506499808
5308539790508
5308573077508
5308606366708
5308639693408
5308672965308
5308706233608
5308739530408
5308772810408
5308806100308
5308839413508
5308872677508
5308905967808
5308939256708
5308972544608
5309005835108
5309039122908
5309072417308
5309105702308
5309138990008
5309172284908
5309205568108
5309238857708
5309272145808
5309305436608
5309338733808
5309372013908
5309405301708
5309438591808
5309471881408
5309505172308
5309538458508
5309571747508
5309605041608
5309638325608
5309671633108
5309704909508
5309738194708
5309771481208
5309804770108
5309838085708
5309871349108
5309904637308
5309937926608
5309971215608
5310004505108
5310037798608
5310071083408
5310104372008
5310137666108
5310170949808
5310204239908
5310237527208
5310270818508
5310304106908
5310337394108
5310370687608
5310403971708
5310437261508
5310470555908
5310503840108
5310537128008
5310570423608
5310603707108
5310636995308
5310670304208
5310703574208
5310736868108
5310770151308
5310803441208
5310836748308
5310870018908
5310903308708
5310936596808
5310969885608
5311003180908
5311036462908
5311069752608
5311103048608
5311136331008
5311169619808
5311202909108
5311236198208
5311269486508
5311302777308
5311336065108
5311369354708
5311402642508
5311435935808
5311469222508
5311502509708
5311535804908
5311569088008
5311602376508
5311635672708
5311668964908
5311702244208
5311735533408
5311768822208
5311802110808
5311835409708
5311868706308
5311901977808
5311935267508
5311968562108
5312001845408
5312035133708
5312068429308
5312101715708
5312135000708
5312168290808
5312201579608
5312234867808
5312268157508
5312301447208
5312334734408
5312368024808
5312401316808
5312434602308
5312467892608
5312501186508
5312534468608
5312567758708
5312601053908
5312634349708
5312667630308
5312700915108
5312734205008
5312767492408
5312800781508
5312834077008
5312867358908
5312900649008
5312933944208
5312967226208
5313000516208
5313033810208
5313067093108
5313100383108
5313133671808
5313166960208
5313200282808
5313233539008
5313266852108
5313300118108
5313333406108
5313366703508
5313399982908
5313433273008
5313466568108
5313499850808
5313533140208
5313566437108
5313599717108
5313633007008
5313666296208
5313699584608
5313732874408
5313766162608
5313799451208
5313832764908
5313866029708
5313899324908
5313932607908
5313965897008
5313999223708
5314032474308
5314065764208
5314099054508
5314132341108
5314165631308
5314198919608
5314232208208
5314265498108
5314298788508
5314332079608
5314365365608
5314398653208
5314431948508
5314465233408
5314498521308
5314531815708
5314565099608
5314598388208
5314631676808
5314664968808
5314698255508
5314731544808
5314764832908
5314798122008
5314831411408
5314864718108
5314897989708
5314931278508
5314964573408
5314997856008
5315031144908
5315064433608
5315097723808
5315131012008
5315164300808
5315197623608
5315230879908
5315264167808
5315297462808
5315330746108
5315364035708
5315397329708
5315430613608
5315463903708
5315497197608
5315530482308
5315563768808
5315597058108
5315630348008
5315663637008
5315696925108
5315730214808
5315763503808
5315796791908
5315830088108
5315863370908
5315896659108
5315929956008
5315963237808
5315996527108
5316029815208
5316063105208
5316096394808
5316129685308
5316162972008
5316196311108
5316229549108
5316262843108
5316296127808
5316329416208
5316362711608
5316395994708
5316429283208
5316462580808
5316495862208
5316529150108
5316562440208
5316595729208
5316629018308
5316662307508
5316695596208
5316728886308
5316762173008
5316795468508
5316828752708
5316862040408
5316895336208
5316928620408
5316961907708
5316995197808
5317028487208
5317061774408
5317095064208
5317128353108
5317161641308
5317194931308
5317228224708
5317261508408
5317294798508
5317328092708
5317361376808
5317394664208
5317427960608
5317461244208
5317494531708
5317527821508
5317561110508
5317594398408
5317627688608
5317660978208
5317694265608
5317727555308
5317760850208
5317794133008
5317827422508
5317860736608
5317894000208
5317927289208
5317960578508
5317993884008
5318027155708
5318060446008
5318093746708
5318127022808
5318160312708
5318193656608
5318226890508
5318260180008
5318293475408
5318326756908
5318360046808
5318393338408
5318426623708
5318459914708
5318493203008
5318526490608
5318559780808
5318593069908
5318626388408
5318659648008
5318692937108
5318726232208
5318759513808
5318792803808
5318826099408
5318859381208
5318892670608
5318925959908
5318959248308
5318992538108
5319025826008
5319059114808
5319092405208
5319125693908
5319158987008
5319192297608
5319225561208
5319258855208
5319292139408
5319325428208
5319358758208
5319392005408
5319425295408
5319458585008
5319491872508
5319525161808
5319558450808
5319591740008
5319625029508
5319658318608
5319691612308
5319724896208
5319758184908
5319791479308
5319824763108
5319858052208
5319891340908
5319924630208
5319957918908
5319991208408
5320024496408
5320057786008
5320091076008
5320124368408
5320157653408
5320190980608
5320224236308
5320257520608
5320290810908
5320324097608
5320357389108
5320390675408
5320423964908
5320457255308
5320490543508
5320523832008
5320557121808
5320590410308
5320623698508
5320656995008
5320690277408
5320723567008
5320756861008
5320790144508
5320823434108
5320856721408
5320890011908
5320923300308
5320956588908
5320989878608
5321023188608
5321056455908
5321089754108
5321123034308
5321156323208
5321189647708
5321222902008
5321256189908
5321289486708
5321322772908
5321356057608
5321389345808
5321422635908
5321455925508
5321489213408
5321522503508
5321555791208
5321589079708
5321622375708
5321655659808
5321688947108
5321722243408
5321755525408
5321788814308
5321822104508
5321855393108
5321888681108
5321921970708
5321955259908
5321988548408
5322021862808
5322055132608
5322088417008
5322121704208
5322155000108
5322188315308
5322221571008
5322254864408
5322288151708
5322321438308
5322354728308
5322388016808
5322421305108
5322454596108
5322487885208
5322521172408
5322554462108
5322587760208
5322621040408
5322654330008
5322687624308
5322720907008
5322754195508
5322787485708
5322820774808
5322854062508
5322887352108
5322920640508
5322953929308
5322987219008
5323020534408
5323053796508
5323087086208
5323120380908
5323153663608
5323186979908
5323220245908
5323253544308
5323286820208
5323320109408
5323353399708
5323386686608
5323419976608
5323453266808
5323486553808
5323519843408
5323553140008
5323586420708
5323619710608
5323653007108
5323686287808
5323719577608
5323752866608
5323786154808
5323819445408
5323852733708
5323886021908
5323919311808
5323952600608
5323985924408
5324019199708
5324052467608
5324085764308
5324119045108
5324152334908
5324185647108
5324218911908
5324252201508
5324285490708
5324318782508
5324352068608
5324385356908
5324418647408
5324451936908
5324485225108
5324518518808
5324551803208
5324585091408
5324618387008
5324651670408
5324684958508
5324718248008
5324751536008
5324784825808
5324818115808
5324851403108
5324884692908
5324917981508
5324951275908
5324984560308
5325017866808
5325051142608
5325084427308
5325117715408
5325151004308
5325184321108
5325217583108
5325250871108
5325284161308
5325317450008
5325350739508
5325384028408
5325417317308
5325450607908
5325483900108
5325517184608
5325550472808
5325583767708
5325617050908
5325650340808
5325683628308
5325716917808
5325750206808
5325783495708
5325816789608
5325850074108
5325883362608
5325916659208
5325949940808
5325983229208
5326016539508
5326049811108
5326083097608
5326116385508
5326149675608
5326182978908
5326216252908
5326249542208
5326282831208
5326316119508
5326349411208
5326382697408
5326415987008
5326449282108
5326482565008
5326515853608
5326549150008
5326582432408
5326615721808
5326649011208
5326682299608
5326715589508
5326748876408
5326782166408
5326815456008
5326848743708
5326882039508
5326915324008
5326948610808
5326981906008
5327015198408
5327048477708
5327081767808
5327115056508
5327148345008
5327181641708
5327214923908
5327248211808
5327281502008
5327314795508
5327348079908
5327381367708
5327414663808
5327447948008
5327481234808
5327514530608
5327547813908
5327581102308
5327614392308
5327647681408
5327680969408
5327714259008
5327747547508
5327780836008
5327814126408
5327847421008
5327880703008
5327913993008
5327947287508
5327980576108
5328013864608
5328047148508
5328080438408
5328113725908
5328147016408
5328180312108
5328213593508
5328246883308
5328280174708
5328313460208
5328346750208
5328380044008
5328413327408
5328446617108
5328479912008
5328513194308
5328546517508
5328579773108
5328613061608
5328646352008
5328679640308
5328712929308
5328746217408
5328779507208
5328812803308
5328846084108
5328879374308
5328912668708
5328945951608
5328979241608
5329012534908
5329045835308
5329079108408
5329112397308
5329145685808
5329178980808
5329212264908
5329245555008
5329278851808
5329312131008
5329345455708
5329378708708
5329411999008
5329445294808
5329478575608
5329511865308
5329545163408
5329578443208
5329611732608
5329645021308
5329678309808
5329711599608
5329744887908
5329778184608
5329811467508
5329844755208
5329878050408
5329911332908
5329944623008
5329977912308
5330011203208
5330044489708
5330077779808
5330111066908
5330144356808
5330177645908
5330210936408
5330244223508
5330277513908
5330310810408
5330344090608
5330377379108
5330410674008
5330443957608
5330477246508
5330510534808
5330543873108
5330577114208
5330610402308
5330643691208
5330676980908
5330710269908
5330743563608
5330776848108
5330810137908
5330843431208
5330876714708
5330910003708
5330943292308
5330976582008
5331009873708
5331043159008
5331076448908
5331109737508
5331143026308
5331176319008
5331209605308
5331242893208
5331276189508
5331309471908
5331342761308
5331376055508
5331409339108
5331442628808
5331475916408
5331509206108
5331542545808
5331575782908
5331609073408
5331642362508
5331675650408
5331708945808
5331742228908
5331775517308
5331808818508
5331842096608
5331875384608
5331908674108
5331941963108
5331975251808
5332008541408
5332041844608
5332075119808
5332108407308
5332141700908
5332174986708
5332208274808
5332241570108
5332274853308
5332308141308
5332341438208
5332374719508
5332408008808
5332441298908
5332474587408
5332507876008
5332541200508
5332574454708
5332607743108
5332641032108
5332674327108
5332707610808
5332740898608
5332774196108
5332807478408
5332840765808
5332874055308
5332907344308
5332940633008
5332973922908
5333007211708
5333040500008
5333073790108
5333107081008
5333140366808
5333173656808
5333206951808
5333240237508
5333273523608
5333306819308
5333340103508
5333373389708
5333406679508
5333439969708
5333473257208
5333506547008
5333539870808
5333573124008
5333606414008
5333639710308
5333672991208
5333706280808
5333739575308
5333772858208
5333806148608
5333839436808
5333872725108
5333906014808
5333939304208
5333972615908
5334005882508
5334039171208
5334072464308
5334105748108
5334139038108
5334172333108
5334205615608
5334238905008
5334272200608
5334305482408
5334338772408
5334372059908
5334405349408
5334438639308
5334471927608
5334505216208
5334538531308
5334571795308
5334605089208
5334638373108
5334671662308
5334704988608
5334738239508
5334771529508
5334804819208
5334838106408
5334871396408
5334904685208
5334937973708
5334971263008
5335004552608
5335037843808
5335071130308
5335104419008
5335137713608
5335170998108
5335204286008
5335237580808
5335270864708
5335304153508
5335337442608
5335370730508
5335404020608
5335437310608
5335470597708
5335503887608
5335537219808
5335570470608
5335603754208
5335637043408
5335670338408
5335703621308
5335736909708
5335770198608
5335803489708
5335836777608
5335870066008
5335903355508
5335936644508
5335969932908
5336003227608
5336036511808
5336069800808
5336103094508
5336136379108
5336169668308
5336202962208
5336236245508
5336269535008
5336302822408
5336336112808
5336369422608
5336402690108
5336435979808
5336469268408
5336502556808
5336535893508
5336569135708
5336602424508
5336635720708
5336669002808
5336702293408
5336735580008
5336768873208
5336802159508
5336835447008
5336868736908
5336902026608
5336935314108
5336968608008
5337001893608
5337035181208
5337068477408
5337101759108
5337135048208
5337168345608
5337201627408
5337234915408
5337268204908
5337301494108
5337334783208
5337368100408
5337401361208
5337434651008
5337467938208
5337501234408
5337534548908
5337567805308
5337601101708
5337634384208
5337667672508
5337700962308
5337734251108
5337767539708
5337800830608
5337834118408
5337867406308
5337900696208
5337933989008
5337967273408
5338000564508
5338033858308
5338067141808
5338100429508
5338133725608
5338167009208
5338200296708
5338233586408
5338266894108
5338300163708
5338333453808
5338366764408
5338400030608
5338433320108
5338466614308
5338499897908
5338533217308
5338566482908
5338599764908
5338633054308
5338666343608
5338699632408
5338732920608
5338766210508
5338799500808
5338832787908
5338866078108
5338899370708
5338932654708
5338965944608
5338999240908
5339032522008
5339065812008
5339099105908
5339132389408
5339165679808
5339198968108
5339232255608
5339265545908
5339298834608
5339332152108
5339365434308
5339398702308
5339431998008
5339465279408
5339498568808
5339531896308
5339565146308
5339598436108
5339631725008
5339665013208
5339698303008
5339731591208
5339764883508
5339798171008
5339831459208
5339864752008
5339898037108
5339931326008
5339964649808
5339997904908
5340031193208
5340064490008
5340097770408
5340131060108
5340164349008
5340197637508
5340230927508
5340264217408
5340297504408
5340330794408
5340364100008
5340397377008
5340430661108
5340463949908
5340497244608
5340530552608
5340563817408
5340597105508
5340630395108
5340663684408
5340696973508
5340730261308
5340763551308
5340796841908
5340830132008
5340863418608
5340896707008
5340930001708
5340963285508
5340996575208
5341029884508
5341063154408
5341096441008
5341129729608
5341163020308
5341196308708
5341229596808
5341262891108
5341296175108
5341329464008
5341362770908
5341396042708
5341429331808
5341462625608
5341495909908
5341529231008
5341562487208
5341595776908
5341629065408
5341662353808
5341695643908
5341728940908
5341762221008
5341795516108
5341828799508
5341862088108
5341895382608
5341928666608
5341961954908
5341995252408
5342028533608
5342061823108
5342095110808
5342128400408
5342161690308
5342194978308
5342228267908
5342261556808
5342294845308
5342328140608
5342361431008
5342394712008
5342428008208
5342461290208
5342494579008
5342527875708
5342561157508
5342594446208
5342627735808
5342661024808
5342694314108
5342727601908
5342760896708
5342794182208
5342827469408
5342860764508
5342894047508
5342927336208
5342960632308
5342993938208
5343027203108
5343060493608
5343093781608
5343127070208
5343160361008
5343193649308
5343226937708
5343260226908
5343293522208
5343326805408
5343360097108
5343393389608
5343426673508
5343459960508
5343493249908
5343526541408
5343559827608
5343593117408
5343626407708
5343659694508
5343692984208
5343726276708
5343759561708
5343792851608
5343826145608
5343859428608
5343892751808
5343926013808
5343959295508
5343992590108
5344025874608
5344059163408
5344092451008
5344125741708
5344159032308
5344192318908
5344225608608
5344258918708
5344292185608
5344325475508
5344358770508
5344392052708
5344425342708
5344458631208
5344491919408
5344525212108
5344558498708
5344591786908
5344625076308
5344658365608
5344691688208
5344724942508
5344758232908
5344791529108
5344824809708
5344858099808
5344891427808
5344924677208
5344957966708
5344991256008
5345024543708
5345057834108
5345091122108
5345124411308
5345157701608
5345190989408
5345224283708
5345257567808
5345290856908
5345324183208
5345357434708
5345390723808
5345424013208
5345457301308
5345490591208
5345523880208
5345557167908
5345590457808
5345623746708
5345657040008
5345690324908
5345723613008
5345756913008
5345790192508
5345823480208
5345856769108
5345890090108
5345923348008
5345956636108
5345989940108
5346023215008
5346056504808
5346089792708
5346123081808
5346156372108
5346189664708
5346222949308
5346256238208
5346289532608
5346322816108
5346356105608
5346389393608
5346422683008
5346455971708
5346489260208
5346522550308
5346555839508
5346589127708
5346622424208
5346655706108
5346688995608
5346722288808
5346755573308
5346788863408
5346822150808
5346855440608
5346888756308
5346922017508
5346955306808
5346988597408
5347021884708
5347055175108
5347088462708
5347121751508
5347155049108
5347188330208
5347221619008
5347254914508
5347288197108
5347321485708
5347354776108
5347388064508
5347421353708
5347454641708
5347487935208
5347521221108
5347554508608
5347587803708
5347621087508
5347654375908
5347687671508
5347720953608
5347754243208
5347787536108
5347820821208
5347854110108
5347887427708
5347920689108
5347953976908
5347987267108
5348020556808
5348053845108
5348087132608
5348120428608
5348153713108
5348186999808
5348220296208
5348253578808
5348286867208
5348320157008
5348353446308
5348386733908
5348420023808
5348453312708
5348486601008
5348519891108
5348553185208
5348586468208
5348619757808
5348653052808
5348686340908
5348719623808
5348752913608
5348786205908
5348819491008
5348852781508
5348886094008
5348919358008
5348952648108
5348985960108
5349019225208
5349052515008
5349085808908
5349119092408
5349152383208
5349185677108
5349218959108
5349252249508
5349285538408
5349318845008
5349352117608
5349385405108
5349418694408
5349451982408
5349485272408
5349518568108
5349551849308
5349585139608
5349618434108
5349651716708
5349685006208
5349718321908
5349751583508
5349784873708
5349818161708
5349851450608
5349884776708
5349918029308
5349951348708
5349984607508
5350017896908
5350051192908
5350084473508
5350117763508
5350151059008
5350184340808
5350217630508
5350250920708
5350284207608
5350317497508
5350350787308
5350384074908
5350417364308
5350450653608
5350483950408
5350517232108
5350550521108
5350583814508
5350617098608
5350650387408
5350683676908
5350716990308
5350750254408
5350783544708
5350816832008
5350850121808
5350883442508
5350916700708
5350949988508
5350983277708
5351016571508
5351049855908
5351083143908
5351116439208
5351149723308
5351183015508
5351216300208
5351249589708
5351282878708
5351316167508
5351349457608
5351382746008
5351416035008
5351449328808
5351482613208
5351515902408
5351549195708
5351582480508
5351615769008
5351649056908
5351682346808
5351715657408
5351748924108
5351782214208
5351815502608
5351848791308
5351882116708
5351915369908
5351948658208
5351981954208
5352015237208
5352048526708
5352081819808
5352115104008
5352148393808
5352181681308
5352214974008
5352248260008
5352281548108
5352314838108
5352348127508
5352381415208
5352414711008
5352447993408
5352481282508
5352514580008
5352547861108
5352581149408
5352614438808
5352647728508
5352681016708
5352714333708
5352747595208
5352780885808
5352814172308
5352847464308
5352880773008
5352914039608
5352947335508
5352980618408
5353013906508
5353047202608
5353080484308
5353113773708
5353147064708
5353180352508
5353213640708
5353246930108
5353280219108
5353313509008
5353346798308
5353380092508
5353413376508
5353446663608
5353479959608
5353513242908
5353546530708
5353579820508
5353613112008
5353646398208
5353679687308
5353713005208
5353746264808
5353779555008
5353812845508
5353846132408
5353879437408
5353912716808
5353945998808
5353979288508
5354012583708
5354045867208
5354079154808
5354112444708
5354145734508
5354179022008
5354212311908
5354245600708
5354278889108
5354312179008
5354345474808
5354378756308
5354412046008
5354445340508
5354478623408
5354511914008
5354545202008
5354578490208
5354611779908
5354645069008
5354678380008
5354711656508
5354744936008
5354778229108
5354811513308
5354844803208
5354878101508
5354911380308
5354944670208
5354977969808
5355011247208
5355044537208
5355077825408
5355111114608
5355144404208
5355177692908
5355210983008
5355244271208
5355277560108
5355310854308
5355344138908
5355377427408
5355410722408
5355444004308
5355477294408
5355510587908
5355543871808
5355577161408
5355610450508
5355643738408
5355677031908
5355710321108
5355743608008
5355776895808
5355810251208
5355843478508
5355876773208
5355910057408
5355943346308
5355976629408
5356009917808
5356043207808
5356076495308
5356109785608
