5730677777108
5730711027008
5730744317108
5730777607508
5730810895008
5730844184808
5730877473508
5730910761808
5730944051608
5730977341208
5731010633208
5731043918408
5731077206408
5731110501208
5731143786508
5731177073908
5731210366108
5731243652208
5731276941808
5731310230308
5731343537808
5731376808708
5731410098408
5731443385908
5731476675708
5731509982508
5731543258408
5731576542608
5731609831508
5731643126808
5731676410208
5731709697908
5731742987008
5731776277308
5731809565808
5731842853908
5731876145108
5731909432808
5731942721208
5731976019008
5732009300008
5732042588908
5732075882308
5732109166708
5732142456908
5732175743808
5732209033808
5732242322508
5732275611008
5732308900808
5732342210308
5732375478408
5732408768808
5732442056908
5732475345108
5732508658408
5732541924308
5732575212208
5732608510508
5732641790908
5732675080208
5732708367908
5732741658008
5732774948008
5732808235608
5732841524808
5732874814508
5732908102208
5732941396808
5732974682108
5733007969508
5733041264908
5733074547808
5733107836508
5733141133408
5733174415108
5733207703408
5733241023608
5733274282208
5733307571708
5733340888208
5733374149408
5733407439508
5733440726108
5733474021708
5733507329908
5733540593508
5733573889608
5733607173108
5733640460308
5733673750508
5733707038508
5733740327408
5733773620708
5733806906508
5733840194308
5733873484708
5733906778408
5733940061908
5733973352608
5734006646408
5734039929908
5734073217608
5734106510608
5734139798708
5734173084908
5734206374508
5734239663408
5734272951708
5734306241908
5734339552408
5734372818808
5734406109008
5734439403108
5734472686008
5734506005508
5734539270808
5734572553208
5734605843008
5734639132008
5734672421108
5734705708308
5734739002508
5734772288608
5734805575908
5734838865808
5734872159408
5734905442908
5734938732808
5734972028208
5735005310308
5735038599908
5735071892008
5735105176708
5735138467608
5735171755908
5735205044208
5735238333708
5735271622808
5735304941108
5735338222308
5735371490208
5735404786108
5735438067008
5735471356908
5735504678308
5735537934508
5735571224108
5735604513008
5735637801408
5735671091508
5735704379408
5735737668608
5735770959108
5735804247208
5735837540308
5735870825008
5735904113908
5735937408208
5735970692908
5736003981208
5736037277308
5736070558308
5736103848408
5736137137808
5736170425808
5736203715208
5736237007208
5736270293508
5736303582108
5736336892608
5736370165108
5736403449308
5736436738108
5736470033308
5736503335908
5736536605508
5736569894708
5736603183408
5736636472608
5736669762808
5736703049708
5736736339508
5736769628708
5736802922108
5736836206308
5736869496308
5736902789908
5736936073708
5736969363208
5737002651008
5737035942508
5737069228408
5737102518008
5737135808208
5737169096708
5737202385208
5737235676308
5737268964008
5737302252908
5737335568708
5737368830608
5737402120908
5737435414008
5737468697808
5737502046508
5737535275308
5737568565008
5737601854108
5737635142308
5737668431908
5737701719608
5737735011508
5737768306008
5737801588108
5737834875808
5737868172308
5737901454708
5737934743308
5737968040008
5738001322108
5738034611208
5738067899008
5738101189108
5738134478108
5738167766008
5738201056908
5738234344408
5738267633408
5738300928508
5738334211308
5738367500108
5738400796208
5738434078608
5738467367308
5738500698908
5738533946908
5738567234608
5738600523908
5738633812808
5738667102508
5738700390008
5738733686008
5738766970008
5738800257508
5738833553008
5738866836308
5738900124208
5738933417608
5738966705908
5738999992008
5739033281208
5739066570008
5739099858408
5739133149608
5739166438408
5739199725408
5739233029408
5739266309508
5739299593008
5739332881708
5739366177908
5739399461408
5739432748908
5739466038508
5739499353408
5739532615908
5739565905408
5739599194508
5739632482808
5739665772608
5739699066408
5739732349608
5739765640808
5739798934308
5739832216708
5739865506708
5739898799208
5739932085108
5739965373808
5739998662708
5740031952308
5740065240008
5740098529708
5740131820808
5740165106908
5740198397008
5740231692908
5740264973908
5740298263508
5740331558008
5740364840908
5740398131008
5740431419608
5740464707908
5740498042708
5740531287108
5740564574808
5740597864908
5740631153308
5740664449108
5740697730908
5740731020808
5740764317008
5740797598108
5740830888208
5740864180508
5740897465108
5740930754708
5740964044308
5740997332108
5741030622308
5741063910908
5741097200808
5741130489308
5741163778508
5741197072508
5741230356008
5741263645108
5741296971708
5741330222508
5741363512008
5741396802008
5741430089208
5741463379408
5741496700108
5741529956308
5741563245808
5741596535208
5741629828708
5741663113408
5741696402008
5741729696208
5741762981308
5741796269008
5741829557408
5741862847308
5741896135608
5741929424508
5741962714608
5741996023708
5742029292708
5742062581808
5742095870308
5742129159408
5742162453008
5742195737608
5742229026208
5742262320708
5742295604408
5742328892208
5742362181308
5742395471608
5742428760408
5742462048908
5742495369908
5742528627808
5742561916408
5742595212608
5742628494408
5742661783408
5742695077108
5742728361908
5742761651108
5742794938908
5742828228708
5742861517808
5742894805708
5742928096008
5742961384908
5742994672908
5743027964508
5743061251108
5743094539908
5743127836608
5743161118508
5743194407308
5743227703708
5743260985908
5743294274708
5743327563108
5743360852808
5743394142808
5743427429908
5743460719908
5743494061008
5743527297108
5743560592508
5743593876608
5743627164008
5743660459708
5743693742408
5743727031308
5743760328708
5743793610008
5743826898208
5743860188008
5743893477008
5743926765608
5743960055408
5743993345708
5744026633308
5744059921408
5744093216708
5744126505308
5744159788608
5744193084108
5744226366608
5744259655208
5744292945308
5744326233008
5744359522308
5744392812508
5744426100708
5744459389808
5744492717108
5744525974108
5744559256508
5744592547208
5744625840808
5744659124708
5744692412408
5744725702508
5744758992108
5744792279608
5744825569608
5744858858208
5744892146708
5744925436608
5744958729408
5744992028608
5745025303108
5745058598108
5745091880708
5745125170508
5745158465008
5745191747708
5745225037308
5745258326608
5745291633508
5745324903408
5745358193408
5745391483108
5745424770908
5745458060908
5745491389008
5745524638108
5745557927808
5745591223308
5745624504908
5745657794708
5745691082808
5745724371808
5745757662608
5745790950608
5745824238908
5745857528708
5745890817908
5745924138608
5745957397308
5745990684908
5746023980508
5746057262208
5746090551708
5746123847608
5746157129008
5746190419008
5746223707508
5746256999808
5746290286108
5746323574208
5746356863308
5746390153208
5746423441708
5746456736508
5746490060108
5746523308908
5746556632908
5746589887808
5746623176008
5746656473108
5746689752908
5746723043208
5746756332608
5746789620208
5746822910308
5746856200508
5746889489008
5746922777408
5746956070908
5746989359908
5747022643808
5747055933108
5747089227808
5747122526508
5747155800408
5747189088208
5747222378008
5747255667908
5747288956408
5747322244708
5747355534308
5747388824208
5747422117008
5747455401308
5747488690108
5747521984508
5747555268308
5747588558008
5747621845508
5747655135608
5747688423808
5747721712608
5747755006408
5747788291208
5747821579608
5747854871508
5747888158908
5747921447208
5747954750308
5747988025608
5748021315108
5748054609108
5748087892408
5748121191708
5748154469508
5748187760108
5748221048308
5748254336908
5748287626408
5748320914508
5748354203708
5748387499908
5748420782208
5748454071108
5748487366308
5748520649708
5748553938108
5748587236108
5748620516508
5748653806008
5748687093808
5748720383908
5748753673808
5748786961408
5748820252808
5748853540008
5748886828008
5748920123308
5748953418308
5748986695208
5749019991108
5749053273508
5749086562008
5749119867808
5749153140408
5749186429208
5749219718808
5749253024408
5749286296708
5749319585108
5749352880608
5749386165408
5749419451908
5749452748208
5749486035208
5749519319308
5749552609008
5749585899108
5749619186308
5749652476008
5749685764708
5749719053408
5749752344108
5749785634708
5749818920408
5749852210308
5749885504708
5749918788608
5749952092308
5749985372808
5750018656308
5750051943708
5750085233408
5750118544208
5750151810208
5750185100408
5750218390108
5750251677708
5750284967608
5750318261408
5750351544408
5750384835408
5750418128408
5750451411508
5750484701308
5750517990408
5750551280408
5750584569408
5750617857408
5750651146308
5750684434308
5750717724708
5750751017308
5750784301808
5750817591608
5750850885808
5750884168708
5750917458808
5750950771608
5750984039308
5751017325708
5751050615008
5751083902808
5751117213908
5751150481808
5751183770008
5751217059608
5751250348708
5751283643608
5751316925808
5751350216008
5751383511808
5751416792908
5751450082608
5751483371608
5751516660108
5751549949808
5751583239908
5751616527008
5751649816908
5751683104708
5751716396008
5751749684508
5751782973208
5751816266808
5751849550608
5751882840008
5751916167108
5751949439008
5751982706708
5752015996808
5752049284308
5752082574008
5752115888208
5752149151408
5752182441108
5752215729708
5752249024308
5752282308108
5752315596908
5752348891208
5752382176208
5752415464008
5752448752108
5752482041608
5752515331408
5752548619308
5752581910108
5752615198408
5752648487208
5752681778208
5752715068908
5752748354608
5752781648208
5752814932308
5752848221208
5752881515308
5752914799608
5752948108908
5752981376508
5753014666208
5753047955108
5753081243408
5753114568708
5753147822408
5753181110808
5753214406408
5753247689608
5753280978708
5753314303308
5753347556008
5753380845608
5753414133508
5753447423908
5753480713508
5753514001208
5753547290708
5753580580208
5753613867608
5753647160608
5753680446408
5753713734708
5753747031708
5753780313908
5753813602108
5753846898008
5753880180708
5753913468808
5753946785108
5753980047408
5754013337808
5754046625208
5754079914608
5754113233008
5754146491608
5754179787108
5754213090808
5754246359008
5754279655208
5754312936808
5754346226208
5754379517208
5754412804808
5754446093108
5754479382208
5754512671708
5754545960408
5754579250608
5754612541508
5754645828408
5754679115908
5754712412008
5754745695808
5754778983208
5754812279008
5754845561808
5754878849808
5754912139808
5754945450308
5754978717608
5755012007308
5755045295608
5755078584808
5755111907708
5755145169008
5755178451108
5755211741208
5755245036308
5755278319308
5755311607208
5755344897208
5755378188808
5755411474808
5755444764208
5755478053208
