6519361055908
6519394338308
6519427632108
6519460917608
6519494205908
6519527495108
6519560784308
6519594100208
6519627362808
6519660651308
6519693946908
6519727228508
6519760518608
6519793814108
6519827096108
6519860385608
6519893674308
6519926962408
6519960252508
6519993540608
6520026829908
6520060119708
6520093408608
6520126700208
6520160036808
6520193275708
6520226599108
6520259853308
6520293142508
6520326439108
6520359719808
6520393009708
6520426299208
6520459586908
6520492877008
6520526167008
6520559454308
6520592743608
6520626032608
6520659326408
6520692611108
6520725899608
6520759194508
6520792486308
6520825767108
6520859055208
6520892344908
6520925636808
6520958923308
6520992210908
6521025501008
6521058791308
6521092080908
6521125368108
6521158657008
6521191951208
6521225235008
6521258525108
6521291818708
6521325102108
6521358390408
6521391679308
6521424970208
6521458257908
6521491546208
6521524836008
6521558125108
6521591414308
6521624727008
6521657992508
6521691282408
6521724575208
6521757859808
6521791171708
6521824436508
6521857726108
6521891014808
6521924303708
6521957593808
6521990881508
6522024170808
6522057465708
6522090749308
6522124037908
6522157333008
6522190616208
6522223904808
6522257201808
6522290483708
6522323772808
6522357061008
6522390350508
6522423640408
6522456927908
6522490217808
6522523506208
6522556795008
6522590090508
6522623373008
6522656661808
6522689958308
6522723240608
6522756529208
6522789845108
6522823107908
6522856396008
6522889686908
6522922974408
6522956264208
6522989552108
6523022845008
6523056131708
6523089419408
6523122714308
6523155997908
6523189286108
6523222582408
6523255864908
6523289153408
6523322442708
6523355731808
6523389020408
6523422309908
6523455599308
6523488887308
6523522177108
6523555472208
6523588755208
6523622043308
6523655339308
6523688626408
6523721910308
6523755200708
6523788490308
6523821777508
6523855067508
6523888357408
6523921653608
6523954934608
6523988225908
6524021511808
6524054802008
6524088096308
6524121378608
6524154672308
6524187963508
6524221258408
6524254546408
6524287824508
6524321114408
6524354401608
6524387691408
6524421000008
6524454268908
6524487558708
6524520853608
6524554135908
6524587425608
6524620720008
6524654002608
6524687293708
6524720581408
6524753870408
6524787159808
6524820448708
6524853736908
6524887027608
6524920315608
6524953608408
6524986893108
6525020183008
6525053478608
6525086760108
6525120049708
6525153345208
6525186627208
6525219916908
6525253232708
6525286494308
6525319784008
6525353072708
6525386361008
6525419673808
6525452940008
6525486234408
6525519517808
6525552807008
6525586133208
6525619384308
6525652674108
6525685964308
6525719251108
6525752541608
6525785829808
6525819118408
6525852408208
6525885697408
6525918988708
6525952275408
6525985563908
6526018858608
6526052142508
6526085431308
6526118725608
6526152009008
6526185298408
6526218587408
6526251875808
6526285165608
6526318455508
6526351742808
6526385032808
6526418378608
6526451615108
6526484900008
6526518188508
6526551483008
6526584766408
6526618054808
6526651343708
6526684634708
6526717922608
6526751211008
6526784500308
6526817789508
6526851078808
6526884377108
6526917675508
6526950947108
6526984239308
6527017523808
6527050820708
6527084107408
6527117390808
6527150680908
6527183967808
6527217258208
6527250545908
6527283835208
6527317126408
6527350414108
6527383702108
6527416997608
6527450280608
6527483569508
6527516868008
6527550148108
6527583437008
6527616725108
6527650014608
6527683305108
6527716592208
6527749882108
6527783170808
6527816459108
6527849751908
6527883059008
6527916326208
6527949622308
6527982904608
6528016193208
6528049515308
6528082772208
6528116060408
6528149350308
6528182639408
6528215928208
6528249216208
6528282506408
6528315796508
6528349083608
6528382378908
6528415665208
6528448950408
6528482246608
6528515529308
6528548817908
6528582107508
6528615396308
6528648684508
6528681974508
6528715263308
6528748552008
6528781841308
6528815133608
6528848419008
6528881707508
6528915004108
6528948287808
6528981574608
6529014870508
6529048203608
6529081442008
6529114731108
6529148020608
6529181308608
6529214598808
6529247887208
6529281175908
6529314467008
6529347760608
6529381043308
6529414332708
6529447627908
6529480916808
6529514199708
6529547489008
6529580778008
6529614066608
6529647356008
6529680646308
6529713933008
6529747223308
6529780516108
6529813799908
6529847090008
6529880384008
6529913667508
6529946957008
6529980251908
6530013535908
6530046823808
6530080113108
6530113421808
6530146692308
6530179980208
6530213270308
6530246557208
6530279847108
6530313143108
6530346424308
6530379714608
6530413010408
6530446291408
6530479581708
6530512895408
6530546159008
6530579448608
6530612737108
6530646025308
6530679340708
6530712604708
6530745896608
6530779182308
6530812471808
6530845794808
6530879049008
6530912338208
6530945635208
6530978915608
6531012205808
6531045494008
6531078782508
6531112072808
6531145362508
6531178665308
6531211939508
6531245228408
6531278522608
6531311807708
6531345095508
6531378390308
6531411682308
6531444962808
6531478252008
6531511539908
6531544829708
6531578119508
6531611407008
6531644697008
6531678023608
6531711277408
6531744564108
6531777853008
6531811146808
6531844430708
6531877719408
6531911014308
6531944299008
6531977587108
6532010875608
6532044164308
6532077454108
6532110742308
6532144032008
6532177321008
6532210610708
6532243904008
6532277188008
6532310477008
6532343771708
6532377054708
6532410343808
6532443632508
6532476924108
6532510209908
6532543499708
6532576789208
6532610078008
6532643366408
