6559707343908
6559740625508
6559773915308
6559807228408
6559840492908
6559873782908
6559907070008
6559940359808
6559973672708
6560006936708
6560040226808
6560073516808
6560106804008
6560140094908
6560173382108
6560206670708
6560239968208
6560273249808
6560306538308
6560339833308
6560373117008
6560406405308
6560439695608
6560472983808
6560506273308
6560539561108
6560572854508
6560606140208
6560639428308
6560672723408
6560706007108
6560739295108
6560772590708
6560805873008
6560839162408
6560872459108
6560905740708
6560939029208
6560972348408
6561005608208
6561038896408
6561072186308
6561105475908
6561138764108
6561172052308
6561205347808
6561238632408
6561271919308
6561305215508
6561338498008
6561371787208
6561405076208
6561438365508
6561471653908
6561504943308
6561538231908
6561571520708
6561604810308
6561638104308
6561671387808
6561704677508
6561737972408
6561771260508
6561804543708
6561837836908
6561871123308
6561904410708
6561937700608
6561970989608
6562004277908
6562037568008
6562070880108
6562104144808
6562137434708
6562170729108
6562204012108
6562237303108
6562270597008
6562303882208
6562337168708
6562370458008
6562403764008
6562437050108
6562470324808
6562503615008
6562536902308
6562570192108
6562603500008
6562636769308
6562670058908
6562703354108
6562736636308
6562769926208
6562803214108
6562836503408
6562869793808
6562903081508
6562936370408
6562969660308
6563002948508
6563036268408
6563069527908
6563102816308
6563136112308
6563169393408
6563202683308
6563235979008
6563269260508
6563302550608
6563335840608
6563369128008
6563402417008
6563435705008
6563468994408
6563502284308
6563535573008
6563568867308
6563602176708
6563635440508
6563668734708
6563702018008
6563735307508
6563768600108
6563801886108
6563835174208
6563868464308
6563901751908
6563935041508
6563968330308
6564001619808
6564034908708
6564068198208
6564101491408
6564134776008
6564168064408
6564201358908
6564234643508
6564267932008
6564301219908
6564334509508
6564367798508
6564401088108
6564434376108
6564467665608
6564500956008
6564534248108
6564567533008
6564600860008
6564634115608
6564667400308
6564700689708
6564733977308
6564767267208
6564800554808
6564833844108
6564867134908
6564900423208
6564933710908
6564967001808
6565000289908
6565033578508
6565066886708
6565100157408
6565133445908
6565166741008
6565200024508
6565233328608
6565266601408
6565299891208
6565333179708
6565366468508
6565399757708
6565433046208
6565466335608
6565499631508
6565532914208
6565566202708
6565599498208
6565632781208
6565666069608
6565699366908
6565732648408
6565765937708
6565799225608
6565832515408
6565865805208
6565899092908
6565932383808
6565965671508
6565998959808
6566032255508
6566065558908
6566098827308
6566132123008
6566165405308
6566198693808
6566232022408
6566265272808
6566298562308
6566331850008
6566365139708
6566398430608
6566431717208
6566465012408
6566498296308
6566531584308
6566564879208
6566598163708
6566631451208
6566664744408
6566698029808
6566731318408
6566764607908
6566797896508
6566831185108
6566864475108
6566897765208
6566931052008
6566964341908
6566997636608
6567030924208
6567064208108
6567097504108
6567130787908
6567164075208
6567197365008
6567230687608
6567263951608
6567297232508
6567330522208
6567363809308
6567397099408
6567430393108
6567463676008
6567496967108
6567530260908
6567563543608
6567596833608
6567630125908
6567663424208
6567696704808
6567729989008
6567763280008
6567796566308
6567829856308
6567863156008
6567896433608
6567929723408
6567963018908
6567996300508
6568029590708
6568062885108
6568096167908
6568129458608
6568162746108
6568196034708
6568229324608
6568262613608
6568295905408
6568329191708
6568362480808
6568395776208
6568429057608
6568462347908
6568495643508
6568528925108
6568562214308
6568595503308
6568628792308
6568662081708
6568695397408
6568728658908
6568761948808
6568795237408
6568828527208
6568861849908
6568895104708
6568928399008
6568961682408
6568994971008
6569028267108
6569061549008
6569094839308
6569128129208
6569161416208
6569194706208
6569227994508
6569261283108
6569294573108
6569327862608
6569361155908
6569394440008
6569427728508
6569461023008
6569494307608
6569527596408
6569560884808
6569594173808
6569627463308
6569660752208
6569694040308
6569727330308
6569760620608
6569793911508
6569827197408
6569860541308
6569893780408
6569927064508
6569960354108
6569993647408
6570026933008
6570060219808
6570093508708
6570126799008
6570160087208
6570193375708
6570226665308
6570259954508
6570293244008
6570326538908
6570359821608
6570393110508
6570426404208
6570459688408
6570492992008
6570526265408
6570559556008
6570592844508
6570626133108
6570659422208
6570692710808
6570726000208
6570759291808
6570792579008
6570825866908
6570859163708
6570892445608
6570925734008
6570959031308
6570992312808
6571025602008
6571058889508
6571092180008
6571125469308
6571158757008
6571192046808
6571225335608
6571258623708
6571291922808
6571325224508
6571358491008
6571391787308
6571425069508
6571458357908
6571491678608
6571524941808
6571558225208
6571591515108
6571624804208
6571658093308
6571691381108
6571724672208
6571757960808
6571791248208
6571824543908
6571857827208
6571891115208
6571924411208
6571957694908
6571990982408
6572024272608
6572057562408
6572090849608
6572124140108
6572157428408
6572190716308
6572224006208
6572257301008
6572290584808
6572323872408
6572357168308
6572390452308
6572423739808
6572457029508
6572490369508
6572523606608
6572556896608
6572590185408
6572623473808
6572656763508
6572690053508
6572723340608
6572756631408
6572789941208
6572823207908
6572856497708
6572889792708
6572923075808
6572956364408
6572989653708
6573022943808
6573056230608
6573089521208
6573122811308
6573156097908
6573189387708
6573222684608
6573255965108
6573289255108
6573322548508
6573355832008
6573389122008
6573422410808
6573455699008
6573488988508
6573522277408
6573555566408
6573588856508
6573622145208
6573655435908
6573688722308
6573722012308
6573755308408
6573788589108
6573821878608
6573855173908
6573888456408
6573921746108
6573955060408
6573988324108
6574021613108
6574054925908
6574088190708
6574121504908
6574154769608
6574188063608
6574221347408
6574254636108
6574287964108
6574321217008
6574354503508
6574387796208
6574421080608
6574454370308
6574487659208
6574520948008
6574554237408
6574587526808
6574620816408
6574654104208
6574687393408
6574720687208
6574753973008
6574787260408
6574820554908
6574853838208
6574887127708
6574920416808
6574953704508
6574986994308
6575020284808
6575053571708
6575086861708
6575120190308
6575153445008
6575186728808
6575220021908
6575253311608
6575286595908
6575319884808
6575353173108
6575386463808
6575419752308
6575453039708
6575486329708
6575519618908
6575552910608
6575586199408
6575619485908
6575652774908
6575686068708
6575719352608
6575752642008
6575785936408
6575819219108
6575852508508
6575885797408
6575919087008
6575952375208
6575985664008
6576018955308
6576052242108
6576085531608
6576118826508
6576152110008
6576185399408
6576218699708
6576251977208
6576285267308
6576318553908
6576351844208
6576385133208
6576418421808
6576451710708
6576485001108
6576518288708
6576551580208
6576584881508
6576618155608
6576651451408
6576684734308
6576718022608
6576751333408
6576784601308
6576817890108
6576851179308
6576884468208
6576917757508
6576951045508
6576984335508
6577017625808
6577050926508
6577084208408
6577117491508
6577150780008
6577184075508
6577217359508
6577250646908
6577283936708
6577317225308
6577350513708
6577383804008
6577417092808
6577450381008
6577483670508
6577516961408
6577550248008
6577583536508
6577616832508
