9635679147408
9635712435808
9635745717108
9635779000608
9635812290208
9635845616808
9635878867408
9635912157108
9635945447508
9635978734408
9636012024508
9636045313308
9636078601808
9636111891208
9636145181008
9636178474108
9636211758108
9636245046708
9636278341708
9636311626308
9636344914208
9636378202508
9636411492108
9636444781208
9636478070508
9636511380708
9636544649008
9636577938408
9636611228408
9636644515408
9636677831708
9636711098908
9636744382308
9636777671508
9636810965808
9636844251408
9636877537508
9636910826708
9636944117608
9636977422708
9637010694208
9637043983408
9637077273108
9637110562008
9637143857808
9637177139708
9637210430208
9637243722708
9637277007208
9637310295708
9637343584008
9637376874108
9637410163708
9637443450808
9637476740708
9637510029008
9637543318508
9637576611908
9637609896908
9637643185408
9637676531808
9637709763908
9637743052408
9637776348608
9637809631108
9637842920508
9637876208508
9637909497908
9637942788308
9637976075408
9638009365308
9638042654008
9638075942508
9638109237608
9638142524408
9638175809608
9638209105408
9638242387908
9638275676708
9638308971508
9638342255708
9638375543508
9638408833608
9638442122708
9638475415108
9638508699108
9638541992608
9638575279108
9638608566808
9638641862008
9638675145308
9638708433808
9638741729408
9638775013508
9638808300708
9638841590808
9638874879008
9638908167608
9638941458308
9638974746508
9639008034808
9639041324608
9639074619008
9639107902008
9639141212808
9639174486808
9639207770908
9639241057708
9639274348008
9639307673108
9639340925208
9639374215108
9639407503608
9639440791808
9639474082008
9639507373408
9639540659408
9639573949608
9639607243808
9639640526208
9639673816408
9639707110908
9639740408108
9639773683408
9639806972108
9639840261508
9639873549208
9639906839108
9639940128708
9639973417708
9640006706508
9640040001508
9640073283508
9640106573308
9640139867508
9640173150608
9640206440508
9640239729208
9640273017508
9640306365008
9640339596708
9640372908608
9640406176108
9640439463208
9640472757808
9640506040208
9640539330208
9640572625808
9640605907808
9640639197708
9640672494308
9640705774508
9640739064908
9640772359408
9640805641708
9640838932008
9640872220508
9640905509008
9640938812508
9640972087908
9641005382108
9641038665708
9641071954908
9641105281008
9641138531708
9641171821708
9641205111808
9641238414108
9641271688808
9641304977708
9641338266108
9641371556408
9641404845708
9641438136008
9641471422708
9641504711408
9641538006308
9641571290508
9641604579408
9641637873608
9641671157108
9641704446108
9641737735308
9641771045608
9641804313508
9641837603108
9641870890508
9641904180408
9641937508708
9641970763108
9642004047408
9642037336108
9642070630608
9642103914808
9642137202808
9642170491908
9642203782408
9642237070108
9642270358808
9642303648308
9642336937508
9642370226008
9642403519608
9642436804508
9642470093608
9642503387208
9642536671208
9642569960208
9642603255108
9642636537908
9642669827908
9642703115908
9642736419308
9642769693508
9642802982908
9642836272908
9642869561608
9642902849808
9642936177408
9642969428808
9643002717208
9643036013308
9643069295908
9643102584708
9643135873208
9643169163008
9643202452808
9643235740008
9643269029908
9643302318408
9643335607108
9643368900308
9643402195008
9643435474308
9643468769908
9643502052908
9643535341308
9643568645908
9643601919808
9643635208308
9643668498508
9643701786608
9643735076408
9643768363908
9643801654208
9643834943408
9643868231408
9643901527008
9643934811508
9643968098408
9644001394708
9644034678008
9644067965508
9644101255208
9644134543908
9644167832808
9644201123108
9644234414808
9644267699808
9644300989408
9644334281908
9644367566708
9644400878008
9644434151208
9644467435508
9644500722608
9644534019108
9644567323708
9644600589708
9644633879408
9644667168508
9644700456908
9644733746708
9644767035008
9644800324108
9644833614408
9644866908608
9644900190708
9644933480608
9644966776108
9645000065608
9645033348108
9645066636908
9645099925908
9645133214108
9645166503308
9645199793108
9645233081108
9645266371108
9645299664008
9645332948408
9645366238408
9645399532308
9645432815008
9645466105308
9645499400108
9645532682508
9645566005208
9645599261608
9645632549308
9645665840108
9645699128208
9645732417508
9645765705508
9645798995308
9645832291608
9645865572508
9645898862508
9645932157408
9645965454508
9645998729608
9646032036408
9646065306808
9646098596308
9646131885108
9646165174008
9646198507508
9646231752408
9646265044708
9646298330108
9646331619308
9646364942908
9646398196808
9646431486908
9646464783008
9646498064008
9646531353708
9646564642708
9646597930808
9646631220308
9646664510308
9646697798008
9646731087608
9646764376108
9646797670708
9646830955308
9646864243708
9646897538808
9646930821808
9646964110908
9646997400308
9647030687908
9647063978108
9647097267908
9647130554808
9647163845008
9647197175608
9647230425908
9647263712408
9647297002108
9647330294808
9647363579408
9647396867408
9647430162408
9647463452008
9647496735508
9647530023508
9647563312808
9647596602008
9647629890508
9647663180308
9647696468908
9647729758708
9647763052108
9647796336708
9647829625608
9647862919908
9647896203408
9647929492008
9647962780608
9647996070508
9648029358708
9648062647908
9648095937308
9648129226208
9648162514808
9648195808008
9648229093608
9648262381908
9648295679408
9648328960508
9648362249808
9648395544508
9648428827308
9648462117908
9648495404908
9648528695008
9648561983708
9648595272108
9648628561408
9648661865208
9648695138908
9648728438308
9648761717108
9648795006208
9648828317208
9648861584808
9648894873408
9648928163008
9648961462608
9648994741308
9649028029008
9649061318908
9649094609008
9649127896108
9649161189508
9649194474708
9649227763308
9649261058708
9649294342208
9649327630608
9649360926308
9649394208908
9649427497308
9649460787608
9649494076308
9649527364808
9649560653808
9649593943408
9649627231808
9649660520708
9649693816308
9649727100108
9649760387308
9649793683608
9649826992908
9649860254908
9649893544408
9649926833408
9649960121608
9649993411508
9650026699608
9650059988808
9650093279408
9650126571408
9650159855708
9650193145508
9650226443308
9650259723808
9650293012508
9650326307908
9650359591508
9650392878908
9650426168808
9650459457808
9650492745708
9650526036008
9650559325608
9650592612908
9650625903008
9650659196508
9650692480108
9650725769908
9650759064408
9650792348908
9650825636408
9650858925608
9650892214108
9650925504808
9650958792908
9650992082308
9651025369908
9651058660308
9651091954308
9651125237408
9651158527108
9651191821708
9651225104308
9651258394408
9651291705308
9651324971608
9651358261408
9651391550208
9651424838408
9651458151308
9651491417408
9651524705608
9651557995008
9651591284308
9651624608608
9651657861508
9651691151508
9651724447908
9651757728908
9651791018408
9651824307308
9651857595408
9651890885708
9651924175008
9651957478308
9651990752508
9652024041308
9652057333608
9652090619908
9652123908708
9652157202908
9652190486408
9652223775508
9652257102108
9652290352708
9652323642408
9652356932608
9652390219808
9652423509608
9652456832408
9652490086708
9652523377208
9652556666008
9652589959808
9652623243908
9652656531708
9652689827508
9652723111708
9652756399608
9652789688208
9652822977708
9652856266608
9652889555208
9652922845008
9652956134208
9652989423108
9653022715208
9653056001008
9653089290508
9653122584308
9653155867808
9653189156908
9653222451308
9653255736908
9653289023808
9653322312508
9653355602508
9653388891008
9653422179608
9653455518308
9653488758208
9653522047708
9653555345608
9653588625008
9653621915808
9653655208908
9653688492408
9653721781708
9653755069608
9653788359908
9653821649408
9653854936408
9653888226608
9653921535308
9653954803808
9653988097908
9654021382208
9654054671108
9654087985508
9654121249508
9654154538008
9654187834308
9654221116708
9654254405608
9654287693808
9654320983708
9654354273408
9654387561008
9654420850808
9654454139808
9654487428208
9654520723508
9654554007208
9654587295008
9654620590908
9654653874008
9654687162108
9654720453208
9654753740908
9654787029208
9654820318808
9654853608108
9654886896508
9654920185508
9654953482708
9654986765108
9655020052108
9655053347708
9655086681308
9655119919408
9655153215208
9655186502508
9655219786708
9655253076208
9655286364408
9655319653508
9655352944008
9655386232508
9655419520508
9655452810608
9655486105108
9655519387808
9655552676808
9655585972708
9655619255708
9655652543308
9655685833308
9655719125708
9655752410708
9655785700508
9655818989508
9655852277808
9655885567608
9655918859508
9655952144608
9655985435008
9656018729108
9656052011908
9656085301208
9656118597008
9656151878608
9656185169708
9656218458208
9656251746908
9656285035108
9656318324708
9656351615408
9656384902008
9656418191708
9656451504108
9656484769208
9656518059108
9656551374908
9656584636308
9656617925708
9656651214308
9656684502908
9656717823208
9656751081508
9656784395308
9656817659808
9656850949008
9656884247608
9656917526408
9656950816208
9656984111208
9657017393508
9657050683308
9657083980208
9657117260308
9657150550008
9657183840208
9657217127308
9657250417208
9657283706008
9657316994808
9657350284808
9657383573508
9657416867208
9657450151008
9657483439908
9657516766208
9657550017108
9657583307608
9657616597408
9657649885108
9657683174508
9657716512908
9657749751708
9657783041708
9657816330508
9657849623408
9657882908708
9657916196808
9657949492108
9657982776608
9658016064408
9658049355708
9658082642308
9658115931508
9658149220508
9658182525708
9658215798708
9658249087808
9658282375608
9658315666108
9658348959508
9658382248908
9658415532908
9658448821508
9658482115508
9658515400208
9658548687808
9658581977308
9658615267108
9658648555608
9658681843708
9658715134008
9658748422908
9658781711608
9658815006908
9658848290308
9658881579508
9658914873008
9658948157008
9658981447108
9659014737508
9659048026108
9659081312408
9659114601308
9659147891108
9659181201408
9659214471508
9659247758608
9659281046508
9659314335708
9659347657008
9659380914608
9659414202308
9659447499408
9659480781508
9659514070508
9659547358208
9659580648408
9659613938508
9659647225608
9659680515808
9659713804408
9659747092508
9659780386708
9659813672008
9659846959708
9659880255108
9659913538108
9659946827108
9659980123408
9660013405708
9660046694108
9660079984008
9660113272708
9660146561908
9660179849908
9660213139808
9660246429608
9660279716808
9660313012608
9660346344508
9660379584008
9660412879908
9660446163908
9660479450508
9660512741308
9660546029808
9660579318408
9660612608808
9660645897108
9660679185108
9660712478208
9660745768108
9660779052408
9660812343708
9660845637108
9660878920108
9660912208508
9660945504408
9660978805108
9661012075408
9661045365408
9661078653908
9661111942508
9661145232408
9661178520408
9661211809408
9661245099808
9661278393508
9661311676608
9661344965908
9661378261708
9661411551908
9661444833908
9661478122508
9661511411908
9661544699408
9661577989708
9661611279008
9661644566808
9661677856308
9661711149708
9661744433608
9661777723808
9661811039208
9661844301108
9661877590908
9661910885208
9661944168008
9661977494408
9662010746508
9662044035408
9662077324308
9662110613708
9662143903508
9662177190908
9662210481208
9662243777308
9662277057608
9662310348408
9662343642908
9662376925008
9662410215108
9662443504508
9662476791908
9662510082308
9662543370908
9662576659508
9662609949608
9662643238208
9662676531108
9662709816008
9662743105008
9662776428008
9662809682308
9662842972108
9662876268908
9662909549608
9662942838908
9662976168008
9663009416308
9663042706308
9663075995308
9663109283208
9663142573308
9663175861808
9663209156008
9663242441608
9663275729508
9663309024108
9663342307708
9663375596608
9663408885808
9663442183308
9663475463708
9663508753708
9663542040608
9663575330908
9663608627808
9663641912308
9663675197808
9663708487608
9663741780808
9663775064608
9663808352808
9663841645108
9663874932808
9663908220708
9663941511508
9663974798508
9664008087608
9664041376108
9664074667208
9664107954708
9664141244008
9664174537608
9664207821808
9664241111808
9664274405308
9664307688808
9664340976708
9664374266508
9664407555808
9664440866808
9664474133008
9664507423208
9664540711308
9664574000408
9664607314408
9664640579008
9664673867008
9664707163408
9664740445708
9664773735508
9664807026608
9664840313208
9664873603108
9664906890708
9664940180008
9664973469108
9665006757308
9665040047708
9665073336508
9665106624308
9665139919808
9665173203208
9665206491308
9665239788208
9665273070208
9665306358808
9665339648708
9665372937608
9665406226408
9665439514608
9665472804308
9665506094808
9665539381408
9665572676108
9665605994008
9665639249208
9665672547608
9665705828608
9665739116008
9665772411608
9665805694008
9665838983108
9665872273608
9665905562208
9665938850408
9665972139808
9666005429008
9666038717008
9666072015808
9666105301308
9666138586108
9666171873208
9666205168908
9666238473208
9666271740008
9666305030308
9666338318708
9666371607008
9666404896808
9666438185108
9666471474408
9666504768808
9666538057008
9666571341508
9666604630408
9666637926108
9666671209308
9666704498908
9666737793208
9666771077808
9666804364108
9666837654408
9666870943308
9666904231408
9666937521408
9666970812008
9667004098408
9667037388208
9667070703908
9667103965508
9667137255108
9667170550308
9667203832808
9667237142708
9667270411508
9667303699708
9667336989308
9667370278508
9667403567708
9667436855808
9667470145808
9667503441008
9667536722608
9667570012608
9667603307108
9667636589908
9667669879708
9667703176608
9667736457008
9667769746908
9667803035408
9667836323908
9667869613608
9667902903108
9667936191208
9667969480608
9668002769908
9668036093508
9668069346508
9668102636708
9668135933408
9668169214208
9668202504108
9668235793108
9668269081108
9668302371308
9668335659808
9668368948108
9668402237808
9668435529608
9668468819708
9668502106208
9668535394608
9668568688608
9668601971408
9668635261608
9668668588508
9668701851208
9668735128608
9668768418608
9668801705208
9668834995408
9668868298708
9668901573008
9668934862108
9668968151208
9669001445008
9669034729708
9669068017408
9669101312808
9669134597308
9669167885508
9669201173508
9669234463308
9669267752508
9669301040808
9669334331408
9669367619508
9669400908508
9669434201508
9669467486708
9669500776308
9669534069508
9669567353808
9669600642708
9669633934108
9669667220408
9669700508908
9669733798408
9669767088308
9669800376208
9669833665308
9669867006308
9669900244008
9669933546808
9669966829908
9670000110508
9670033401008
9670066694008
9670099978408
9670133267208
9670166555208
9670199844908
9670233135608
9670266421908
9670299712108
9670333001108
9670366289608
9670399584208
9670432868108
9670466156408
9670499452608
9670532735108
9670566023608
9670599320208
9670632602308
9670665891308
9670699179108
9670732469608
9670765759808
9670799046308
9670832336208
9670865658308
9670898913408
9670932209408
9670965493408
9670998780508
9671032076908
9671065358908
9671098647908
9671131938108
9671165227008
9671198514808
9671231804308
9671265093408
9671298381908
9671331687508
9671364965108
9671398251008
9671431537808
9671464833908
9671498141308
9671531404508
9671564701208
9671597985308
9671631272208
9671664565308
9671697849908
9671731138908
9671764434108
9671797718108
9671831006208
9671864295808
9671897593708
9671930872808
9671964163608
9671997458008
9672030741408
9672064029108
9672097319208
9672130610008
9672163896508
9672197186308
9672230475108
9672263763008
9672297053408
9672330345708
9672363630308
9672396920008
9672430214608
9672463497008
9672496810108
9672530082408
9672563366208
9672596654308
9672629943508
9672663232108
9672696520708
9672729810408
9672763101908
9672796387808
9672829677408
9672862971608
9672896254608
9672929544308
9672962839608
9672996121708
9673029411508
9673062700408
9673095988508
9673129278408
9673162570608
9673195881208
9673229145208
9673262434308
9673295729008
9673329011708
9673362301408
9673395598708
9673428879108
9673462169808
9673495465308
9673528745908
9673562035708
9673595325508
9673628613208
9673661902408
9673695191508
9673728480308
9673761770708
9673795058508
9673828352808
9673861636308
9673894926108
9673928251708
9673961523408
9673994792508
9674028083208
9674061370108
9674094660208
9674127974308
9674161237508
9674194526908
9674227816108
9674261108408
9674294394408
9674327681908
9674360977208
9674394262208
9674427550208
9674460841708
9674494128208
9674527416908
9674560705508
9674593995508
9674627284208
9674660575008
9674693861508
9674727151508
9674760440608
9674793734508
9674827018408
9674860307108
9674893602208
9674926885608
9674960173608
9674993462508
9675026752208
9675060041308
9675093329708
9675126670108
9675159908808
9675193196508
9675226492108
9675259775508
9675293065508
9675326357908
9675359642708
9675392932308
9675426223308
9675459511208
9675492798708
9675526087008
9675559377108
9675592665108
9675625954608
9675659244208
9675692532408
9675725820908
9675759116908
9675792400008
9675825688008
9675858984608
9675892266708
9675925573508
9675958844108
9675992134008
9676025423908
9676058711208
9676092001408
9676125289708
9676158578208
9676191872808
9676225157808
9676258445308
9676291740908
9676325023608
9676358312408
9676391609908
9676424891708
9676458179608
9676491469208
9676524757908
9676558047508
9676591363808
9676624625608
9676657915208
9676691202608
9676724498008
9676757808708
9676791069508
9676824365608
9676857649208
9676890936908
9676924226508
9676957515008
9676990803808
9677024095008
9677057382308
9677090670808
9677123960608
9677157254108
9677190537808
9677223828508
9677257122208
9677290406008
9677323693608
9677356989808
9677390272708
9677423564608
9677456850608
9677490139508
9677523428108
9677556717808
9677590006008
9677623295308
9677656585208
9677689879408
9677723162408
9677756481308
9677789747408
9677823029508
9677856318908
9677889608508
9677922897008
9677956185508
9677989475108
9678022765108
9678056052108
9678089342108
9678122635708
9678155919808
9678189209208
9678222503908
9678255786308
9678289076208
9678322371308
9678355653308
9678388947708
9678422232008
9678455520608
9678488810308
9678522099208
9678555416808
9678588676208
9678621966608
9678655263208
9678688543208
9678721833908
9678755128708
9678788410708
9678821700908
9678854990508
9678888277708
9678921571108
9678954856108
9678988144808
9679021435608
9679054722908
9679088016208
9679121301308
9679154595808
9679187914608
9679221190208
9679254457608
9679287754808
9679321034708
9679354324908
9679387646808
9679420901708
9679454192208
9679487480808
9679520769508
9679554058808
9679587347008
9679620642708
9679653926708
9679687215008
9679720509408
9679753792808
9679787081908
9679820371408
9679853660608
9679886948808
9679920239708
9679953526308
9679986816108
9680020105308
9680053397808
9680086683108
9680119973008
9680153266108
9680186550008
9680219838508
9680253130808
9680286417508
9680319705808
9680352994408
9680386315608
9680419574908
9680452861608
9680486152908
9680519440408
9680552729808
9680586023108
9680619307308
9680652597308
9680685891108
9680719174608
9680752463608
9680785751708
9680819041408
9680852332708
9680885619008
9680918908308
9680952197508
9680985486108
9681018783508
9681052065208
9681085352908
9681118648808
9681151931908
9681185220608
9681218512508
9681251798908
9681285089208
9681318376108
9681351665908
9681384954808
9681418243008
9681451532908
9681484822608
9681518109908
9681551405608
9681584687808
9681617977408
9681651274108
9681684577108
9681717844108
9681751134108
9681784423008
9681817711508
9681851027508
9681884291808
9681917580208
9681950867508
9681984161508
9682017480308
9682050734108
9682084030008
9682117313508
9682150601708
9682183897008
9682217179808
9682250468708
9682283759108
9682317047508
9682350335508
9682383624608
9682416914608
9682450202508
9682483493308
9682516787008
9682550070808
9682583358308
9682616654908
9682649937808
9682683225808
9682716515508
9682749804608
9682783092908
9682816383108
9682849670908
9682882960108
9682916250008
9682949542708
9682982826608
9683016173908
9683049411208
9683082698808
9683115983608
9683149280908
9683182563308
9683215849608
9683249139508
9683282429208
9683315717108
9683349007008
9683382297608
9683415584008
9683448874008
9683482173908
9683515451008
9683548741408
9683582035508
9683615318808
9683648637708
9683681896808
9683715185408
9683748474808
9683781763908
9683815078508
9683848340808
9683881631208
9683914926508
9683948208408
9683981498308
9684014792808
9684048075208
9684081365008
9684114661608
9684147942908
9684181232508
9684214520808
9684247809908
9684281100208
9684314388408
9684347676308
9684380966008
9684414255508
9684447578908
9684480854508
9684514122608
9684547418908
9684580699408
9684613989508
9684647315708
9684680566708
9684713856608
9684747145808
9684780434108
9684813723908
9684847011508
9684880305608
9684913595308
9684946879208
9684980173308
9685013457608
9685046746508
9685080038408
9685113325008
9685146623708
9685179902908
9685213190808
9685246480608
9685279769808
9685313058308
9685346348108
9685379636708
9685412931008
9685446214908
9685479503308
9685512798508
9685546082308
9685579371308
9685612659608
9685645982308
9685679238308
9685712526008
9685745821308
9685779105008
9685812394508
9685845686708
9685878972308
9685912262008
9685945555208
9685978839108
9686012128308
9686045419908
9686078706208
9686112003108
9686145283408
9686178573308
9686211862208
9686245150408
9686278454608
9686311729408
9686345017708
9686378313608
9686411617508
9686444885608
9686478179808
9686511463408
9686544753608
9686578040408
9686611330608
9686644622608
9686677908208
9686711197608
9686744487208
9686777774708
9686811069108
9686844353108
9686877642108
9686910938208
9686944220908
9686977508808
9687010805408
9687044087008
9687077375908
9687110693108
9687143954808
9687177244908
9687210531908
9687243821908
9687277132508
9687310398808
9687343694708
9687376977908
9687410266008
9687443562408
9687476844208
9687510133208
9687543424408
9687576711808
9687610000408
9687643290108
9687676579308
9687709867308
9687743157608
9687776450308
9687809735408
9687843023208
9687876318808
9687909621508
9687942890508
9687976186908
9688009469308
9688042757208
9688076047408
9688109335408
9688142624608
9688175914308
9688209203108
9688242491708
9688275819608
9688309076308
9688342358608
9688375649608
9688408943408
9688442226508
9688475514308
9688508804608
9688542094708
9688575381808
9688608671608
9688641960408
9688675248908
9688708538708
9688741844208
9688775116108
9688808406008
9688841742708
9688874983208
9688908289008
9688941567908
9688974849808
9689008140008
9689041429008
9689074738608
9689108005808
9689141296408
9689174586808
9689207872908
9689241162608
9689274457008
9689307740408
9689341030008
9689374326108
9689407607408
9689440897008
9689474185508
9689507474008
9689540765008
9689574053108
9689607341508
9689640653708
9689673920308
9689707214208
9689740496908
9689773787508
9689807083208
9689840364408
9689873654308
9689906981508
9689940231908
9689973521208
9690006811208
9690040098808
9690073388108
9690106678208
9690139966108
9690173256208
9690206544908
9690239838608
9690273122108
9690306411408
9690339705908
9690372989708
9690406278808
9690439568108
9690472855608
9690506145308
9690539435708
9690572722908
9690606012708
9690639301808
9690672594208
9690705879708
9690739167408
9690772462808
9690805746808
9690839035208
9690872327308
9690905613908
9690938902708
9690972191008
9691005482608
9691038769508
9691072059508
9691105347308
9691138637008
9691171927208
9691205219508
9691238504108
9691271792708
9691305087408
9691338371308
9691371676108
9691404948008
9691438238308
9691471526508
9691504815108
9691538125208
9691571394208
9691604684208
9691637977508
9691671261308
9691704550108
9691737844108
9691771128208
9691804418308
9691837708908
9691870995408
9691904284008
9691937572808
9691970862208
9692004152208
9692037439308
9692070729708
9692104017708
9692137306708
9692170603208
9692203885708
9692237173608
9692270470208
9692303752008
9692337041508
9692370329908
9692403619608
9692436909308
9692470196708
9692503486508
9692536802108
9692570063808
9692603358308
9692636642608
9692669930908
9692703226508
9692736509108
9692769798208
9692803095608
9692836376808
9692869678108
9692902954608
9692936243908
9692969533108
9693002822208
9693036110908
9693069401508
9693102688208
9693135983708
9693169269208
9693202555308
9693235851408
9693269135008
9693302422108
9693335712008
9693369000308
9693402289708
9693435578808
9693468867608
9693502156108
9693535446208
9693568739808
9693602023608
9693635314108
9693668608108
9693701891408
9693735179508
9693768475408
9693801759308
9693835046408
9693868336708
9693901625308
9693934913608
9693968203308
9694001513808
9694034780708
9694068070308
9694101365108
9694134647708
9694167962608
9694201233208
9694234514908
9694267804608
9694301093608
9694334382708
9694367670608
9694400960708
9694434250508
9694467538208
9694500827708
9694534121008
9694567404608
9694600694408
9694633990708
9694667272108
9694700562008
9694733853408
9694767138908
9694800429008
9694833717908
9694867006208
9694900295508
9694933585208
9694966903208
9695000161908
9695033451708
9695066748508
9695100029308
9695133319308
9695166643808
9695199896408
9695233186008
9695266475108
9695299763108
9695333053408
9695366341508
9695399630408
9695432921208
9695466209308
9695499501908
9695532787008
9695566076308
9695599400108
9695632657908
9695665943308
9695699239208
9695732520808
9695765810108
9695799099108
9695832387908
9695865676808
9695898966308
9695932254708
9695965544808
9695998832608
9696032127808
9696065411708
9696098703008
9696131994908
9696165278308
9696198567708
9696231856808
9696265146108
9696298434908
9696331724808
9696365012008
9696398301808
9696431590508
9696464883308
9696498169108
9696531458808
9696564751408
9696598036008
9696631344008
9696664619608
9696697902708
9696731191808
9696764480308
9696797801008
9696831059108
9696864347308
9696897638108
9696930925908
9696964214808
9696997508708
9697030793008
9697064082808
9697097376308
9697130663108
9697163948608
9697197237508
9697230527408
9697263816708
9697297104508
9697330394208
9697363683008
9697396971808
9697430266608
9697463550108
9697496838208
9697530134608
9697563417108
9697596706608
9697629993808
9697663284208
9697696574308
9697729861708
9697763151308
9697796490508
9697829728808
9697863018908
9697896307308
9697929595908
9697962891208
9697996173908
9698029462608
9698062760108
9698096041808
9698129329908
9698162619208
9698195908608
9698229196808
9698262487308
9698295776008
9698329065108
9698362352808
9698395647008
9698428939808
9698462220108
9698495515608
9698528798708
9698562087008
9698595383308
9698628667308
9698661954208
9698695243808
9698728532808
9698761822908
9698795111008
9698828400208
9698861695408
9698894978908
9698928272808
9698961556208
9698994844208
9699028140508
9699061424008
9699094711308
9699128001308
9699161290008
9699194578808
9699227868108
9699261178408
9699294445408
9699327735008
9699361027908
9699394312508
9699427628908
9699460897008
9699494184008
9699527469508
9699560764608
9699594048908
9699627335108
9699660625608
9699693914808
9699727202708
9699760492508
9699793783208
9699827069708
9699860359808
9699893671508
9699926936708
9699960226708
9699993521808
9700026804008
9700060093808
9700093382808
9700126670708
9700159960608
9700193250008
9700226563308
9700259826908
9700293116608
9700326411808
9700359693908
9700392983908
9700426328108
9700459560908
9700492851108
9700526146808
9700559427708
9700592718208
9700626006508
9700659295308
9700692585308
9700725873708
9700759162108
9700792451808
9700825741108
9700859064408
9700892318708
9700925608108
9700958905108
9700992185108
9701025475408
9701058764308
9701092052408
9701125342608
9701158631008
9701191919408
9701225209508
9701258497608
9701291790708
9701325081008
9701358364908
9701391662408
9701424942908
9701458232808
9701491523608
9701524811208
9701558098908
9701591389008
9701624676508
9701657966408
9701691256408
9701724543808
9701757833408
9701791122308
9701824416708
9701857700708
9701891010408
9701924283908
9701957567508
9701990856608
9702024144808
9702057471908
9702090723908
9702124012108
9702157301408
9702190590908
9702223879808
9702257172108
9702290457508
9702323747708
9702357040808
9702390324608
9702423613608
9702456908508
9702490191808
9702523481508
9702556769008
9702590058808
9702623347408
9702656636408
9702689926708
9702723215408
9702756503608
9702789799608
9702823082008
9702856371508
9702889667708
9702922949108
9702956239508
9702989526108
9703022816008
9703056136608
9703089393208
9703122683508
9703155974008
9703189260408
9703222554608
9703255838308
9703289127608
9703322425008
9703355706108
9703388994908
9703422290408
9703455573408
9703488861508
9703522151108
9703555440408
9703588730508
9703622017108
9703655307708
9703688608608
9703721884308
9703755180208
9703788463508
9703821751908
9703855048008
9703888329508
9703921618808
9703954908708
9703988197708
9704021485808
9704054775608
9704088064608
9704121353008
9704154643308
9704187936208
9704221220808
9704254508908
9704287804608
9704321088908
9704354375808
9704387674808
9704420956408
9704454243108
9704487533008
9704520842708
9704554110008
9704587400008
9704620688608
9704653977408
9704687295308
9704720561508
9704753844608
9704787134208
9704820429008
9704853712308
9704886999908
9704920290308
9704953580108
9704986867208
9705020157208
9705053446208
9705086734508
9705120024208
9705153318208
9705186601808
9705219891308
9705253185708
9705286468808
9705319758708
9705353053608
9705386337108
9705419625108
9705452914808
9705486223608
9705519491308
9705552781008
9705586072108
9705619358508
9705652648608
9705685942708
9705719226108
9705752515608
9705785811308
9705819092708
9705852383108
9705885670808
9705918959708
9705952250608
9705985538708
9706018826708
9706052117108
9706085406008
9706118699108
9706151986208
9706185272708
9706218568908
9706251850208
9706285139708
9706318435608
9706351717208
9706385006908
9706418296408
9706451584108
9706484874008
9706518162008
9706551451108
9706584742208
9706618029908
9706651323908
9706684608008
9706717897008
9706751191708
9706784475708
9706817764008
9706851053408
9706884341608
9706917631408
9706950920808
9706984208308
9707017498208
9707050786908
9707084079408
9707117365508
9707150678708
9707183948508
9707217232308
9707250520908
9707283812508
9707317134408
9707350388408
9707383676708
9707416966308
9707450255408
9707483544308
9707516832908
9707550122608
9707583413008
9707616707208
9707649989708
9707683278308
9707716573108
9707749856408
9707783146308
9707816434008
9707849723508
9707883012308
9707916300908
9707949590908
9707982879308
9708016168008
9708049462508
9708082746308
9708116036108
9708149329308
9708182614008
9708215903808
9708249194108
9708282480808
9708315827108
9708349058208
9708382348008
9708415636808
9708448925208
9708482214908
9708515503708
9708548792208
9708582089508
9708615371408
9708648662508
9708681955008
9708715238208
9708748526508
9708781826308
9708815104808
9708848394708
9708881682508
9708914972508
9708948269608
9708981549708
9709014843008
9709048128308
9709081416408
9709114712308
9709147994308
9709181284008
9709214579808
9709247862308
9709281150608
9709314440508
9709347729308
9709381018508
9709414308408
9709447596408
9709480886908
9709514173608
9709547469208
9709580752708
9709614040508
9709647336608
9709680620508
9709713908208
9709747197808
9709780507708
9709813775108
9709847065208
9709880353608
9709913642208
9709946970508
9709980225108
9710013509108
9710046798708
9710080094108
9710113377308
9710146667308
9710179961408
9710213246808
9710246532408
9710279821908
9710313111108
9710346399208
9710379689408
9710412979508
9710446266108
9710479556308
9710512850408
9710546133108
9710579423208
9710612718608
9710646000208
9710679290008
9710712579408
9710745884008
9710779156008
9710812445908
9710845736208
9710879023608
9710912313208
9710945637708
9710978890308
9711012180408
9711045475708
9711078757608
9711112047308
9711145341608
9711178624808
9711211915108
9711245203608
9711278491508
9711311781608
9711345070608
9711378388208
9711411657408
9711444937408
9711478232908
9711511514908
9711544804508
9711578104608
9711611381608
9711644672108
9711677960708
9711711248808
9711744538908
9711777827108
9711811116008
9711844407408
9711877694308
9711910987108
9711944272608
9711977562308
9712010856208
9712044140408
9712077428708
9712110724608
9712144006108
9712177295808
9712210585608
9712243873208
9712277162908
9712310451908
9712343739908
9712377030308
9712410340408
9712443612908
9712476896908
9712510185708
9712543480208
9712576800908
9712610053008
9712643342408
9712676631108
9712709920108
9712743210608
9712776497308
9712809787208
9712843076708
9712876368308
9712909658008
9712942944508
9712976237708
9713009521408
9713042810408
9713076104708
9713109390208
9713142677508
9713175965808
9713209255708
9713242544908
9713275832808
9713309122708
9713342411608
9713375701108
9713408994308
9713442278808
9713475568608
9713508861808
9713542145608
9713575490908
9713608722808
9713642012808
9713675304708
9713708589708
9713741879808
9713775168008
9713808456908
9713841752208
9713875035708
9713908324308
9713941619208
9713974902108
9714008191008
9714041493208
9714074770008
9714108059408
9714141347108
9714174637008
9714207938908
9714241214408
9714274504308
9714307793008
9714341081308
9714374377108
9714407662208
9714440948608
9714474244908
9714507527208
9714540815408
9714574105208
9714607393908
9714640682408
9714673972808
9714707261108
9714740550508
9714773838308
9714807132508
9714840418608
9714873705908
9714907000908
9714940284308
9714973572708
9715006868108
9715040173308
9715073439608
9715106729608
9715140018408
9715173306708
9715206636008
9715239885408
9715273173708
9715306463508
9715339757908
9715373041808
9715406329908
9715439626408
9715472909408
9715506196808
9715539487008
9715572776908
9715606063808
9715639353608
9715672643208
9715705930908
9715739220908
9715772513308
9715805797908
9715839087708
9715872382908
9715905682208
9715938954808
9715972250108
9716005534908
9716038821208
9716072111108
9716105400608
9716138688108
9716171978308
9716205301608
9716238555108
9716271844908
9716305141308
9716338421808
9716371712808
9716405006908
9716438289508
9716471580008
9716504867908
9716538156208
9716571446308
9716604735108
9716638048908
9716671321808
9716704602308
9716737896408
9716771179308
9716804469108
9716837771908
9716871046608
9716904336308
9716937632008
9716970913708
9717004203808
9717037491608
9717070780608
9717104071408
9717137359208
9717170648008
9717203937208
9717237226508
9717270521308
9717303805408
9717337093408
9717370389308
9717403671108
9717436960408
9717470250708
9717503537908
9717536827408
9717570116708
9717603405108
9717636708208
9717670011608
9717703276208
9717736561708
9717769850408
9717803145108
9717836449508
9717869717708
9717903013108
9717936295708
9717969585008
9718002874008
9718036162108
9718069452108
9718102742108
9718136029208
9718169319508
9718202607908
9718235901808
9718269186108
9718302475608
9718335769708
9718369053508
9718402341908
9718435630708
9718468920008
9718502209308
9718535497108
9718568787108
9718602076008
9718635365608
9718668657108
9718701943008
9718735233308
9718768526208
9718801810608
9718835132808
9718868394008
9718901679208
9718934967108
9718968254808
9719001544308
9719034832708
9719068121508
9719101412508
9719134718108
9719167989008
9719201283808
9719234567508
9719267856608
9719301161608
9719334434308
9719367725108
9719401011808
9719434301408
9719467606708
9719500879208
9719534168708
9719567458708
9719600745908
9719634039808
9719667324008
9719700613008
9719733910008
9719767192108
9719800479908
9719833775408
9719867059008
9719900347808
9719933637908
9719966925808
9720000215108
9720033503508
9720066792908
9720100082808
9720133370508
9720166665508
9720199949308
9720233237408
9720266533108
9720299838008
9720333104208
9720366394408
9720399686808
9720432971308
9720466305808
9720499550508
9720532838308
9720566128508
9720599420608
9720632706608
9720665994208
9720699290308
9720732574608
9720765861808
9720799157608
9720832442008
9720865733508
9720899018708
9720932307108
9720965595608
9720998885608
9721032174308
9721065462808
9721098760108
9721132047008
9721165329808
9721198618808
9721231914808
9721265204208
9721298485708
9721331775708
9721365065708
9721398352808
9721431642408
9721464931608
9721498220008
9721531509908
9721564804708
9721598087008
9721631377008
9721664671008
9721697954308
9721731244508
9721764539408
9721797821108
9721831111008
9721864399608
9721897722108
9721930991408
9721964267308
9721997557308
9722030844208
9722064134008
9722097442508
9722130710908
9722164001208
9722197296608
9722230578608
9722263868208
9722297156408
9722330445408
9722363736308
9722397023708
9722430312508
9722463602108
9722496890808
9722530212708
9722563469708
9722596758208
9722630055508
9722663335608
9722696625608
9722729921008
9722763202308
9722796492508
9722829782808
9722863069808
9722896359608
9722929647208
9722962936608
9722996226508
9723029515308
9723062809608
9723096120508
9723129382408
9723162677508
9723195960308
9723229249908
9723262538608
9723295826708
9723329116508
9723362406908
9723395714108
9723428983808
9723462272408
9723495564408
9723528851008
9723562140608
9723595433808
9723628718408
9723662006608
9723695301608
9723728586808
9723761873908
9723795162508
9723828452008
9723861740708
9723895030508
9723928318608
9723961608008
9723994897808
9724028190908
9724061475008
9724094805108
9724128058608
9724161342408
9724194631908
9724227919808
9724261209208
9724294497608
9724327786508
9724361076908
9724394365408
9724427653708
9724460946908
9724494232508
9724527520308
9724560830808
9724594099308
9724627393008
9724660686108
9724693966208
9724727277008
9724760543708
9724793833508
9724827122508
9724860410608
9724893713608
9724926988908
9724960277608
9724993577408
9725026856808
9725060144908
9725093440708
9725126723308
9725160012108
9725193302508
9725226591208
9725259880008
9725293168208
9725326457808
9725359747208
9725393035008
9725426328608
9725459613408
9725492902208
9725526197708
9725559479908
9725592769008
9725626065808
9725659347508
9725692636308
9725725953108
9725759215408
9725792503508
9725825794108
9725859081708
9725892372208
9725925659008
9725958954808
9725992238208
9726025526508
9726058822208
9726092106008
9726125393608
9726158693308
9726191973308
9726225260708
9726258550508
9726291838808
9726325127508
9726358417508
9726391709708
9726424994508
9726458284208
9726491579108
9726524862708
9726558151008
9726591446708
9726624730708
9726658017508
9726691307608
9726724596208
9726757884508
9726791174608
9726824464608
9726857751908
9726891042008
9726924335608
9726957619008
9726990909508
9727024203708
9727057486008
9727090775608
9727124064808
9727157369408
9727190659308
9727223931508
9727257221508
9727290508908
9727323798508
9727357111508
9727390376108
9727423666208
9727456961508
9727490243308
9727523533308
9727556827608
9727590110208
9727623401108
9727656689108
9727689977708
9727723266608
9727756556008
9727789844108
9727823134708
9727856423108
9727889722008
9727923000508
9727956290308
9727989586108
9728022867508
9728056157008
9728089446408
9728122734408
9728156024308
9728189312008
9728222601408
9728255891408
9728289179908
9728322472008
9728355786208
9728389047308
9728422342008
9728455625208
9728488914408
9728522241408
9728555491808
9728588781408
9728622071708
9728655359008
9728688648608
9728721937208
9728755225608
9728788515408
9728821805008
9728855098508
9728888382808
9728921671408
9728954966108
9728988249708
9729021538908
9729054826808
9729088116608
9729121405608
9729154695108
9729187982408
9729221272908
9729254562508
9729287853508
9729321139308
9729354460708
9729387725808
9729421007008
9729454296308
9729487590208
9729520874208
9729554162208
9729587450908
9729620747508
9729654030008
9729687318508
9729720607608
9729753896908
9729787185308
9729820498408
9729853764308
9729887054408
9729920347308
9729953631308
9729986941908
9730020208508
9730053498308
9730086787508
9730120075208
9730153365608
9730186653608
9730219942808
9730253237208
9730286521408
9730319811108
9730353105008
9730386388208
9730419677108
9730452973408
9730486255408
9730519544508
9730552832508
9730586122608
9730619412308
9730652699508
9730685989608
9730719278508
9730752566908
9730785862508
9730819144908
9730852433408
9730885730508
9730919012708
9730952300908
9730985627108
9731018879908
9731052167908
9731085458008
9731118770008
9731152036108
9731185323808
9731218617908
9731251903908
9731285191108
9731318486708
9731351769708
9731385058408
9731418354608
9731451637108
9731484925208
9731518215108
9731551503408
9731584792508
9731618083808
9731651370808
9731684659708
9731717949108
9731751243708
