9395365717008
9395399000608
9395432289608
9395465577908
9395498867908
9395532155808
9395565445608
9395598734908
9395632023408
9395665312308
9395698603908
9395731891008
9395765179108
9395798476208
9395831758008
9395865047108
9395898341008
9395931625308
9395964914708
9395998202308
9396031491808
9396064780908
9396098079608
9396131359208
9396164669608
9396197936408
9396231233008
9396264514508
9396297803408
9396331121308
9396364382608
9396397670708
9396430960008
9396464248608
9396497538308
9396530826108
9396564116008
9396597406508
9396630693608
9396663985208
9396697271808
9396730560808
9396763856108
9396797139308
9396830427708
9396863724008
9396897005908
9396930294708
9396963584408
9396996873408
9397030161708
9397063451908
9397096740308
9397130045308
9397163317608
9397196613708
9397229897308
9397263185008
9397296480408
9397329763708
9397363052608
9397396341408
9397429631908
9397462919108
9397496209008
9397529497508
9397562786108
9397596076808
9397629366508
9397662653308
9397695943208
9397729237608
9397762520908
9397795831208
9397829105208
9397862389008
9397895676108
9397928966508
9397962275608
9397995543408
9398028832808
9398062123008
9398095409808
9398128700608
9398161994108
9398195278008
9398228568208
9398261862108
9398295144508
9398328434208
9398361723208
9398395041508
9398428301908
9398461589908
9398494879508
9398528167908
9398561457608
9398594749008
9398628037808
9398661324608
9398694619608
9398727902008
9398761191608
9398794486208
9398827768708
9398861058508
9398894347308
9398927636408
9398960959008
9398994215108
9399027503008
9399060793808
9399094081708
9399127377308
9399160658408
9399193948808
9399227244708
9399260526508
9399293815808
9399327104608
9399360393308
9399393682808
9399426995608
9399460259908
9399493550108
9399526839208
9399560128808
9399593441508
9399626705808
9399660000608
9399693283708
9399726573208
9399759899608
9399793149908
9399826440608
9399859730308
9399893017208
9399926307208
9399959595908
9399992884808
9400026174308
9400059463708
9400092757108
9400126043608
9400159330008
9400192624308
9400225908508
9400259197508
9400292485508
9400325775508
9400359064608
9400392353808
9400425641408
9400458931608
9400492221408
9400525510208
9400558798308
9400592144308
9400625381708
9400658666008
9400691956108
9400725249008
9400758532608
9400791820908
9400825109708
9400858400408
9400891689108
9400924977208
9400958266708
9400991555608
9401024845008
9401058149408
9401091422808
9401124713208
9401158005408
9401191289908
9401224595208
9401257867308
9401291156708
9401324447008
9401357733808
9401391027808
9401424312308
9401457601308
9401490894208
9401524179808
9401557468208
9401590763508
9401624047108
9401657335608
9401690632708
9401723914308
9401757203408
9401790491508
9401823781408
9401857070608
9401890358408
9401923648208
9401956937008
9401990225708
9402023521108
9402056803708
9402090092808
9402123388508
9402156670808
9402189959608
9402223306008
9402256538508
9402289826808
9402323117708
9402356405108
9402389694808
9402422982808
9402456274108
9402489562708
9402522850108
9402556145108
9402589428608
9402622717108
9402656012808
9402689297908
9402722583908
9402755874008
9402789162008
9402822451208
9402855749108
9402889048708
9402922318608
9402955607908
9402988902508
9403022186208
9403055473808
9403088770008
9403122053908
9403155341308
9403188634508
9403221919708
9403255208508
9403288498108
9403321787408
9403355075408
9403388365408
9403421654708
9403454942908
9403488233008
9403521527208
9403554809508
9403588099408
9403621393708
9403654685808
9403687965208
9403721255308
9403754545408
9403787832808
9403821122408
9403854439208
9403887699708
9403920989708
9403954284708
9403987566908
9404020856308
9404054151008
9404087434208
9404120724808
9404154016108
9404187302408
9404220590508
9404253879908
9404287168808
9404320457508
9404353746808
9404387039008
9404420323708
9404453613608
9404486909308
9404520191008
9404553480708
9404586777308
9404620061908
9404653348108
9404686636008
9404719925608
9404753215008
9404786503708
9404819791808
9404853081908
9404886370908
9404919665408
9404952949908
9404986238208
9405019533108
9405052814908
9405086105108
9405119401508
9405152682108
9405185972408
9405219260708
9405252549508
9405285839308
9405319155608
9405352417408
9405385706508
9405418995208
9405452289508
9405485609608
9405518862808
9405552157008
9405585440208
9405618729508
9405652018808
9405685306908
9405718596608
9405751886408
9405785173508
9405818463308
9405851752408
9405885045808
9405918330708
9405951620108
9405984913408
9406018197508
9406051487008
9406084775108
9406118067608
9406151353708
9406184642008
9406217931608
9406251220608
9406284509908
9406317798408
9406351087808
9406384377808
9406417670508
9406450955008
9406484277508
9406517538308
9406550822108
9406584111408
9406617399208
9406650689108
9406683977208
9406717266508
9406750556808
9406783845308
9406817133208
9406850428408
9406883711908
9406917000408
9406950316008
9406983579408
9407016869108
9407050156508
9407083446308
9407116762008
9407150023408
9407183313108
9407216602108
9407249890808
9407283181308
9407316468708
9407349757908
9407383053908
9407416335808
9407449624608
9407482920208
9407516203208
9407549492608
9407582782108
9407616090908
9407649360908
9407682647508
9407715937508
9407749226708
9407782514808
9407815809508
9407849095508
9407882381808
9407915677508
9407948959808
9407982248908
9408015541908
9408048827708
9408082116008
9408115444708
9408148694908
9408181983008
9408215273908
9408248562708
9408281850908
9408315138908
9408348434408
9408381718508
9408415005808
9408448302108
9408481584508
9408514873008
9408548162708
9408581465508
9408614740808
9408648030308
9408681318908
9408714607708
9408747915408
9408781191108
9408814474608
9408847764408
9408881077608
9408914342508
9408947630108
9408980926608
9409014210408
9409047497908
9409080787608
9409114087708
9409147364708
9409180654608
9409213945408
9409247231608
9409280521608
9409313816108
9409347098908
9409380388908
9409413683708
9409446966408
9409480255308
9409513544608
9409546849908
9409580121608
9409613411308
9409646701708
9409679988608
9409713278608
9409746622308
9409779856208
9409813145708
9409846440808
9409879723008
9409913012708
9409946304508
9409979589808
9410012881208
9410046169108
9410079457308
9410112746708
9410146035908
9410179354208
9410212617108
9410245903108
9410279200008
9410312480508
9410345769808
9410379086908
9410412347508
9410445637208
9410478926208
9410512214508
9410545504308
9410578792508
9410612081608
9410645375708
9410678660208
9410711953508
9410745238308
9410778527408
9410811851408
9410845105608
9410878394308
9410911692008
9410944971608
9410978261608
9411011550708
9411044838508
9411078128808
9411111418608
9411144705808
9411177995508
9411211283608
9411244578408
9411277862708
9411311151208
9411344445808
9411377754908
9411411018908
9411444306808
9411477596008
9411510886008
9411544175008
9411577462708
9411610752708
9411644042808
9411677334008
9411710619808
9411743908508
9411777202808
9411810486908
9411843775508
9411877067308
9411910354008
9411943642608
9411976931408
9412010222708
9412043510008
9412076798208
9412110111308
9412143377208
9412176666108
9412209959908
9412243244508
9412276534508
9412309827308
9412343111308
9412376400208
9412409688408
9412442978408
9412476267608
9412509555908
9412542845408
9412576133308
9412609422708
9412642718308
9412676001908
9412709289508
9412742585408
9412775868508
9412809156608
9412842474108
9412875735508
9412909025808
9412942312608
9412975602808
9413008927508
9413042179808
9413075469608
9413108758808
9413142046908
9413175342608
9413208625108
9413241914008
9413275211008
9413308492608
9413341780808
9413375070608
9413408359908
9413441648308
9413474937708
9413508226808
9413541516108
9413574804108
9413608101608
9413641382508
9413674671108
9413707967008
9413741249408
9413774538308
9413807834208
9413841117708
9413874405308
9413907695608
9413940984008
9413974272308
9414007561708
9414040851008
9414074139108
9414107430608
9414140723708
9414174008408
9414207295208
9414240591108
9414273874608
9414307162308
9414340452208
9414373742608
9414407029408
9414440319308
9414473627908
9414506896608
9414540186808
9414573479408
9414606763708
9414640081508
9414673348508
9414706630608
9414739920708
9414773215608
9414806500108
9414839787008
9414873076708
9414906366708
9414939653608
9414972944208
9415006231908
9415039520808
9415072810608
9415106129908
9415139387808
9415172677808
9415205972808
9415239255208
9415272545008
9415305834308
9415339125508
9415372411708
9415405700608
9415439014508
9415472277708
9415505567508
9415538863208
9415572149008
9415605435108
9415638761508
9415672012208
9415705302508
9415738598008
9415771879308
9415805169108
9415838457108
9415871746108
9415905037408
9415938324508
9415971613508
9416004903208
9416038192108
9416071515908
9416104781108
9416138059008
9416171356708
9416204636408
9416237926408
9416271233608
9416304503608
9416337793508
9416371082508
9416404370608
9416437660608
9416470948608
9416504241408
9416537528508
9416570816708
9416604110508
9416637394608
9416670683608
9416703978408
9416737262208
9416770550908
9416803839808
9416837141408
9416870417808
9416903707308
9416936995108
9416970284708
9417003573608
9417036867708
9417070151908
9417103439608
9417136735308
9417170019208
9417203307408
9417236596608
9417269935808
9417303175108
9417336464108
9417369753108
9417403041908
9417436332108
9417469623108
9417502909208
9417536198008
9417569491908
9417602775908
9417636066308
9417669359708
9417702644508
9417735933408
9417769220508
9417802509708
9417835798808
9417869087308
9417902387508
9417935665908
9417968954708
9418002251108
9418035532608
9418068822608
9418102116608
9418135399808
9418168690208
9418201977308
9418235266908
9418268556708
9418301844808
9418335150808
9418368425008
9418401711908
9418435005908
9418468289508
9418501579008
9418534875808
9418568162608
9418601445908
9418634742008
9418668024608
9418701313108
9418734601508
9418767892108
9418801181808
9418834469108
9418867758808
9418901074008
9418934336008
9418967631708
9419000914408
9419034203408
9419067499208
9419100781208
9419134069808
9419167361208
9419200649308
9419233937508
9419267227208
9419300515908
9419333804508
9419367094008
9419400387108
9419433672508
9419466960408
9419500256208
9419533548608
9419566827708
9419600123308
9419633406008
9419666694508
9419699984708
9419733272508
9419766561708
9419799851508
9419833140308
9419866428608
9419899718408
9419933013108
9419966295808
9419999586108
9420032880808
9420066166708
9420099451708
9420132741108
9420166031408
9420199318708
9420232608408
9420265897108
9420299186108
9420332475608
9420365789008
9420399053008
9420432342908
9420465636908
9420498920208
9420532244708
9420565505208
9420598800608
9420632076808
9420665365808
9420698656308
9420731942508
9420765232808
9420798522008
9420831810308
9420865100208
9420898396608
9420931677008
9420964967308
9420998263008
9421031544508
9421064834008
9421098122908
9421131411508
9421164701208
9421197989808
9421231278408
9421264568108
9421297857108
9421331196508
9421364434308
9421397724508
9421431020708
9421464301208
9421497591308
9421530919508
9421564181508
9421597458408
9421630751808
9421664035508
9421697325308
9421730613308
9421763902708
9421797193508
9421830481508
9421863775408
9421897059808
9421930348008
9421963675308
9421996944808
9422030216008
9422063506708
9422096793208
9422130082708
9422163397008
9422196660208
9422229949808
9422263238708
9422296530508
9422329816708
9422363105308
9422396399608
9422429685108
9422462972908
9422496267208
9422529550608
9422562840008
9422596128108
9422629418608
9422662707108
9422695996308
9422729283708
9422762573808
9422795863708
9422829160008
9422862441108
9422895730008
9422929025108
9422962308208
9422995596208
9423028885708
9423062175108
9423095464008
9423128752608
9423162076008
9423195331608
9423228619808
9423261913408
9423295203208
9423328487508
9423361781008
9423395065008
9423428355308
9423461648908
9423494934408
9423528220608
9423561509708
9423594799908
9423628098308
9423661376708
9423694666408
9423727955208
9423761243908
9423794553408
9423827822908
9423861110908
9423894409208
9423927689308
9423960979308
9423994266508
9424027557108
9424060846208
9424094133808
9424127423908
9424160713808
9424194001108
9424227294108
9424260580408
9424293868508
9424327163508
9424360447008
9424393735108
9424427031908
9424460314308
9424493602508
9424526892208
9424560184408
9424593470508
9424626758208
9424660047908
9424693338308
9424726625108
9424759920808
9424793254608
9424826492408
9424859788308
9424893071008
9424926359308
9424959649808
9424992937908
9425026226808
9425059516908
9425092805208
9425126093608
9425159383608
9425192675008
9425225960608
9425259250608
9425292545408
9425325828908
9425359116708
9425392413008
9425425709808
9425458983808
9425492273808
9425525562608
9425558850908
9425592141008
9425625428608
9425658718108
9425692008108
9425725301708
9425758585108
9425791874808
9425825169908
9425858459408
9425891742908
9425925031108
9425958320308
9425991607708
9426024898008
9426058190508
9426091475308
9426124764908
9426158057708
9426191342308
9426224631808
9426257947408
9426291209408
9426324498708
9426357794108
9426391076108
9426424389108
9426457655308
9426490943508
9426524233208
9426557522108
9426590811008
9426624099108
9426657389308
9426690686108
9426723966508
9426757256208
9426790551108
9426823833408
9426857123008
9426890412008
9426923700908
9426956990708
9426990279608
9427023567508
9427056862908
9427090146608
9427123467208
9427156724408
9427190013408
9427223309208
9427256590508
9427289880808
9427323176508
9427356457808
9427389747508
9427423038208
9427456324808
9427489615208
9427522904308
9427556210108
9427589481508
9427622769908
9427656064508
9427689349908
9427722637908
9427755932408
9427789221408
9427822504608
9427855794008
9427889104108
9427922372108
9427955662208
9427988948908
9428022239408
9428055566908
9428088819208
9428122106008
9428155395008
9428188688608
9428221973408
9428255261108
9428288556308
9428321842808
9428355129308
9428388417708
9428421707108
9428454996208
9428488284808
9428521574108
9428554863308
9428588152508
9428621446308
9428654730508
9428688019608
9428721313108
9428754597708
9428787886308
9428821174608
9428854464508
9428887752508
9428921041608
9428954331808
9428987620308
9429020909008
9429054238508
9429087487208
9429120775708
9429154078108
9429187354808
9429220643908
9429253938208
9429287221808
9429320511808
9429353799108
9429387088908
9429420377908
9429453666008
9429486955808
9429520263808
9429553533208
9429586829308
9429620111408
9429653400108
9429686716108
9429719979408
9429753267708
9429786556908
9429819845708
9429853135508
9429886423208
9429919713308
9429953003308
9429986290308
9430019582608
9430052869308
9430086157308
9430119452608
9430152736708
9430186024608
9430219320508
9430252602408
9430285891908
9430319185208
9430352470908
9430385758708
9430419048108
9430452337208
9430485626808
9430518914308
9430552210208
9430585493908
9430618781708
9430652077508
9430685394808
9430718649008
9430751939008
9430785228508
9430818515908
9430851805508
9430885093708
9430918382808
9430951674108
9430984964208
9431018250108
9431051539408
9431084834408
9431118118008
9431151417308
9431184701708
9431217988008
9431251273308
9431284562808
9431317876508
9431351140308
9431384429808
9431417719008
9431451006908
9431484297008
9431517590708
9431550874308
9431584164908
9431617458608
9431650741008
9431684031108
9431717319908
9431750623708
9431783899108
9431817187308
9431850476308
9431883764208
9431917054108
9431950347008
9431983631508
9432016921008
9432050235508
9432083498708
9432116788408
9432150083308
9432183365808
9432216655308
9432249943808
9432283232508
9432316556008
9432349811508
9432383099808
9432416389708
9432449678308
9432482973808
9432516255908
9432549545608
9432582841608
9432616122908
9432649412808
9432682701608
9432715990008
9432749279708
9432782569908
9432815857108
9432849146608
9432882435708
9432915725908
9432949028108
9432982302508
9433015597608
9433048880808
9433082170508
9433115496708
9433148747008
9433182037008
9433215327008
9433248614208
9433281904208
9433315193108
9433348481108
9433381771308
9433415060908
9433448353708
9433481638308
9433514926308
9433548224908
9433581506108
9433614794308
9433648082508
9433681372108
9433714661108
9433747950608
9433781275908
9433814528508
9433847818108
9433881107708
9433914395308
9433947724908
9433980978208
9434014262608
9434047552208
9434080846208
9434114129508
9434147417608
9434180707208
9434213997608
9434247299108
9434280574108
9434313863108
9434347152208
9434380441108
9434413737108
9434447019508
9434480308808
9434513602508
9434546886608
9434580175308
9434613463808
9434646753808
9434680042408
9434713331108
9434746620708
9434779908808
9434813198108
9434846490508
9434879776808
9434913065108
9434946360708
9434979644008
9435012932408
9435046229608
9435079511108
9435112800308
9435146088008
9435179377808
9435212667508
9435245955608
9435279244908
9435312533908
9435345822508
9435379118108
9435412422208
9435445689708
9435478985308
9435512267808
9435545556708
9435578878708
9435612135308
9435645423708
9435678713408
9435712002608
9435745293408
9435778579508
9435811871208
9435845159308
9435878446808
9435911742108
9435945025608
9435978313808
9436011609708
9436044892608
9436078180608
9436111470308
9436144761008
9436178047608
9436211337808
9436244626308
9436277914908
9436311204308
9436344499308
9436377781908
9436411070708
9436444366408
9436477650608
9436510937808
9436544228308
9436577516608
9436610805208
9436644094908
9436677384308
9436710671708
9436743961908
9436777252308
9436810539308
9436843829708
9436877123808
9436910406308
9436943695608
9436976990608
9437010277708
9437043578908
9437076852308
9437110142208
9437143429308
9437176719008
9437210036908
9437243296408
9437276586108
9437309882008
9437343163508
9437376453208
9437409746808
9437443030808
9437476321208
9437509609508
9437542897908
9437576187308
9437609476708
9437642787808
9437676055408
9437709343708
9437742635108
9437775920508
9437809210408
9437842506208
9437875787808
9437909077908
9437942373508
9437975654608
9438008944808
9438042232808
9438075521808
9438108811308
9438142100508
9438175389008
9438208710208
9438241967508
9438275262008
9438308545808
9438341835408
9438375130308
9438408411808
9438441701608
9438474994908
9438508278908
9438541569208
9438574857608
9438608145808
9438641435908
9438674731708
9438708015108
9438741303008
9438774591608
9438807886008
9438841190708
9438874459608
9438907753308
9438941036908
9438974342108
9439007615308
9439040903208
9439074193108
9439107483508
9439140770708
9439174060208
9439207349208
9439240643308
9439273927408
9439307217708
9439340510508
9439373794508
9439407083408
9439440371508
9439473661708
9439506950708
9439540239008
9439573528508
9439606817708
9439640106708
9439673396508
9439706684308
9439739974708
9439773267608
9439806551808
9439839863208
9439873135708
9439906419108
9439939708008
9439972996108
9440006285908
9440039574308
9440072863008
9440106153808
9440139442608
9440172730108
9440206027108
9440239312608
9440272598308
9440305892508
9440339176008
9440372466308
9440405753308
9440439043108
9440472358908
9440505620108
9440538910008
9440572200608
9440605487408
9440638778108
9440672065508
9440705354308
9440738650608
9440771933108
9440805221708
9440838517308
9440871800408
9440905088408
9440938378908
9440971667508
9441004956408
9441038244308
9441071534108
9441104824308
9441138111608
9441171407208
9441204690508
9441237978508
9441271274308
9441304578408
9441337845808
9441371139508
9441404424308
9441437712908
9441471044208
9441504292108
9441537580008
9441570869308
9441604160108
9441637448108
9441670735708
9441704031408
9441737319108
9441770602708
9441803898808
9441837181508
9441870470108
9441903760008
9441937048808
9441970336808
9442003626808
9442036915408
9442070203908
9442103493708
9442136788408
9442170071508
9442203360908
9442236655208
9442269943908
9442303226808
9442336517008
9442369806708
9442403094308
9442436384208
9442469673108
9442502961208
9442536251608
9442569542908
9442602828508
9442636118308
9442669412508
9442702695708
9442735986208
9442769280608
9442802562808
9442835852308
9442869141308
9442902447908
9442935741408
9442969008208
9443002298508
9443035586008
9443068875508
9443102202308
9443135452808
9443168742708
9443202038008
9443235323208
9443268609808
9443301897808
9443335187308
9443368477608
9443401765708
9443435054008
9443468348108
9443501632808
9443534923608
9443568210908
9443601499608
9443634795608
9443668076908
9443701366908
9443734663808
9443767943708
9443801234308
9443834523608
9443867811108
9443901100808
9443934388908
9443967678208
9444000968108
9444034256608
9444067550608
9444100868508
9444134124108
9444167418308
9444200703608
9444233991308
9444267283708
9444300568608
9444333858308
9444367148108
9444400435508
9444433725208
9444467014208
9444500303308
9444533592508
9444566895408
9444600175308
9444633459608
9444666748108
9444700043008
9444733357708
9444766615508
9444799904008
9444833193108
9444866482608
9444899771908
9444933060208
9444966349008
9444999639808
9445032932208
9445066216808
9445099505308
9445132799708
9445166083808
9445199373308
9445232660908
9445265950808
9445299239508
9445332528508
9445365818608
9445399107108
9445432395108
9445465686308
9445498974008
9445532263308
9445565556508
9445598841008
9445632131308
9445665424208
9445698708008
9445732027208
9445765285008
9445798575508
9445831864208
9445865152308
9445898442208
9445931730508
9445965019508
9445998318908
9446031597808
9446064886508
9446098181908
9446131464708
9446164753608
9446198054608
9446231342308
9446264621508
9446297909208
9446331199308
9446364500408
9446397777008
9446431067008
9446464355308
9446497643408
9446530938908
9446564221408
9446597511208
9446630806708
9446664089608
9446697378008
9446730667408
9446763956508
9446797246008
9446830535308
9446863823608
9446897113908
9446930400708
9446963695908
9446996979808
9447030267808
9447063563408
9447096848308
9447130135008
9447163431008
9447196712808
9447230002208
9447263292308
9447296580708
9447329869108
9447363186008
9447396449408
9447429736208
9447463026408
9447496323808
9447529603808
9447562891708
9447596188108
9447629471808
9447662759208
9447696048908
9447729344808
9447762626408
9447795916408
9447829205608
9447862493208
9447895783108
9447929077008
9447962360408
9447995655508
9448028945108
9448062227908
9448095517008
9448128812908
9448162109708
9448195383408
9448228673308
9448261963708
9448295250808
9448328540608
9448361829708
9448395117808
9448428407408
9448461704108
9448494984808
9448528274908
9448561568808
9448594851908
9448628142008
9448661430108
9448694718508
9448728008708
9448761297508
9448794612108
9448827897108
9448861165108
9448894460908
9448927741908
9448961031908
9448994360508
9449027609108
9449060898908
9449094194908
9449127476208
9449160765608
9449194054508
9449227346408
9449260634008
9449293921808
9449327211208
9449360500208
9449393788808
9449427112508
9449460367508
9449493656008
9449526951808
9449560233208
9449593523408
9449626812308
9449660100708
9449693390308
9449726679508
9449759967208
9449793257508
9449826545108
9449859839808
9449893124608
9449926412608
9449959707408
9449992990908
9450026280408
9450059607808
9450092859308
9450126147708
9450159437908
9450192724508
9450226014308
9450259304108
9450292592108
9450325881708
9450359171908
9450392464308
9450425748508
9450459057908
9450492332308
9450525615908
9450558904408
9450592193408
9450625515308
9450658772308
9450692060208
9450725366708
9450758638808
9450791928208
9450825220808
9450858505908
9450891795808
9450925088908
9450958376508
9450991661908
9451024953908
9451058240008
9451091529508
9451124817208
9451158107308
9451191395708
9451224684408
9451257975508
9451291263108
9451324551408
9451357847108
9451391130408
9451424419508
9451457713308
9451490997408
9451524287508
9451557574608
9451590864408
9451624203008
9451657441808
9451690731508
9451724021508
9451757308708
9451790603608
9451823886808
9451857175908
9451890472708
9451923754008
9451957042508
9451990339008
9452023621108
9452056909608
9452090215208
9452123488808
9452156778008
9452190065608
9452223355908
9452256664808
9452289933008
9452323228808
9452356511508
9452389800208
9452423095708
9452456380808
9452489666908
9452522958608
9452556245708
9452589534108
9452622823608
9452656113008
9452689401408
9452722691908
9452755984008
9452789269208
9452822557708
9452855853008
9452889136308
9452922424408
9452955720108
9452989004608
9453022291408
9453055581108
9453088869408
9453122158808
9453155447808
9453188736908
9453222025408
9453255347608
9453288609608
9453321893008
9453355182208
9453388477208
9453421761508
9453455048408
9453488338108
9453521627808
9453554915608
9453588205808
9453621495608
9453654782808
9453688072708
9453721366208
9453754649808
9453787939708
9453821233808
9453854516908
9453887813508
9453921101508
9453954386308
9453987673608
9454020962408
9454054272108
9454087539808
9454120830008
9454154120408
9454187406808
9454220696608
9454253990908
9454287273608
9454320563908
9454353860708
9454387140908
9454420430908
9454453719808
9454487008008
9454520299008
9454553586808
9454586875008
9454620164808
9454653454008
9454686776408
9454720053908
9454753321308
9454786617708
9454819898108
9454853188108
9454886518108
9454919765508
9454953054908
9454986344808
9455019631808
9455052922508
9455086210608
9455119499808
9455152790108
9455186078508
9455219375708
9455252656508
9455285945208
9455319240108
9455352523308
9455385812508
9455419101408
9455452389708
9455485679608
9455518968708
9455552256708
9455585547008
9455618835508
9455652128208
9455685413508
9455718701608
9455751998208
9455785280808
9455818568908
9455851866008
9455885147208
9455918436308
9455951724908
9455985015708
9456018303608
9456051592908
9456084880608
9456118170908
9456151460308
9456184753808
9456218037908
9456251326408
9456284621308
9456317905008
9456351215108
9456384482308
9456417772108
9456451060608
9456484349308
9456517689808
9456550928308
9456584217508
9456617519308
9456650795308
9456684085408
9456717378008
9456750662008
9456783951208
9456817242408
9456850529408
9456883819108
9456917106408
9456950396208
9456983685808
9457016973508
9457050263708
9457083552308
9457116840508
9457150136808
9457183428808
9457216707908
9457250004508
9457283286708
9457316575208
9457349863808
9457383153708
9457416443508
9457449730708
9457483020508
9457516341108
9457549597408
9457582891908
9457616177308
9457649465108
9457682760108
9457716043208
9457749332008
9457782629408
9457815910408
9457849199108
9457882488208
9457915777708
9457949066308
9457982369208
9458015645008
9458048935408
9458082221808
9458115518308
9458148821508
9458182089008
9458215385108
9458248667708
9458281956108
9458315246508
9458348534308
9458381823508
9458415114508
9458448405808
9458481690208
9458514980108
9458548273408
9458581557708
9458614847808
9458648142008
9458681425708
9458714713308
9458748009408
9458781293008
9458814580308
9458847870508
9458881158908
9458914447608
9458947737608
9458981025708
9459014314708
9459047604908
9459080898808
9459114181708
9459147498908
9459180767308
9459214049108
9459247338608
9459280627408
9459313916908
9459347204608
9459380494508
9459413784408
9459447072308
9459480361808
9459513654908
9459546938808
9459580229108
9459613525808
9459646806108
9459680095908
9459713390608
9459746673508
9459779972508
9459813251908
9459846561008
9459879829608
9459913119108
9459946411508
9459979696108
9460012986208
9460046281408
9460079563108
9460112853308
9460146149408
9460179430308
9460212719908
9460246010208
9460279297508
9460312587408
9460345875808
9460379164608
9460412454808
9460445743808
9460479034908
9460512321308
9460545610708
9460578933808
9460612187408
9460645477408
9460678773808
9460712054508
9460745344108
9460778676408
9460811921708
9460845211908
9460878500808
9460911788808
9460945078408
9460978366708
9461011661808
9461044946608
9461078234508
9461111529108
9461144812508
9461178101808
9461211390208
9461244679808
9461277968908
9461311258408
9461344545908
9461377836208
9461411124008
9461444439308
9461477702908
9461510991908
9461544285708
9461577570308
9461610858008
9461644153608
9461677438408
9461710726208
9461744014208
9461777303908
9461810592908
9461843881608
9461877172408
9461910460208
9461943749008
9461977043008
9462010327008
9462043617208
9462076910508
9462110194408
9462143483108
9462176771408
9462210061308
9462243371408
9462276638308
9462309928608
9462343217508
9462376505808
9462409835608
9462443084308
9462476372408
9462509669308
9462542951308
9462576240908
9462609534508
9462642818308
9462676108708
9462709395608
9462742685408
9462775974308
9462809262508
9462842552408
9462875842008
9462909129808
9462942425908
9462975708808
9463008996708
9463042293708
9463075575708
9463108864208
9463142153908
9463175446108
9463208732508
9463242019908
9463275309808
9463308599808
9463341887108
9463375182008
9463408500808
9463441754308
9463475049908
9463508333908
9463541621408
9463574917408
9463608199908
9463641488708
9463674778608
9463708067508
9463741355208
9463774644908
9463807934208
9463841222708
9463874527708
9463907807008
9463941091608
9463974378208
9464007674508
9464040985408
9464074245608
9464107535408
9464140824308
9464174113008
9464207402008
9464240690908
9464273979608
9464307270608
9464340561808
9464373846608
9464407136508
9464440434908
9464473716708
9464507004208
9464540299008
9464573581808
9464606869608
9464640159708
9464673450308
9464706737208
9464740026508
9464773315408
9464806604308
9464839893908
9464873187808
9464906471008
9464939761008
9464973055908
9465006337908
9465039684508
9465072917108
9465106205308
9465139495908
9465172784108
9465206073408
9465239360908
9465272651308
9465305945408
9465339228608
9465372518108
9465405812808
9465439095408
9465472385308
9465505685108
9465538962008
9465572252208
9465605540408
9465638829508
9465672131108
9465705408608
9465738696208
9465771986308
9465805275208
9465838598908
9465871852508
9465905142308
9465938442608
9465971719608
9466005009108
9466038298508
9466071586808
9466104876208
9466138166208
9466171453608
9466204743408
9466238032508
9466271324808
9466304611208
9466337899908
9466371194208
9466404484108
9466437766908
9466471062608
9466504343708
9466537633908
9466570924108
9466604210808
9466637500908
9466670821108
9466704078008
9466737367808
9466770657808
9466803950408
9466837235208
9466870522908
9466903818508
9466937103108
9466970390908
9467003679108
9467036969008
9467070258008
9467103546308
9467136836808
9467170125208
9467203414408
9467236705308
9467269992008
9467303282108
9467336610208
9467369859308
9467403147908
9467436442608
9467469726808
9467503014208
9467536303308
9467569593308
9467602882308
9467636170608
9467669459808
9467702749108
9467736037808
9467769334808
9467802616508
9467835906008
9467869199708
9467902483808
9467935773408
9467969060808
9468002350608
9468035640008
9468068927908
9468102217508
9468135541308
9468168795008
9468202087908
9468235373708
9468268661808
9468301984808
9468335240808
9468368529108
9468401825208
9468435107808
9468468396508
9468501684908
9468534974608
9468568264708
9468601552008
9468634842208
9468668130808
9468701419608
9468734714708
9468767998108
9468801286108
9468834582808
9468867864708
9468901153508
9468934443308
9468967732408
9469001020408
9469034309908
9469067599308
9469100888308
9469134175908
9469167469208
9469200756008
9469234043108
9469267339108
9469300622308
9469333910708
9469367206408
9469400490708
9469433777808
9469467067808
9469500356108
9469533644808
9469566935408
9469600223508
9469633512108
9469666801408
9469700096208
9469733379808
9469766685208
9469799963108
9469833248008
9469866534708
9469899824808
9469933141408
9469966402108
9469999691508
9470032982008
9470066269308
9470099558808
9470132849808
9470166136108
9470199426808
9470232720508
9470266003108
9470299292908
9470332587808
9470365882808
9470399160708
9470432449008
9470465737908
9470499026008
9470532316208
9470565605408
9470598893008
9470632183508
9470665478308
9470698760408
9470732049908
9470765344308
9470798627008
9470832099708
9470865206108
9470898510908
9470931841408
9470965073008
9470998361508
9471031651408
9471064940008
9471098233108
9471131517808
9471164807708
9471198103408
9471231384608
9471264674108
9471297969408
9471331251408
9471364541308
9471397843208
9471431119108
9471464408608
9471497697608
9471530985508
9471564289408
9471597564708
9471630858708
9471664142108
9471697431608
9471730755908
9471764009108
9471797298708
9471830592908
9471863876008
9471897165808
9471930454308
9471963743108
9471997033208
9472030322708
9472063612608
9472096900008
9472130188008
9472163482908
9472196767108
9472230056008
9472263350608
9472296634208
9472329922708
9472363212308
9472396503208
9472429790008
9472463080008
9472496367508
9472529657408
9472562967808
9472596239908
9472629524508
9472662813408
9472696107608
9472729391308
9472762679508
9472795968608
9472829259208
9472862547008
9472895835708
9472929125208
9472962414508
9472995703408
9473028994708
9473062281408
9473095571608
9473128864208
9473162148508
9473195439808
9473228732008
9473262017108
9473295305408
9473328592808
9473361883008
9473395170708
9473428460008
9473461749708
9473495038608
9473528326608
9473561624008
9473594905708
9473628194208
9473661491008
9473694773008
9473728062208
9473761349808
9473794639708
9473827929408
9473861217208
9473894510408
9473927795708
9473961083908
9473994376308
9474027684108
9474060951308
9474094247208
9474127530108
9474160818308
9474194146408
9474227397708
9474260685208
9474293975208
9474327263908
9474360553208
9474393841008
9474427131408
9474460420808
9474493708408
9474527004208
9474560287508
9474593575208
9474626871508
9474660154508
9474693442808
9474726732208
9474760020908
9474793309308
9474826599408
9474859888408
9474893176708
9474926466608
9474959757708
9474993044408
9475026332508
9475059628308
9475092912808
9475126199608
9475159499508
9475192778608
9475226066608
9475259356508
9475292646608
9475325933908
9475359223708
9475392531008
9475425800908
9475459092008
9475492385008
9475525667908
9475558957808
9475592252708
9475625544808
9475658843508
9475692113408
9475725404208
9475758691408
9475791980708
9475825300908
9475858558208
9475891847708
9475925140008
9475958425308
9475991715208
9476025009208
9476058292208
9476091583608
9476124877008
9476158159108
9476191449108
9476224738508
9476258027608
9476291316608
9476324605008
9476357896108
9476391182308
9476424472808
9476457767708
9476491049608
9476524339308
9476557635508
9476590916408
9476624206608
9476657504008
9476690783408
9476724073608
9476757362108
9476790651008
9476823990308
9476857229308
9476890520408
9476923807408
9476957096508
9476990391708
9477023674008
9477056964008
9477090260308
9477123545108
9477156830808
9477190119708
9477223407808
9477256697608
9477289993108
9477323275208
9477356564608
9477389853708
9477423147608
9477456451108
9477489720908
9477523015408
9477556298908
9477589587608
9477622876908
9477656165208
9477689455308
9477722745408
9477756032208
9477789322008
9477822610608
9477855901508
9477889189408
9477922479108
9477955772308
9477989055908
9478022345108
9478055639408
9478088924208
9478122212508
9478155503708
9478188790208
9478222079208
9478255368408
9478288656308
9478321946308
9478355236508
9478388529808
9478421813508
9478455124208
9478488396908
9478521680208
9478554969408
9478588257308
9478621547508
9478654835908
9478688124608
9478721415508
9478754702908
9478787991808
9478821283708
9478854570208
9478887859008
9478921154708
9478954437708
9478987727308
9479021020608
9479054304808
9479087598108
9479120882008
9479154172208
9479187461108
9479220749308
9479254038608
9479287327108
9479320616208
9479353912508
9479387194808
9479420483608
9479453778908
9479487062208
9479520351208
9479553640708
9479586929208
9479620219208
9479653525908
9479686796008
9479720085608
9479753373508
9479786665108
9479819953408
9479853240508
9479886536208
9479919840008
9479953107708
9479986404108
9480019686208
9480052974508
9480086299008
9480119552908
9480152841808
9480186131208
9480219420608
9480252709608
9480285997708
9480319293408
9480352577708
9480385864608
9480419160408
9480452443208
9480485731808
9480519021508
9480552311308
9480585598708
9480618889008
9480652177308
9480685465808
9480718755508
9480752047008
9480785333108
9480818622708
9480851917408
9480885201308
9480918488908
9480951785008
9480985068808
9481018355908
9481051645908
9481084934908
9481118223208
9481151522308
9481184802608
9481218090408
9481251380208
9481284673908
9481317957108
9481351248408
9481384542408
9481417824108
9481451114008
9481484403508
9481517706008
9481550996308
9481584270408
9481617561008
9481650847308
9481684137808
9481717448808
9481750714408
9481784004408
9481817299608
9481850581508
9481883871008
9481917165108
9481950449008
9481983739608
9482017027708
9482050315608
9482083605008
9482116894708
9482150210108
9482183473108
9482216761908
9482250056808
9482283338908
9482316628308
9482349924408
9482383206108
9482416499308
9482449784308
9482483073108
9482516362308
9482549650908
9482582939708
9482616230008
9482649519008
9482682809108
9482716147308
9482749386508
9482782709608
9482815964008
9482849252708
9482882549808
9482915830208
9482949120208
9482982409108
9483015697308
9483048987008
9483082277508
9483115563908
9483148854008
9483182145108
9483215437108
9483248721308
9483282009908
9483315304208
9483348604708
9483381877208
9483415165708
9483448455408
9483481744308
9483515033508
9483548321608
9483581611208
9483614901208
9483648189808
9483681478508
9483714767508
9483748061508
9483781346008
9483814635008
9483847928608
9483881212908
9483914503908
9483947790208
9483981079908
9484014369008
9484047657108
9484080946608
9484114235608
9484147525008
9484180840808
9484214103008
9484247392808
9484280685608
9484313969908
9484347295108
9484380547108
9484413836708
9484447125608
9484480414208
9484513703908
9484546992508
9484580281108
9484613574808
9484646859608
9484680148008
9484713443708
9484746726608
9484780015608
9484813311508
9484846594208
9484879883108
9484913171208
9484946461108
9484979750708
9485013038108
9485046328008
9485079617108
9485112905208
9485146200808
9485179483108
9485212772308
9485246068808
9485279351008
9485312639508
9485345929208
9485379218408
9485412506708
9485445796908
9485479085708
9485512374308
9485545662408
9485578954208
9485612242308
9485645533108
9485678825508
9485712108508
9485745396808
9485778692808
9485811996408
9485845263808
9485878553908
9485911842308
9485945131108
9485978450208
9486011709508
9486044998108
9486078287708
9486111583508
9486144871908
9486178153808
9486211449808
9486244732908
9486278021208
9486311310708
9486344602408
9486377888108
9486411177808
9486444467308
9486477755308
9486511045008
9486544335108
9486577622308
9486610912308
9486644207008
9486677489508
9486710778908
9486744074108
9486777365908
9486810645208
9486843935208
9486877225208
9486910512308
9486943802508
9486977124608
9487010379208
9487043669508
9487076965108
9487110246208
9487143539608
9487176830608
9487210113608
9487243404508
9487276696008
9487309980608
9487343270108
9487376559208
9487409869908
9487443146108
9487476426608
9487509718608
9487543003708
9487576293708
9487609614508
9487642870808
9487676160708
9487709457008
9487742737908
9487776027808
9487809315708
9487842605208
9487875895808
9487909183408
9487942472408
9487975761108
9488009051008
9488042345108
9488075629208
9488108917508
9488142213308
9488175494908
9488208784808
9488242081408
9488275362208
9488308651908
9488341940708
9488375229208
9488408519108
9488441807408
9488475098008
9488508386008
9488541674808
9488574969208
9488608282308
9488641543808
9488674836908
9488708120008
9488741409508
9488774698808
9488807986508
9488841276108
9488874566308
9488907853308
9488941143208
9488974431808
9489007726208
9489041010308
9489074299308
9489107593308
9489140877808
9489174166408
9489207454808
9489240747108
9489274033708
9489307321908
9489340611408
9489373900908
9489407190008
9489440479008
9489473767308
9489507057508
9489540350708
9489573634708
9489606924708
9489640217908
9489673502008
9489706791608
9489740079408
9489773368908
9489806657008
9489839946208
9489873236208
9489906528308
9489939813308
9489973110008
9490006391808
9490039680808
9490072996908
9490106259408
9490139549008
9490172836108
9490206126108
9490239448808
9490272703508
9490305993108
9490339282008
9490372570508
9490405861408
9490439148708
9490472437608
9490505734308
9490539016408
9490572304508
9490605600108
9490638883108
9490672171808
9490705461708
9490738750608
9490772039308
9490805327408
9490838617308
9490871906308
9490905194708
9490938490008
9490971773308
9491005061808
9491038357408
9491071639608
9491104928708
9491138225708
9491171507608
9491204795908
9491238085908
9491271374708
9491304662908
9491337954508
9491371242808
9491404534208
9491437818608
9491471114408
9491504398508
9491537686008
9491570981408
9491604264808
9491637552908
9491670842908
9491704145308
9491737420108
9491770709908
9491803998508
9491837287308
9491870595808
9491903870908
9491937154608
9491970444208
9492003738708
9492037022108
9492070310408
9492103603408
9492136890208
9492170177308
9492203467108
9492236756208
9492270044408
9492303334208
9492336625008
9492369911608
9492403201808
9492436495808
9492469778408
9492503068408
9492536363808
9492569655308
9492602935508
9492636224008
9492669513808
9492702801308
9492736091608
9492769381508
9492802669008
9492835958208
9492869301908
9492902538408
9492935825308
9492969122408
9493002403008
9493035692508
9493068980908
9493102270008
9493135560608
9493168848208
9493202136908
9493235426508
9493268715608
9493302034908
9493335294908
9493368582808
9493401878008
9493435160108
9493468449908
9493501746108
9493535027008
9493568316908
9493601605808
9493634894408
9493668184208
9493701471708
9493734761608
9493768051208
9493801339608
9493834662208
9493867917708
9493901207008
9493934501608
9493967785808
9494001074208
9494034366508
9494067651408
9494100941608
9494134231008
9494167518308
9494200808608
9494234097108
9494267386108
9494300675608
9494333985708
9494367258308
9494400543108
9494433830708
9494467125908
9494500428508
9494533698308
9494566986808
9494600276608
9494633567908
9494666855008
9494700142708
9494733432808
9494766722708
9494800014908
9494833299508
9494866588408
9494899882508
9494933166808
9494966456008
9494999747708
9495033033408
9495066322708
9495099610708
9495132900408
9495166189908
9495199478108
9495232768808
9495266056708
9495299346208
9495332639508
9495365923708
9495399214308
9495432507708
9495465791608
9495499113808
9495532368208
9495565658308
9495598948008
9495632235108
9495665528708
9495698813308
9495732102408
9495765398908
9495798681108
9495831969408
9495865264708
9495898556908
9495931838008
9495965150408
9495998415508
9496031705308
9496064992408
9496098282008
9496131609908
9496164859308
9496198150308
9496231439608
9496264726808
9496298022008
9496331304408
9496364593708
9496397891508
9496431172508
9496464460908
9496497750408
9496531039808
9496564328008
9496597618408
9496630906608
9496664196008
9496697484008
9496730778508
9496764062908
9496797351308
9496830646308
9496863929308
9496897217808
9496930514208
9496963796008
9496997085108
9497030375008
9497063664108
9497096951908
9497130279008
9497163535208
9497196819408
9497230109308
9497263403608
9497296687208
9497329975208
9497363271208
9497396555408
9497429842508
9497463132308
9497496420708
9497529709408
9497562999608
9497596297008
9497629576308
9497662866308
9497696159808
9497729443508
9497762743708
9497796027708
9497829310608
9497862600508
9497895895508
9497929178808
9497962466508
9497995756508
9498029046408
9498062333508
9498095623608
9498128912708
9498162200408
9498195490708
9498228786908
9498262067708
9498295357708
9498328652308
9498361935008
9498395225108
9498428513508
9498461802008
9498495091208
9498528380808
9498561695308
9498594980708
9498628248008
9498661543308
9498694824708
9498728115008
9498761433608
9498794692108
9498827982208
9498861277408
9498894562608
9498927849208
9498961136808
9498994426408
9499027717008
9499061004808
9499094294008
9499127592308
9499160871908
9499194167308
9499227450008
9499260739508
9499294035708
9499327316108
9499360606108
9499393895608
9499427183008
9499460473708
9499493763208
9499527050608
9499560340208
9499593628808
9499626922308
9499660207508
9499693496008
9499726790508
9499760074408
9499793363308
9499826655208
9499859942208
9499893230108
9499926520008
9499959809008
9499993097608
9500026387508
9500059675508
9500092964308
9500126253408
9500159547708
9500192831808
9500226141908
9500259414908
9500292698808
9500325987308
9500359275608
9500392605008
9500425854908
9500459142908
9500492432808
9500525722008
9500559010708
9500592303408
9500625588808
9500658879508
9500692171808
9500725455708
9500758745108
9500792036608
9500825323408
9500858612608
9500891899908
9500925189908
9500958478808
9500991767308
9501025058308
9501058345808
9501091634208
9501124930808
9501158213108
9501191502608
9501224796408
9501258080408
9501291370308
9501324657708
9501357947008
9501391290608
9501424524608
9501457814708
9501491103008
9501524391808
9501557685908
9501590969708
9501624258608
9501657559508
9501690837608
9501724125808
9501757421408
9501790704408
9501823992808
9501857289708
9501890574508
9501923860708
9501957148708
9501990438908
9502023740708
9502057016408
9502090311308
9502123597108
9502156883208
9502190178808
9502223460808
9502256750108
9502290041108
9502323329208
9502356617408
9502389906908
9502423195608
9502456485208
9502489774808
9502523067408
9502556353108
9502589640008
9502622936108
9502656219508
9502689507208
9502722803608
9502756087308
9502789373908
9502822664008
9502855952408
9502889241408
9502922530908
9502955819608
9502989108408
9503022441408
9503055693008
9503088975608
9503122265108
9503155564408
9503188843808
9503222131108
9503255421408
9503288711308
9503321998508
9503355288408
9503388589808
9503421865908
9503455155708
9503488448608
9503521732808
9503555022608
9503588317108
9503621600108
9503654906408
9503688185208
9503721466808
9503754756208
9503788045808
9503821354908
9503854622308
9503887912608
9503921203208
9503954490008
9503987779908
9504021073908
9504054357308
9504087646508
9504120944208
9504154224408
9504187514208
9504220802308
9504254091308
9504287381608
9504320669708
9504353957808
9504387247808
9504420537408
9504453858608
9504487136308
9504520404308
9504553700208
9504586981108
9504620270708
9504653605708
9504686848608
9504720138208
9504753427408
9504786715808
9504820005008
9504853293208
9504886582508
9504919873108
9504953161508
9504986455408
9505019739508
9505053028608
9505086354608
9505119617508
9505152895608
9505186184808
9505219472508
9505252762408
9505286051608
9505319339708
9505352629208
9505385918508
9505419210908
9505452496608
9505485784408
9505519080008
9505552363408
9505585652508
9505618944108
9505652263808
9505685519908
9505718809308
9505752098308
9505785387008
9505818677208
9505851964108
9505885253908
9505918543308
9505951836508
9505985121008
9506018410808
9506051704208
9506084988208
9506118283908
9506151565408
9506184855508
9506218143608
9506251432408
9506284736508
9506318011308
9506351299208
9506384616208
9506417878008
9506451167008
9506484460608
9506517745108
9506551035108
9506584328908
9506617613708
9506650901408
9506684189308
9506717479308
9506750768608
9506784056708
9506817346408
9506850635008
9506883923608
9506917220308
9506950502908
9506983790708
9507017087108
9507050369208
9507083658208
9507116946708
9507150236508
9507183526308
9507216813308
9507250103708
9507283416408
9507316680808
9507349974508
9507383259508
9507416547808
9507449843908
9507483126208
9507516414908
9507549712408
9507582994108
9507616281808
9507649571408
9507682861108
9507716149208
9507749439208
9507782728308
9507816016808
9507849305308
9507882603808
9507915891908
9507949172008
9507982468108
9508015750508
9508049039108
9508082328908
9508115622508
9508148906508
9508182196308
9508215485008
9508248773208
9508282063308
9508315356408
9508348649508
9508381931108
9508415224808
9508448508308
9508481796508
9508515092808
9508548377808
9508581663708
9508614953308
9508648242108
9508681530808
9508714820208
9508748130908
9508781397808
9508814687308
9508847981708
9508881264808
9508914583108
9508947849108
9508981140308
9509014421808
9509047710908
9509081001208
9509114288008
9509147577708
9509180866908
9509214154908
9509247445008
9509280738908
9509314022608
9509347311708
9509380607308
9509413888908
9509447178908
9509480473508
9509513755908
9509547046108
9509580335008
9509613626608
9509646913008
9509680201708
9509713519308
9509746778808
9509780069108
9509813365408
9509846646008
9509879935908
9509913262508
9509946513108
9509979803108
9510013092008
9510046380208
9510079670208
9510112958808
9510146247308
9510179538508
9510212825908
9510246118108
9510279404008
9510312693408
9510346017208
9510379277008
9510412560408
9510445856608
9510479137708
9510512427608
9510545723108
9510579004608
9510612294808
9510645583508
9510678871808
9510712161908
9510745449408
9510778744508
9510812029408
9510845318108
9510878611908
9510911895508
9510945184608
9510978472708
9511011763108
9511045051508
9511078340908
9511111632208
9511144918708
9511178208008
9511211499308
9511244785708
9511278074808
9511311369108
9511344652808
9511377962708
9511411236608
9511444521808
9511477808608
9511511097108
9511544411008
9511577676408
9511610964108
9511644254108
9511677542908
9511710832208
9511744125608
9511777410208
9511810700108
9511843993708
9511877277008
9511910565908
9511943854908
9511977144408
9512010433408
9512043721708
9512077011108
9512110300208
9512143588508
9512176883508
9512210167108
9512243455408
9512276753208
9512310034208
9512343323908
9512376621208
9512409901508
9512443191508
9512476478908
9512509768508
9512543093108
9512576345908
9512609638208
9512642925408
9512676212708
9512709508608
9512742790608
9512776080108
9512809376708
9512842659308
9512875947308
9512909237008
9512942525708
9512975813908
9513009128808
9513042392708
9513075682608
9513108970008
9513142263208
9513175574908
9513208836908
9513242132608
9513275415708
9513308704108
9513342000208
9513375282108
9513408571108
9513441862608
9513475150008
9513508438408
9513541728008
9513575017508
9513608305308
9513641596108
9513674889908
9513708173308
9513741461108
9513774757808
9513808040708
9513841328108
9513874628308
9513907907108
9513941195508
9513974485408
9514007773308
9514041062408
9514074352608
9514107645008
9514140929308
9514174255908
9514207514508
9514240796808
9514274086408
9514307382208
9514340664508
9514373952608
9514407242408
9514440532608
9514473820108
9514507109308
9514540398208
9514573686908
9514606976808
9514640273308
9514673553808
9514706844008
9514740138808
9514773420608
9514806721008
9514840000008
9514873288308
9514906578108
9514939866708
9514973179308
9515006444208
9515039734308
9515073027908
9515106310908
9515139601008
9515172895708
9515206178008
9515239468208
9515272764008
9515306045508
9515339335008
9515372627208
9515405912208
9515439203308
9515472491308
9515505779608
9515539069108
9515572358308
9515605653908
9515638958408
9515672225608
9515705521908
9515738802308
9515772092808
9515805417408
9515838743908
9515871959208
9515905249708
9515938536608
9515971826508
9516005114708
9516038406908
9516071694108
9516104982508
9516138276308
9516171560408
9516204849708
9516238144308
9516271427308
9516304716908
9516338005808
9516371293808
9516404583308
9516437873708
9516471160708
9516504450908
9516537740308
9516571033508
9516604317908
9516637606108
9516670901008
9516704184908
9516737473808
9516770762408
9516804051808
9516837340908
9516870632108
9516903920308
9516937207908
9516970497108
9517003788708
9517037075108
9517070365308
9517103669708
9517136941908
9517170231008
9517203525408
9517236809108
9517270112808
9517303386308
9517336676208
9517369964808
9517403253508
9517436563308
9517469832408
9517503120608
9517536418408
9517569699608
9517602988308
9517636282308
9517669566108
9517702856108
9517736143408
9517769433908
9517802722508
9517836010708
9517869300708
9517902590108
9517935877608
9517969171108
9518002456208
9518035745108
9518069041208
9518102323508
9518135611608
9518168908408
9518202190708
9518235479808
9518268767808
9518302058108
9518335347708
9518368635208
9518401924608
9518435243508
9518468502008
9518501799208
9518535080608
9518568369408
9518601665308
9518634947608
9518668235908
9518701526908
9518734815408
9518768103308
9518801392608
9518834685908
9518867971208
9518901259908
9518934552208
9518967839208
9519001125908
9519034422008
9519067717908
9519100993608
9519134289908
9519167573308
9519200860208
9519234150308
9519267438208
9519300727708
9519334017308
9519367306108
9519400594608
9519433884008
9519467178608
9519500461608
9519533751908
9519567046708
9519600329408
9519633617908
9519666907608
