11436048464000
11436066969000
11436085475000
11436103983000
11436122490000
11436140996000
11436159504000
11436178011000
11436196518000
11436215024000
11436233531000
11436252037000
11436270543000
11436289051000
11436307558000
11436326066000
11436344571000
11436363080000
11436381587000
11436400094000
11436418599000
11436437107000
11436455613000
11436474120000
11436492627000
11436511133000
11436529640000
11436548150000
11436566654000
11436585160000
11436603667000
11436622174000
11436640680000
11436659188000
11436677695000
11436696202000
11436714709000
11436733217000
11436751725000
11436770229000
11436788737000
11436807243000
11436825750000
11436844258000
11436862764000
11436881272000
11436899780000
11436918285000
11436936790000
11436955297000
11436973804000
11436992312000
11437010818000
11437029325000
11437047832000
11437066340000
11437084847000
11437103355000
11437121860000
11437140366000
11437158873000
11437177381000
11437195887000
11437214395000
11437232901000
11437251408000
11437269915000
11437288422000
11437306928000
11437325434000
11437343941000
11437362449000
11437380965000
11437399462000
11437417971000
11437436478000
11437454983000
11437473490000
11437491997000
11437510504000
11437529010000
11437547517000
11437566025000
11437584534000
11437603037000
11437621544000
11437640051000
11437658558000
11437677065000
11437695573000
11437714078000
11437732586000
11437751093000
11437769600000
11437788109000
11437806612000
11437825120000
11437843628000
11437862135000
11437880640000
11437899147000
11437917657000
11437936164000
11437954668000
11437973175000
11437991682000
11438010188000
11438028695000
11438047202000
11438065709000
11438084216000
11438102722000
11438121235000
11438139738000
11438158244000
11438176751000
11438195257000
11438213765000
11438232271000
11438250777000
11438269286000
11438287794000
11438306298000
11438324804000
11438343313000
11438361819000
11438380326000
11438398832000
11438417340000
11438435846000
11438454354000
11438472864000
11438491371000
11438509874000
11438528381000
11438546887000
11438565395000
11438583901000
11438602409000
11438620916000
11438639425000
11438657928000
11438676436000
11438694943000
11438713450000
11438731957000
11438750462000
11438768969000
11438787478000
11438805984000
11438824492000
11438842998000
11438861505000
11438880010000
11438898519000
11438917025000
11438935533000
11438954040000
11438972547000
11438991051000
11439009559000
11439028066000
11439046572000
11439065079000
11439083586000
11439102093000
11439120599000
11439139107000
11439157615000
11439176124000
11439194627000
11439213134000
11439231641000
11439250150000
11439268655000
11439287162000
11439305670000
11439324178000
11439342684000
11439361189000
11439379696000
11439398202000
11439416709000
11439435217000
11439453723000
11439472231000
11439490737000
11439509245000
11439527753000
11439546257000
11439564764000
11439583271000
11439601778000
11439620286000
11439638792000
11439657300000
11439675809000
11439694314000
11439712820000
11439731327000
11439749833000
11439768340000
11439786847000
11439805353000
11439823859000
11439842370000
11439860876000
11439879383000
11439897887000
11439916395000
11439934902000
11439953410000
11439971916000
11439990423000
11440008932000
11440027437000
11440045942000
11440064449000
11440082956000
11440101465000
11440119970000
11440138480000
11440156983000
11440175491000
11440194003000
11440212507000
11440231014000
11440249520000
11440268025000
11440286532000
11440305039000
11440323546000
11440342054000
11440360562000
11440379066000
11440397573000
11440416080000
11440434587000
11440453095000
11440471600000
11440490109000
11440508615000
11440527121000
11440545628000
11440564136000
11440582641000
11440601148000
11440619657000
11440638163000
11440656669000
11440675177000
11440693683000
11440712191000
11440730697000
11440749203000
11440767710000
11440786218000
11440804725000
11440823231000
11440841739000
11440860246000
11440878750000
11440897259000
11440915766000
11440934273000
11440952778000
11440971286000
11440989792000
11441008299000
11441026807000
11441045314000
11441063822000
11441082327000
11441100833000
11441119341000
11441137847000
11441156354000
11441174861000
11441193371000
11441211875000
11441230380000
11441248889000
11441267398000
11441285901000
11441304410000
11441322916000
11441341423000
11441359931000
11441378437000
11441396945000
11441415453000
11441433956000
11441452463000
11441470970000
11441489477000
11441507984000
11441526493000
11441544999000
11441563504000
11441582011000
11441600522000
11441619026000
11441637532000
11441656040000
11441674548000
11441693053000
11441711560000
11441730067000
11441748575000
11441767080000
11441785587000
11441804094000
11441822600000
11441841108000
11441859616000
11441878123000
11441896631000
11441915134000
11441933641000
11441952151000
11441970655000
11441989163000
11442007669000
11442026176000
11442044683000
11442063191000
11442081698000
11442100206000
11442118711000
11442137218000
11442155723000
11442174232000
11442192739000
11442211246000
11442229754000
11442248262000
11442266765000
11442285689000
11442303781000
11442322286000
11442340792000
11442359300000
11442377807000
11442396314000
11442414821000
11442433329000
11442451837000
11442470341000
11442488849000
11442507355000
11442525862000
11442544369000
11442562876000
11442581384000
11442599889000
11442618396000
11442636902000
11442655411000
11442673917000
11442692423000
11442710930000
11442729437000
11442747944000
11442766452000
11442784960000
11442803467000
11442821971000
11442840478000
11442858985000
11442877492000
11442895998000
11442914507000
11442933014000
11442951519000
11442970025000
11442988532000
11443007046000
11443025547000
11443044072000
11443062564000
11443081067000
11443099574000
11443118081000
11443136590000
11443155096000
11443173602000
11443192108000
11443210615000
11443229121000
11443247629000
11443266137000
11443284644000
11443303149000
11443321657000
11443340163000
11443358670000
11443377178000
11443395683000
11443414191000
11443432697000
11443451204000
11443469712000
11443488220000
11443506724000
11443525233000
11443543739000
11443562245000
11443580752000
11443599260000
11443617767000
11443636275000
11443654780000
11443673287000
11443691792000
11443710299000
11443728808000
11443747314000
11443765820000
11443784328000
11443802835000
11443821343000
11443839851000
11443858356000
11443876862000
11443895368000
11443913875000
11443932383000
11443950891000
11443969398000
11443987902000
11444006410000
11444024916000
11444043423000
11444061931000
11444080437000
11444098945000
11444117451000
11444135957000
11444154465000
11444172973000
11444191481000
11444209986000
11444228494000
11444246999000
11444265506000
11444284013000
11444302520000
11444321028000
11444339534000
11444358040000
11444376547000
11444395054000
11444413561000
11444432073000
11444450576000
11444469081000
11444487590000
11444506096000
11444524604000
11444543110000
11444561617000
11444580122000
11444598630000
11444617137000
11444635643000
11444654151000
11444672659000
11444691163000
11444709671000
11444728178000
11444746684000
11444765190000
11444783699000
11444802206000
11444820711000
11444839219000
11444857726000
11444876235000
11444894739000
11444913246000
11444931753000
11444950261000
11444968767000
11444987273000
11445005781000
11445024290000
11445042794000
11445061301000
11445079808000
11445098314000
11445116820000
11445135328000
11445153835000
11445172343000
11445190848000
11445209358000
11445227865000
11445246370000
11445264876000
11445283384000
11445301889000
11445320398000
11445338904000
11445357412000
11445375920000
11445394425000
11445412930000
11445431437000
11445449944000
11445468452000
11445486959000
11445505467000
11445523971000
11445542479000
11445560987000
11445579495000
11445597999000
11445616506000
11445635012000
11445653521000
11445672027000
11445690536000
11445709042000
11445727549000
11445746054000
11445764562000
11445783068000
11445801575000
11445820097000
11445838588000
11445857097000
11445875603000
11445894109000
11445912618000
11445931123000
11445949632000
11445968138000
11445986643000
11446005150000
11446023657000
11446042166000
11446060674000
11446079178000
11446097684000
11446116191000
11446134697000
11446153206000
11446171711000
11446190220000
11446208726000
11446227233000
11446245741000
11446264248000
11446282753000
11446301263000
11446319768000
11446338274000
11446356781000
11446375288000
11446393795000
11446412304000
11446430808000
11446449316000
11446467823000
11446486328000
11446504834000
11446523343000
11446541848000
11446560357000
11446578863000
11446597371000
11446615880000
11446634384000
11446652891000
11446671398000
11446689903000
11446708412000
11446726917000
11446745426000
11446763934000
11446782438000
11446800945000
11446819453000
11446837958000
11446856466000
11446874972000
11446893480000
11446911987000
11446930493000
11446949002000
11446967511000
11446986013000
11447004520000
11447023028000
11447041534000
11447060041000
11447078549000
11447097057000
11447115562000
11447134069000
11447152575000
11447171082000
11447189589000
11447208098000
11447226602000
11447245116000
11447263616000
11447282124000
11447300633000
11447319139000
11447337644000
11447356150000
11447374657000
11447393164000
11447411672000
11447430179000
11447448689000
11447467193000
11447485699000
11447504205000
11447522712000
11447541219000
11447559730000
11447578233000
11447596741000
11447615247000
11447633755000
11447652263000
11447670767000
11447689274000
11447707781000
11447726288000
11447744797000
11447763302000
11447781809000
11447800317000
11447818821000
11447837329000
11447855836000
11447874343000
11447892850000
11447911359000
11447929864000
11447948370000
11447966878000
11447985390000
11448003892000
11448022397000
11448040904000
11448059412000
11448077919000
11448096425000
11448114932000
11448133441000
11448170454000
11448188958000
11448207465000
11448225972000
11448244480000
11448262986000
11448281494000
11448300001000
11448318508000
11448337016000
11448355524000
11448374027000
11448392535000
11448411041000
11448429549000
11448448054000
11448466564000
11448485070000
11448503575000
11448522083000
11448540589000
11448559097000
11448577603000
11448596110000
11448614618000
11448633124000
11448651632000
11448670142000
11448688646000
11448707153000
11448725659000
11448744165000
11448762672000
11448781178000
11448799687000
11448818193000
11448836704000
11448855206000
11448873712000
11448892221000
11448910727000
11448929234000
11448947741000
11448966246000
11448984754000
11449003261000
11449021769000
11449040277000
11449058781000
11449077290000
11449095795000
11449114302000
11449132809000
11449151317000
11449169823000
11449188332000
11449206837000
11449225343000
11449243850000
11449262358000
11449280864000
11449299372000
11449317879000
11449336385000
11449354890000
11449373399000
11449391907000
11449410412000
11449428918000
11449447426000
11449465932000
11449484439000
11449502946000
11449521455000
11449539962000
11449558467000
11449576974000
11449595480000
11449613987000
11449632494000
11449651002000
11449669507000
11449688015000
11449706522000
11449725029000
11449743538000
11449762043000
11449780550000
11449799055000
11449817563000
11449836069000
11449854577000
11449873085000
11449891590000
11449910096000
11449928604000
11449947110000
11449965619000
11449984124000
11450002635000
11450021137000
11450039645000
11450058156000
11450076663000
11450095172000
11450113672000
11450132179000
11450150687000
11450169194000
11450187700000
11450206207000
11450224715000
11450243220000
11450261728000
11450280234000
11450298742000
11450317248000
11450335755000
11450354262000
11450372767000
11450391276000
11450409783000
11450428291000
11450446795000
11450465304000
11450483810000
11450502316000
11450520824000
11450539330000
11450557837000
11450576347000
11450594851000
11450613358000
11450631865000
11450650371000
11450668878000
11450687385000
11450705893000
11450724398000
11450742905000
11450761413000
11450779920000
11450798426000
11450816933000
11450835439000
11450853946000
11450872454000
11450890961000
11450909470000
11450927977000
11450946481000
11450964988000
11450983495000
11451002003000
11451020508000
11451039015000
11451057524000
11451076029000
11451094535000
11451113045000
11451131552000
11451150055000
11451168563000
11451187071000
11451205578000
11451224084000
11451242592000
11451261100000
11451279607000
11451298111000
11451316618000
11451335124000
11451353631000
11451372139000
11451390646000
11451409155000
11451427658000
11451446165000
11451464675000
11451483193000
11451501686000
11451520193000
11451538700000
11451557207000
11451575714000
11451594223000
11451612729000
11451631234000
11451649742000
11451668249000
11451686756000
11451705262000
11451723769000
11451742277000
11451760785000
11451779289000
11451797796000
11451816306000
11451834811000
11451853318000
11451871823000
11451890331000
11451908837000
11451927345000
11451945852000
11451964360000
11451982865000
11452001372000
11452019878000
11452038385000
11452056892000
11452075399000
11452093909000
11452112416000
11452130919000
11452149426000
11452167937000
11452186441000
11452204947000
11452223454000
11452241960000
11452260468000
11452278974000
11452297483000
11452315991000
11452334495000
11452353001000
11452371508000
11452390016000
11452408522000
11452427030000
11452445538000
11452464046000
11452482551000
11452501056000
11452519567000
11452538071000
11452556577000
11452575084000
11452593591000
11452612097000
11452630606000
11452649117000
11452667621000
11452686126000
11452704632000
11452723139000
11452741646000
11452760152000
11452778661000
11452797169000
11452815674000
11452834180000
11452852687000
11452871204000
11452889702000
11452908207000
11452926716000
11452945222000
11452963729000
11452982236000
11453000747000
11453019249000
11453037756000
11453056263000
11453074771000
11453093277000
11453111783000
11453130291000
11453148801000
11453167304000
11453185809000
11453204316000
11453222823000
11453241332000
11453259837000
11453278346000
11453296862000
11453315359000
11453333868000
11453352374000
11453370879000
11453389386000
11453407893000
11453426399000
11453444906000
11453463414000
11453481923000
11453500429000
11453518933000
11453537440000
11453555946000
11453574454000
11453592963000
11453611469000
11453629974000
11453648483000
11453666989000
11453685498000
11453704006000
11453722511000
11453741016000
11453759526000
11453778030000
11453796538000
11453815046000
11453833555000
11453852071000
11453870565000
11453889071000
11453907578000
11453926084000
11453944591000
11453963098000
11453981607000
11454000112000
11454018619000
11454037128000
11454055636000
11454074141000
11454092648000
11454111152000
11454129661000
11454148167000
11454166675000
11454185182000
11454203688000
11454222194000
11454240701000
11454259208000
11454277715000
11454296226000
11454314729000
11454333240000
11454351743000
11454370250000
11454388758000
11454407263000
11454425770000
11454444276000
11454462785000
11454481291000
11454499799000
11454518305000
11454536814000
11454555317000
11454573826000
11454592331000
11454610836000
11454629348000
11454647852000
11454666359000
11454684865000
11454703373000
11454721880000
11454740389000
11454758893000
11454777400000
11454795906000
11454814414000
11454832920000
11454851427000
11454869936000
11454888443000
11454906948000
11454925456000
11454943961000
11454962468000
11454980975000
11454999482000
11455017989000
11455036496000
11455055003000
11455073512000
11455092020000
11455110523000
11455129030000
11455147537000
11455166044000
11455184552000
11455203059000
11455221566000
11455240075000
11455258579000
11455277085000
11455295592000
11455314099000
11455332605000
11455351114000
11455369620000
11455388126000
11455406634000
11455425141000
11455443650000
11455462153000
11455480660000
11455499168000
11455517675000
11455536183000
11455554691000
11455573197000
11455591703000
11455610208000
11455628715000
11455647222000
11455665729000
11455684237000
11455702742000
11455721256000
11455739756000
11455758265000
11455776772000
11455795278000
11455813785000
11455832291000
11455850798000
11455869305000
11455887811000
11455906320000
11455924827000
11455943333000
11455961839000
11455980345000
11455998852000
11456017359000
11456035865000
11456054374000
11456072881000
11456091387000
11456109894000
11456128403000
11456146907000
11456165414000
11456183921000
11456202429000
11456220934000
11456239442000
11456257951000
11456276458000
11456294962000
11456313469000
11456331975000
11456350482000
11456368990000
11456387496000
11456406003000
11456424511000
11456443019000
11456461525000
11456480034000
11456498538000
11456517045000
11456535551000
11456554058000
11456572566000
11456591073000
11456609580000
11456628088000
11456646593000
11456665099000
11456683606000
11456702112000
11456720619000
11456739127000
11456757635000
11456776140000
11456794648000
11456813155000
11456831664000
11456850168000
11456868675000
11456887181000
11456905691000
11456924197000
11456942705000
11456961211000
11456979716000
11456998222000
11457016731000
11457035241000
11457053743000
11457072249000
11457090758000
11457109270000
11457127771000
11457146279000
11457164788000
11457183294000
11457201800000
11457220305000
11457238812000
11457257319000
11457275826000
11457294334000
11457312841000
11457331346000
11457349852000
11457368360000
11457386866000
11457405373000
11457423880000
11457442387000
11457460894000
11457479401000
11457497909000
11457516418000
11457534922000
11457553429000
11457571935000
11457590454000
11457608949000
11457627456000
11457645964000
11457664472000
11457682977000
11457701486000
11457719990000
11457738498000
11457757004000
11457775510000
11457794017000
11457812525000
11457831032000
11457849539000
11457868048000
11457886552000
11457905058000
11457923567000
11457942072000
11457960579000
11457979087000
11457997594000
11458016102000
11458034607000
11458053113000
11458071621000
11458090127000
11458108636000
11458127141000
11458145648000
11458164154000
11458182663000
11458201170000
11458219678000
11458238183000
11458256689000
11458275196000
11458293703000
11458312210000
11458330717000
11458349224000
11458367733000
11458386236000
11458404744000
11458423252000
11458441759000
11458460263000
11458478771000
11458497277000
11458515786000
11458534296000
11458552801000
11458571309000
11458589814000
11458608321000
11458626826000
11458645333000
11458663840000
11458682347000
11458700866000
11458719361000
11458737867000
11458756374000
11458774881000
11458793388000
11458811894000
11458830402000
11458848909000
11458867416000
11458885922000
11458904432000
11458922937000
11458941443000
11458959950000
11458978457000
11458996963000
11459015470000
11459033980000
11459052486000
11459070991000
11459089498000
11459108005000
11459126511000
11459145020000
11459163525000
11459182031000
11459200540000
11459219047000
11459237554000
11459256062000
11459274566000
11459293072000
11459311582000
11459330086000
11459348594000
11459367101000
11459385608000
11459404117000
11459422622000
11459441127000
11459459635000
11459478142000
11459496648000
11459515155000
11459533662000
11459552168000
11459570676000
11459589184000
11459607693000
11459626196000
11459644703000
11459663211000
11459681718000
11459700224000
11459718732000
11459737239000
11459755748000
11459774251000
11459792758000
11459811264000
11459829773000
11459848278000
11459866787000
11459885292000
11459903799000
11459922322000
11459940816000
11459959322000
11459977828000
11459996334000
11460014840000
11460033347000
11460051978000
11460070361000
11460088870000
11460107375000
11460125882000
11460144388000
11460162894000
11460181403000
11460199909000
11460218417000
11460236922000
11460255430000
11460273937000
11460292445000
11460310952000
11460329457000
11460347963000
11460366471000
11460384977000
11460403485000
11460421992000
11460440500000
11460459005000
11460477512000
11460496019000
11460514526000
11460533032000
11460551540000
11460570048000
11460588553000
11460607059000
11460625567000
11460644075000
11460662581000
11460681087000
11460699594000
11460718102000
11460736608000
11460755115000
11460773623000
11460792131000
11460810635000
11460829143000
11460847649000
11460866155000
11460884663000
11460903170000
11460921678000
11460940183000
11460958691000
11460977199000
11460995706000
11461014210000
11461032719000
11461051229000
11461069732000
11461088238000
11461106746000
11461125254000
11461143762000
11461162265000
11461180772000
11461199280000
11461217787000
11461236292000
11461254801000
11461273310000
11461291814000
11461310319000
11461328830000
11461347339000
11461365841000
11461384350000
11461402856000
11461421361000
11461439870000
11461458376000
11461476884000
11461495394000
11461513896000
11461532402000
11461550910000
11461569416000
11461587923000
11461606432000
11461624938000
11461643443000
11461661951000
11461680460000
11461698966000
11461717472000
11461735978000
11461754485000
11461772992000
11461791499000
11461810005000
11461828514000
11461847018000
11461865527000
11461884033000
11461902541000
11461921046000
11461939556000
11461958061000
11461976569000
11461995073000
11462013580000
11462032091000
11462050598000
11462069102000
11462087609000
11462106115000
11462124623000
11462143129000
11462161639000
11462180144000
11462198649000
11462217158000
11462235663000
11462254171000
11462272677000
11462291184000
11462309693000
11462328201000
11462346704000
11462365210000
11462383720000
11462402225000
11462420732000
11462439239000
11462457745000
11462476254000
11462494759000
11462513267000
11462531775000
11462550280000
11462568786000
11462587292000
11462605800000
11462624307000
11462642814000
11462661322000
11462679830000
11462698333000
11462716841000
11462735360000
11462753855000
11462772363000
11462790869000
11462809376000
11462827883000
11462846390000
11462864898000
11462883406000
11462901912000
11462920417000
11462938925000
11462957431000
11462975937000
11462994445000
11463012952000
11463031458000
11463049965000
11463068471000
11463086981000
11463105486000
11463123996000
11463142499000
11463161006000
11463179514000
11463198020000
11463216529000
11463235033000
11463253541000
11463272047000
11463290554000
11463309061000
11463327568000
11463346075000
11463364583000
11463383087000
11463401595000
11463420102000
11463438609000
11463457116000
11463475623000
11463494129000
11463512636000
11463531143000
11463549651000
11463568158000
11463586663000
11463605171000
11463623677000
11463642187000
11463660691000
11463679200000
11463697706000
11463716214000
11463734719000
11463753224000
11463771732000
11463790239000
11463808746000
11463827253000
11463845760000
11463864267000
11463882773000
11463901281000
11463919792000
11463938293000
11463956802000
11463975309000
11463993814000
11464012321000
11464030829000
11464049336000
11464067845000
11464086349000
11464104865000
11464123362000
