10723497162000
10723515671000
10723534180000
10723552683000
10723571191000
10723589696000
10723608203000
10723626710000
10723645218000
10723663725000
10723682231000
10723700738000
10723719247000
10723737755000
10723756259000
10723774765000
10723793272000
10723811780000
10723830286000
10723848794000
10723867302000
10723885807000
10723904314000
10723922820000
10723941326000
10723959834000
10723978341000
10723996848000
10724015357000
10724033863000
10724052369000
10724070878000
10724089383000
10724107889000
10724126396000
10724144903000
10724163410000
10724181918000
10724200425000
10724218933000
10724237438000
10724255946000
10724274451000
10724292958000
10724311464000
10724329971000
10724348484000
10724366986000
10724385494000
10724404001000
10724422509000
10724441014000
10724459520000
10724478027000
10724496534000
10724515042000
10724533549000
10724552055000
10724570564000
10724589068000
10724607576000
10724626081000
10724644588000
10724663094000
10724681603000
10724700109000
10724718616000
10724737123000
10724755631000
10724774140000
10724792644000
10724811150000
10724829658000
10724848165000
10724866671000
10724885179000
10724903687000
10724922195000
10724940698000
10724959206000
10724977712000
10724996219000
10725014726000
10725033232000
10725051740000
10725070247000
10725088755000
10725107262000
10725125771000
10725144274000
10725162782000
10725181288000
10725199797000
10725218302000
10725236811000
10725255318000
10725273822000
10725292329000
10725310836000
10725329343000
10725347849000
10725366357000
10725384909000
10725403371000
10725421878000
10725440385000
10725458893000
10725477398000
10725495906000
10725514413000
10725532919000
10725551425000
10725569933000
10725588441000
10725606949000
10725625453000
10725643960000
10725662466000
10725680974000
10725699480000
10725717988000
10725736500000
10725755002000
10725773510000
10725792017000
10725810524000
10725829030000
10725847537000
10725866045000
10725884550000
10725903057000
10725921564000
10725940072000
10725958580000
10725977083000
10725995592000
10726014097000
10726032607000
10726051111000
10726069618000
10726088125000
10726106633000
10726125139000
10726143647000
10726162154000
10726180660000
10726199166000
10726217675000
10726236180000
10726254687000
10726273195000
10726291703000
10726310207000
10726328714000
10726347221000
10726365730000
10726384234000
10726402742000
10726421249000
10726439755000
10726458262000
10726476770000
10726495277000
10726513787000
10726532291000
10726550797000
10726569304000
10726587811000
10726606318000
10726624826000
10726643333000
10726661839000
10726680345000
10726698853000
10726717359000
10726735867000
10726754373000
10726772880000
10726791385000
10726809893000
10726828401000
10726846909000
10726865414000
10726883920000
10726902427000
10726920934000
10726939442000
10726957949000
10726976455000
10726994965000
10727013468000
10727031977000
10727050482000
10727068991000
10727087497000
10727106005000
10727124510000
10727143016000
10727161527000
10727180032000
10727198540000
10727217045000
10727235552000
10727254059000
10727272566000
10727291072000
10727309580000
10727328087000
10727346595000
10727365100000
10727383607000
10727402114000
10727420621000
10727439127000
10727457635000
10727476140000
10727494647000
10727513155000
10727531664000
10727550170000
10727568675000
10727587183000
10727605689000
10727624196000
10727642703000
10727661211000
10727679719000
10727698223000
10727716730000
10727735238000
10727753744000
10727772251000
10727790759000
10727809266000
10727827771000
10727846278000
10727864786000
10727883295000
10727901800000
10727920306000
10727938812000
10727957320000
10727975827000
10727994334000
10728012842000
10728031350000
10728049854000
10728068361000
10728086868000
10728105376000
10728123883000
10728142388000
10728160896000
10728179402000
10728197909000
10728216417000
10728234926000
10728253431000
10728271938000
10728290443000
10728308950000
10728327458000
10728345964000
10728364472000
10728382981000
10728401485000
10728419993000
10728438501000
10728457005000
10728475511000
10728494020000
10728512527000
10728531033000
10728549538000
10728568049000
10728586564000
10728605061000
10728623567000
10728642074000
10728660581000
10728679089000
10728697596000
10728716103000
10728734612000
10728753117000
10728771623000
10728790130000
10728808636000
10728827142000
10728845651000
10728864158000
10728882663000
10728901170000
10728919680000
10728938186000
10728956692000
10728975198000
10728993705000
10729012211000
10729030719000
10729049226000
10729067735000
10729086239000
10729104748000
10729123253000
10729141759000
10729160266000
10729178773000
10729197293000
10729215789000
10729234293000
10729252801000
10729271311000
10729289814000
10729308322000
10729326828000
10729345336000
10729363842000
10729382350000
10729400862000
10729419365000
10729437872000
10729456377000
10729474883000
10729493390000
10729511897000
10729530404000
10729548914000
10729567422000
10729585925000
10729604432000
10729622941000
10729641445000
10729659952000
10729678460000
10729696966000
10729715474000
10729733980000
10729752488000
10729770997000
10729789500000
10729808008000
10729826515000
10729845023000
10729863528000
10729882036000
10729900545000
10729919051000
10729937555000
10729956062000
10729974581000
10729993077000
10730011584000
10730030090000
10730048597000
10730067103000
10730085611000
10730104121000
10730122626000
10730141131000
10730159638000
10730178145000
10730196652000
10730215158000
10730233666000
10730252174000
10730270680000
10730289186000
10730307693000
10730326202000
10730344707000
10730363214000
10730381722000
10730400227000
10730418734000
10730437243000
10730455750000
10730474255000
10730492761000
10730511269000
10730529776000
10730548283000
10730566790000
10730585302000
10730603806000
10730622311000
10730640816000
10730659323000
10730677830000
10730696338000
10730714844000
10730733351000
10730751858000
10730770366000
10730788874000
10730807382000
10730825885000
10730844392000
10730862900000
10730881406000
10730899914000
10730918420000
10730936929000
10730955436000
10730973941000
10730992446000
10731010955000
10731029461000
10731047969000
10731066475000
10731084982000
10731103489000
10731121997000
10731140505000
10731159012000
10731177517000
10731196024000
10731214530000
10731233038000
10731251544000
10731270052000
10731288559000
10731307068000
10731325571000
10731344078000
10731362584000
10731381091000
10731399608000
10731418107000
10731436612000
10731455119000
10731473627000
10731492136000
10731510643000
10731529147000
10731547654000
10731566162000
10731584667000
10731603175000
10731621683000
10731640191000
10731658694000
10731677203000
10731695708000
10731714215000
10731732723000
10731751229000
10731769737000
10731788244000
10731806750000
10731825257000
10731843765000
10731862271000
10731880778000
10731899285000
10731917791000
10731936298000
10731954805000
10731973313000
10731991822000
10732010326000
10732028833000
10732047339000
10732065846000
10732084353000
10732102861000
10732121368000
10732139874000
10732158380000
10732176888000
10732195396000
10732213901000
10732232409000
10732250916000
10732269424000
10732287930000
10732306435000
10732324945000
10732343452000
10732361957000
10732380464000
10732398970000
10732417478000
10732435985000
10732454492000
10732472998000
10732491504000
10732510012000
10732528520000
10732547028000
10732565532000
10732584039000
10732602546000
10732621054000
10732639560000
10732658068000
10732676576000
10732695082000
10732713587000
10732732095000
10732750600000
10732769109000
10732787618000
10732806121000
10732824628000
10732843136000
10732861643000
10732880151000
10732898658000
10732917164000
10732935671000
10732954177000
10732972683000
10732991191000
10733009698000
10733028206000
10733046711000
10733065218000
10733083725000
10733102230000
10733120738000
10733139246000
10733157752000
10733176258000
10733194766000
10733213273000
10733231781000
10733250287000
10733268794000
10733287299000
10733305808000
10733324314000
10733342823000
10733361329000
10733379837000
10733398341000
10733416849000
10733435356000
10733453863000
10733472370000
10733490876000
10733509383000
10733527889000
10733546398000
10733564905000
10733583412000
10733601917000
10733620423000
10733638934000
10733657437000
10733675945000
10733694452000
10733712960000
10733731469000
10733749972000
10733768478000
10733786987000
10733805492000
10733823999000
10733842505000
10733861014000
10733879521000
10733898028000
10733916536000
10733935045000
10733953549000
10733972057000
10733990561000
10734009068000
10734027574000
10734046083000
10734064590000
10734083098000
10734101602000
10734120110000
10734138617000
10734157123000
10734175629000
10734194137000
10734212645000
10734231151000
10734249658000
10734268166000
10734286675000
10734305180000
10734323686000
10734342193000
10734360700000
10734379207000
10734397714000
10734416223000
10734434727000
10734453233000
10734471741000
10734490246000
10734508753000
10734527260000
10734545769000
10734564275000
10734582782000
10734601290000
10734619798000
10734638302000
10734656809000
10734675316000
10734693823000
10734712330000
10734730840000
10734749346000
10734767854000
10734786358000
10734804865000
10734823371000
10734841878000
10734860385000
10734878891000
10734897398000
10734915906000
10734934413000
10734952921000
10734971429000
10734989933000
10735008440000
10735026947000
10735045454000
10735063961000
10735082469000
10735100976000
10735119483000
10735137989000
10735156494000
10735175002000
10735193509000
10735212015000
10735230521000
10735249029000
10735267536000
10735286044000
10735304551000
10735323059000
10735341564000
10735360071000
10735378577000
10735397084000
10735415592000
10735434100000
10735452607000
10735471115000
10735489619000
10735508125000
10735526632000
10735545139000
10735563646000
10735582154000
10735600658000
10735619167000
10735637674000
10735656182000
10735674690000
10735693196000
10735711701000
10735730209000
10735748714000
10735767222000
10735785730000
10735804239000
10735822742000
10735841249000
10735859756000
10735878263000
10735896769000
10735915277000
10735933783000
10735952292000
10735970797000
10735989304000
10736007814000
10736026317000
10736044825000
10736063333000
10736081838000
10736100346000
10736118853000
10736137361000
10736155869000
10736174374000
10736192880000
10736211388000
10736229894000
10736266908000
10736285414000
10736303925000
10736322428000
10736340938000
10736359443000
10736377948000
10736396455000
10736414963000
10736433471000
10736451977000
10736470484000
10736488991000
10736507499000
10736526004000
10736544510000
10736563018000
10736581525000
10736600031000
10736618539000
10736637045000
10736655551000
10736674061000
10736692567000
10736711075000
10736729579000
10736748086000
10736766593000
10736785100000
10736803608000
10736822114000
10736840623000
10736859130000
10736877634000
10736896142000
10736914648000
10736933156000
10736951662000
10736970171000
10736988675000
10737007182000
10737025693000
10737044198000
10737062705000
10737081212000
10737099717000
10737118224000
10737136730000
10737155237000
10737173745000
10737192255000
10737210758000
10737229266000
10737247772000
10737266278000
10737284787000
10737303293000
10737321800000
10737340306000
10737358814000
10737377321000
10737395829000
10737414334000
10737432840000
10737451347000
10737469855000
10737488361000
10737506868000
10737525376000
10737543884000
10737562389000
10737580896000
10737599403000
10737617910000
10737636417000
10737654923000
10737673433000
10737691936000
10737710442000
10737728953000
10737747459000
10737765964000
10737784471000
10737802982000
10737821485000
10737839992000
10737858499000
10737877007000
10737895516000
10737914020000
10737932526000
10737951033000
10737969540000
10737988047000
10738006555000
10738025062000
10738043566000
10738062075000
10738080584000
10738099090000
10738117600000
10738136102000
10738154609000
10738173116000
10738191623000
10738210130000
10738228637000
10738247146000
10738265651000
10738284157000
10738302665000
10738321171000
10738339677000
10738358186000
10738376692000
10738395198000
10738413705000
10738432213000
10738450726000
10738469227000
10738487738000
10738506241000
10738524746000
10738543254000
10738561761000
10738580272000
10738598774000
10738617284000
10738635788000
10738654295000
10738672802000
10738691308000
10738709816000
10738728324000
10738746829000
10738765336000
10738783846000
10738802354000
10738820861000
10738839364000
10738857870000
10738876377000
10738894885000
10738913391000
10738931900000
10738950404000
10738968912000
10738987419000
10739005925000
10739024432000
10739042940000
10739061448000
10739079955000
10739098459000
10739116966000
10739135475000
10739153984000
10739172487000
10739190994000
10739209501000
10739228008000
10739246514000
10739265023000
10739283532000
10739302035000
10739320542000
10739339050000
10739357556000
10739376064000
10739394570000
10739413078000
10739431586000
10739450091000
10739468597000
10739487107000
10739505612000
10739524118000
10739542624000
10739561132000
10739579639000
10739598146000
10739616654000
10739635162000
10739653666000
10739672173000
10739690681000
10739709186000
10739727693000
10739746202000
10739764710000
10739783215000
10739801720000
10739820228000
10739838741000
10739857241000
10739875749000
10739894256000
10739912762000
10739931270000
10739949777000
10739968286000
10739986790000
10740005297000
10740023804000
10740042310000
10740060817000
10740079324000
10740097832000
10740116340000
10740134844000
10740153353000
10740171858000
10740190364000
10740208872000
10740227379000
10740245886000
10740264393000
10740282900000
10740301408000
10740319916000
10740338420000
10740356927000
10740375434000
10740393941000
10740412449000
10740430955000
10740449463000
10740467972000
10740486475000
10740541995000
10740560503000
10740579009000
10740597518000
10740616024000
10740634532000
10740653040000
10740671547000
10740690052000
10740708559000
10740727065000
10740745572000
10740764079000
10740782585000
10740801095000
10740819602000
10740838108000
10740856611000
10740875120000
10740893626000
10740912144000
10740930641000
10740949148000
10740967656000
10740986162000
10741004670000
10741023177000
10741041681000
10741060188000
10741078695000
10741097202000
10741115709000
10741134219000
10741152726000
10741171230000
10741189737000
10741208244000
10741226749000
10741245257000
10741263772000
10741282271000
10741300778000
10741319286000
10741337792000
10741356301000
10741374806000
10741393312000
10741411819000
10741430326000
10741448832000
10741467340000
10741485848000
10741504356000
10741522861000
10741541368000
10741559874000
10741578380000
10741596887000
10741615394000
10741633901000
10741652408000
10741670916000
10741689423000
10741707931000
10741726435000
10741744943000
10741763451000
10741781959000
10741800463000
10741818971000
10741837479000
10741855988000
10741874491000
10741892999000
10741911504000
10741930011000
10741948517000
10741967025000
10741985533000
10742004040000
10742022546000
10742041056000
10742059561000
10742078067000
10742096574000
10742115081000
10742133588000
10742152094000
10742170601000
10742189110000
10742207618000
10742226122000
10742244629000
10742263136000
10742281641000
10742300151000
10742318655000
10742337164000
10742355672000
10742374179000
10742392686000
10742411195000
10742429698000
10742448204000
10742466711000
10742485219000
10742503726000
10742522232000
10742540741000
10742559245000
10742577752000
10742596260000
10742614765000
10742633273000
10742651783000
10742670288000
10742688794000
10742707301000
10742725808000
10742744317000
10742762821000
10742781330000
10742799837000
10742818342000
10742836848000
10742855356000
10742873864000
10742892371000
10742910877000
10742929383000
10742947891000
10742966397000
10742984903000
10743003410000
10743021917000
10743040424000
10743058931000
10743077439000
10743095949000
10743114453000
10743132959000
10743151466000
10743169972000
10743188479000
10743206990000
10743225494000
10743244002000
10743262507000
10743281014000
10743299520000
10743318028000
10743336533000
10743355042000
10743373548000
10743392055000
10743410561000
10743429070000
10743447577000
10743466083000
10743484591000
10743503096000
10743521604000
10743540110000
10743558617000
10743577126000
10743595634000
10743614138000
10743632644000
10743651151000
10743669657000
10743688165000
10743706672000
10743725180000
10743743685000
10743762194000
10743780700000
10743799211000
10743817716000
10743836221000
10743854727000
10743873234000
10743891741000
10743910248000
10743928756000
10743947262000
10743965767000
10743984275000
10744002782000
10744021290000
10744039795000
10744058302000
10744076813000
10744095318000
10744113827000
10744132331000
10744150837000
10744169345000
10744187851000
10744206357000
10744224864000
10744243371000
10744261879000
10744280388000
10744298892000
10744317398000
10744335907000
10744354412000
10744372919000
10744391426000
10744409933000
10744428440000
10744446949000
10744465456000
10744483963000
10744502468000
10744520975000
10744539481000
10744557989000
10744576494000
10744595002000
10744613511000
10744632019000
10744650523000
10744669030000
10744687538000
10744706043000
10744724550000
10744743056000
10744761564000
10744780071000
10744798577000
10744817086000
10744835594000
10744854098000
10744872605000
10744891115000
10744909618000
10744928127000
10744946634000
10744965142000
10744983650000
10745002154000
10745020660000
10745039167000
10745057675000
10745076181000
10745094687000
10745113195000
10745131702000
10745150210000
10745168718000
10745187225000
10745205730000
10745224236000
10745242744000
10745261249000
10745279757000
10745298265000
10745316772000
10745335279000
10745353784000
10745372292000
10745390798000
10745409306000
10745427812000
10745446319000
10745464824000
10745483332000
10745501842000
10745520347000
10745538853000
10745557360000
10745575866000
10745594373000
10745612881000
10745631388000
10745649895000
10745668405000
10745686908000
10745705414000
10745723922000
10745742427000
10745760935000
10745779442000
10745797949000
10745816454000
10745834963000
10745853471000
10745871978000
10745890483000
10745908991000
10745927498000
10745946004000
10745964510000
10745983019000
10746001527000
10746020033000
10746038538000
10746057045000
10746075551000
10746094059000
10746112566000
10746131075000
10746149579000
10746168087000
10746186593000
10746205102000
10746223609000
10746242114000
10746260621000
10746279128000
10746297635000
10746316143000
10746334650000
10746353157000
10746371666000
10746390169000
10746408675000
10746427183000
10746445691000
10746464198000
10746482704000
10746501211000
10746519716000
10746538225000
10746556733000
10746575240000
10746593744000
10746612252000
10746630758000
10746649267000
10746667773000
10746686281000
10746704787000
10746723297000
10746741801000
10746760307000
10746778813000
10746797321000
10746815827000
10746834336000
10746852841000
10746871348000
10746889864000
10746908364000
10746926876000
10746945376000
10746963882000
10746982390000
10747000897000
10747019404000
10747037911000
10747056419000
10747074924000
10747093431000
10747111937000
10747130444000
10747148951000
10747167458000
10747185966000
10747204472000
10747222978000
10747241486000
10747259995000
10747278499000
10747297006000
10747315514000
10747334020000
10747352527000
10747371034000
10747389542000
10747408051000
10747426554000
10747445062000
10747463570000
10747482075000
10747500582000
10747519089000
10747537597000
10747556102000
10747574609000
10747593118000
10747611625000
10747630130000
10747648636000
10747667144000
10747685651000
10747704158000
10747722664000
10747741174000
10747759680000
10747778186000
10747796691000
10747815199000
10747833706000
10747852213000
10747870720000
10747889228000
10747907732000
10747926239000
10747944748000
10747963256000
10747981762000
10748000269000
10748018773000
10748037282000
10748055787000
10748074296000
10748092803000
10748111312000
10748129817000
10748148322000
10748166830000
10748185337000
10748203843000
10748222352000
10748240860000
10748259363000
10748277870000
10748296379000
10748314895000
10748333392000
10748351902000
10748370406000
10748388912000
10748407419000
10748425927000
10748444435000
10748462939000
10748481447000
10748499953000
10748518460000
10748536967000
10748555473000
10748573982000
10748592489000
10748610994000
10748629500000
10748648009000
10748666514000
10748685022000
10748703528000
10748722035000
10748740542000
10748759049000
10748777557000
10748796065000
10748814570000
10748833077000
10748851584000
10748870090000
10748888597000
10748907104000
10748925612000
10748944120000
10748962624000
10748981131000
10748999641000
10749018146000
10749036653000
10749055161000
10749073666000
10749092173000
10749110681000
10749129188000
10749147696000
10749166200000
10749184706000
10749203214000
10749221721000
10749240228000
10749258735000
10749277244000
10749295748000
10749314255000
10749332762000
10749351273000
10749369776000
10749388283000
10749406790000
10749425298000
10749443803000
10749462311000
10749480819000
10749499327000
10749517832000
10749536339000
10749554845000
10749573352000
10749591859000
10749610368000
10749628874000
10749647380000
10749665887000
10749684394000
10749702908000
10749721407000
10749739913000
10749758420000
10749776927000
10749795435000
10749813942000
10749832451000
10749850955000
10749869464000
10749887970000
10749906475000
10749924982000
10749943489000
10749961997000
10749980505000
10749999010000
10750017517000
10750036023000
10750054530000
10750073038000
10750091544000
10750110052000
10750128558000
10750147065000
10750165573000
10750184085000
10750202585000
10750221094000
10750239599000
10750258107000
10750276613000
10750295123000
10750313627000
10750332136000
10750350645000
10750369147000
10750387654000
10750406163000
10750424669000
10750443176000
10750461683000
10750480189000
10750498696000
10750517205000
10750535712000
10750554217000
10750572722000
10750591231000
10750609737000
10750628244000
10750646751000
10750665261000
10750683767000
10750702271000
10750720778000
10750739285000
10750757792000
10750776299000
10750794805000
10750813314000
10750831820000
10750850328000
10750868834000
10750887343000
10750905847000
10750924354000
10750942861000
10750961373000
10750979875000
10750998382000
10751016890000
10751035395000
10751053902000
10751072409000
10751090915000
10751109424000
10751127933000
10751146438000
10751164943000
10751183451000
10751201958000
10751220467000
10751238971000
10751257478000
10751275985000
10751294492000
10751312998000
10751331505000
10751350013000
10751368522000
10751387027000
10751405533000
10751424039000
10751442545000
10751461054000
10751479561000
10751498067000
10751516575000
10751535081000
10751553590000
10751572096000
10751590602000
10751609108000
10751627616000
10751646122000
10751664628000
10751683137000
10751701643000
10751720152000
10751738656000
10751757163000
10751775669000
10751794176000
10751812682000
10751831191000
10751849698000
10751868205000
10751886711000
10751905221000
10751923727000
10751942234000
10751960739000
10751979246000
10751997752000
10752016261000
10752034767000
10752053275000
10752071783000
10752090287000
10752108796000
10752127300000
10752145807000
10752164314000
10752182822000
10752201329000
10752219836000
10752238343000
10752256858000
10752275359000
10752293862000
10752312369000
10752330876000
10752349383000
10752367891000
10752386399000
10752404907000
10752423412000
10752441917000
10752460427000
10752478932000
10752497439000
10752515954000
10752534452000
10752552970000
10752571466000
10752589973000
10752608482000
10752626986000
10752645495000
10752664000000
10752682507000
10752701014000
10752719521000
10752738029000
10752756537000
10752775042000
10752793549000
10752812056000
10752830562000
10752849069000
10752867575000
10752886083000
10752904589000
10752923096000
10752941604000
10752960112000
10752978617000
10752997124000
10753015631000
10753034138000
10753052645000
10753071152000
10753089659000
10753108168000
10753126672000
10753145179000
10753163685000
10753182192000
10753200698000
10753219206000
10753237713000
10753256221000
10753274727000
10753293236000
10753311743000
10753330247000
10753348755000
10753367262000
10753385769000
10753404276000
10753422782000
10753441291000
10753459799000
10753478304000
10753496809000
10753515317000
10753533822000
10753552330000
10753570836000
10753589345000
10753607853000
10753626359000
10753644865000
10753663375000
10753681879000
10753700386000
10753718892000
10753737399000
10753755905000
10753774416000
10753792922000
10753811427000
10753829934000
10753848441000
10753866947000
10753885453000
10753903961000
10753922468000
10753940989000
10753959482000
10753977989000
10753996496000
10754015005000
10754033509000
10754052017000
10754070524000
10754089029000
10754107537000
10754126044000
10754144552000
10754163058000
10754181563000
10754200071000
10754218578000
10754237085000
10754255590000
10754274098000
10754292605000
10754311112000
10754329620000
10754348129000
10754366634000
10754385141000
10754403647000
10754422153000
10754440661000
10754459171000
10754477676000
10754496184000
10754514687000
10754533196000
10754551701000
10754570209000
10754588714000
10754607223000
10754625728000
10754644237000
10754662742000
10754681252000
10754699759000
10754718264000
10754736772000
10754755278000
10754773785000
10754792291000
10754810798000
10754829307000
10754847813000
10754866319000
10754884826000
10754903332000
10754921839000
10754940346000
10754958852000
10754977359000
10754995866000
10755014374000
10755032881000
10755051389000
10755069895000
10755088402000
10755106909000
10755125415000
10755143922000
10755162429000
10755180937000
10755199442000
10755217950000
10755236456000
10755254962000
10755273470000
10755291977000
10755310484000
10755328989000
10755347498000
10755366005000
10755384513000
10755403020000
10755421526000
10755440031000
10755458539000
10755477046000
10755495553000
10755514060000
10755532569000
10755551073000
10755569581000
10755588087000
10755606593000
10755625101000
10755643608000
10755662114000
10755680621000
10755699129000
10755717635000
10755736145000
10755754649000
10755773155000
10755791663000
10755810170000
10755828676000
10755847183000
10755865692000
10755884199000
10755902703000
10755921210000
10755939717000
10755958224000
10755976731000
10755995238000
10756013745000
10756032251000
10756050758000
10756069268000
10756087776000
10756106280000
10756124786000
10756143294000
10756161800000
10756180309000
10756198815000
10756217322000
10756235830000
10756254334000
10756272841000
10756291348000
10756309856000
10756328362000
10756346868000
10756365376000
10756383881000
10756402390000
10756420897000
10756439407000
10756457911000
10756476417000
10756494923000
10756513430000
10756531937000
10756550445000
10756568952000
10756587458000
10756605966000
10756624473000
10756642979000
10756661488000
10756679993000
10756698502000
10756717005000
10756735514000
10756754031000
10756772528000
10756791037000
10756809542000
10756828047000
10756846554000
10756865062000
10756883568000
10756902075000
10756920585000
10756939088000
10756957597000
10756976103000
10756994610000
10757013116000
10757031623000
10757050131000
10757068636000
10757087143000
10757105652000
10757124160000
10757142663000
10757161171000
10757179678000
10757198185000
10757216691000
10757235199000
10757253707000
10757272215000
10757290720000
10757309227000
10757327732000
10757346239000
10757364748000
10757383254000
10757401762000
10757420266000
10757438773000
10757457283000
10757475790000
10757494295000
10757512801000
10757531309000
10757549816000
10757568323000
10757586830000
10757605338000
10757623846000
10757642351000
10757660860000
10757679364000
10757697870000
10757716378000
10757734886000
10757753393000
10757771898000
10757790405000
10757808915000
10757827422000
10757845926000
10757864434000
10757882939000
10757901447000
10757919954000
10757938461000
10757956970000
10757975476000
10757993982000
10758012488000
10758030994000
10758049502000
10758068008000
10758086517000
10758105024000
10758123529000
10758142035000
10758160546000
10758179055000
10758197557000
10758216062000
10758234569000
10758253077000
10758271584000
10758290091000
10758308599000
10758327104000
10758345611000
10758364119000
10758382625000
10758401132000
10758419639000
10758438147000
10758456655000
10758475159000
10758493665000
10758512175000
10758530679000
10758549187000
10758567693000
10758586201000
10758604708000
10758623215000
10758641722000
10758660230000
10758678734000
10758697242000
10758715749000
10758734256000
10758752763000
10758771271000
10758789778000
10758808286000
10758826790000
10758845296000
10758863806000
10758882311000
10758900817000
10758919324000
10758937831000
10758956338000
10758974845000
10758993354000
10759011862000
10759030366000
10759048872000
10759067379000
10759085886000
10759104393000
10759122901000
10759141409000
10759159917000
10759178421000
10759196926000
10759215437000
10759233941000
10759252448000
10759270954000
10759289462000
10759307970000
10759326477000
10759344983000
10759363493000
10759381996000
10759400504000
10759419010000
10759437519000
10759456023000
10759474531000
10759493040000
10759511545000
10759530050000
10759548557000
10759567070000
10759585572000
10759604079000
10759622587000
10759641093000
10759659600000
10759678109000
10759696616000
10759715120000
10759733628000
10759752134000
10759770642000
10759789147000
10759807655000
10759826163000
10759844670000
10759863175000
10759881682000
10759900189000
10759918699000
10759937203000
10759955709000
10759974216000
10759992723000
10760011230000
10760029738000
10760048247000
10760066751000
10760085257000
10760103764000
10760122271000
10760140779000
10760159285000
10760177793000
10760196301000
10760214805000
10760233312000
10760251819000
10760270325000
10760288834000
10760307340000
10760325848000
10760344354000
10760362860000
10760381369000
10760399876000
10760418382000
10760436888000
10760455394000
10760473903000
10760492409000
10760510915000
10760529424000
10760547933000
10760566436000
10760584947000
10760603449000
10760621957000
10760640464000
10760658971000
10760677477000
10760695984000
10760714492000
10760732999000
10760751508000
10760770012000
10760788519000
10760807026000
10760825533000
10760844039000
10760862548000
10760881056000
10760899560000
10760918067000
10760936575000
10760955079000
10760973589000
10760992104000
10761010601000
10761029108000
10761047615000
10761066123000
10761084631000
10761103137000
10761121644000
10761140150000
10761158656000
10761177163000
10761195671000
10761214178000
10761232685000
10761251191000
10761269698000
10761288204000
10761306710000
10761325217000
10761343725000
10761362232000
10761380738000
10761399246000
10761417755000
10761436262000
10761454767000
10761473274000
10761491782000
10761510288000
10761528793000
10761547301000
10761565808000
10761584317000
10761602823000
10761621329000
10761639835000
10761658341000
10761676848000
10761695355000
10761713862000
10761732369000
10761750876000
10761769385000
10761787893000
10761806398000
10761824904000
10761843412000
10761861917000
10761880425000
10761898932000
10761917441000
10761935948000
10761954452000
10761972960000
10761991465000
10762009973000
10762028479000
10762046986000
10762065494000
10762083999000
10762102508000
10762121015000
10762139526000
10762158028000
10762176536000
10762195041000
10762213548000
10762232055000
10762250563000
10762269071000
10762287576000
10762306083000
10762324590000
10762343096000
10762361603000
10762380112000
10762398617000
10762417124000
10762435632000
10762454138000
10762472646000
10762491156000
10762509660000
10762528165000
10762546672000
10762565179000
10762583686000
10762602194000
10762620701000
10762639206000
10762657714000
10762676220000
10762694727000
10762713233000
10762731739000
10762750249000
10762768754000
10762787261000
10762805769000
10762824279000
10762842781000
10762861289000
10762879795000
10762898303000
10762916810000
10762935317000
10762953824000
10762972333000
10762990838000
10763009344000
10763027853000
10763046357000
10763064864000
10763083372000
10763101878000
10763120385000
10763138892000
10763157402000
10763175908000
10763194413000
10763212918000
10763231427000
10763249933000
10763268440000
10763286950000
10763305455000
10763323964000
10763342469000
10763360975000
10763379482000
10763397989000
10763416495000
10763435003000
10763453510000
10763472017000
10763490524000
10763509031000
10763527540000
10763546043000
10763564550000
10763583057000
10763601565000
10763620071000
10763638579000
10763657086000
10763675592000
10763694100000
10763712605000
10763731112000
10763749618000
10763768126000
10763786633000
10763805141000
10763823649000
10763842154000
10763860662000
10763879167000
10763897674000
10763916181000
10763934689000
10763953196000
10763971702000
10763990211000
10764008718000
10764027223000
10764045730000
10764064236000
10764082742000
10764101249000
10764119756000
10764138263000
10764156770000
10764175278000
10764193784000
10764212295000
10764230798000
10764249305000
10764267812000
10764286319000
10764304826000
10764323333000
10764341842000
10764360348000
10764378853000
10764397361000
10764415866000
10764434375000
10764452880000
10764471387000
10764489894000
10764508402000
10764526908000
10764545417000
10764563923000
10764582429000
10764600936000
10764619442000
10764637949000
10764656457000
10764674964000
10764693471000
10764711978000
10764730484000
10764748991000
10764767499000
10764786003000
10764804510000
10764823018000
10764841524000
10764860033000
10764878539000
10764897046000
10764915554000
10764934060000
10764952566000
10764971072000
10764989581000
10765008087000
10765026594000
10765045101000
10765063607000
10765082114000
10765100621000
10765119128000
10765137636000
10765156143000
10765174648000
10765193154000
10765211664000
10765230173000
10765248677000
10765267186000
10765285690000
10765304196000
10765322704000
10765341212000
10765359718000
10765378225000
10765396733000
10765415238000
10765433744000
10765452252000
10765470759000
10765489266000
10765507776000
10765526278000
10765544785000
10765563293000
10765581800000
10765600308000
10765618814000
10765637320000
10765655828000
10765674335000
10765692840000
10765711349000
10765729857000
10765748364000
10765766869000
10765785375000
10765803882000
10765822390000
10765840896000
10765859403000
10765877909000
10765896418000
10765914923000
10765933432000
10765951939000
10765970445000
10765988952000
10766007458000
10766025966000
10766044473000
10766062978000
10766081487000
10766099995000
10766118499000
10766137006000
10766155514000
10766174020000
10766192528000
10766211033000
10766229540000
10766248046000
10766266555000
10766285062000
10766303570000
10766322075000
10766340582000
10766359088000
10766377596000
10766396102000
10766414609000
10766433118000
10766451626000
10766470129000
10766488638000
10766507144000
10766525650000
10766544157000
10766562665000
10766581170000
10766599678000
10766618198000
10766636694000
10766655201000
10766673707000
10766692212000
10766710720000
10766729229000
10766747735000
10766766241000
10766784749000
10766803254000
10766821762000
10766840268000
10766858774000
10766877281000
10766895787000
10766914295000
10766932801000
10766951308000
10766969816000
10766988325000
10767006829000
10767025337000
10767043842000
10767062350000
10767080863000
10767099364000
10767117872000
10767136379000
10767154884000
10767173392000
10767191897000
10767210405000
10767228911000
10767247419000
10767265926000
10767284432000
10767302939000
10767321447000
10767339956000
10767358460000
10767376966000
10767395473000
10767413981000
10767432487000
10767450995000
10767469503000
10767488011000
10767506515000
10767525022000
10767543529000
10767562035000
10767580543000
10767599049000
10767617558000
10767636063000
10767654570000
10767673079000
10767691587000
10767710090000
10767728598000
10767747104000
10767765612000
10767784119000
10767802627000
10767821135000
10767839641000
10767858145000
10767876652000
10767895159000
10767913666000
10767932174000
10767950683000
10767969188000
10767987693000
10768006200000
10768024708000
10768043225000
10768061722000
10768080228000
10768098735000
10768117241000
10768135750000
10768154257000
10768172766000
10768191269000
10768209777000
10768228283000
10768246789000
10768265297000
10768283803000
10768302312000
10768320819000
10768339324000
10768357831000
10768376341000
10768394847000
10768413353000
10768431860000
10768450366000
10768468883000
10768487379000
10768505888000
10768524395000
10768542899000
10768561407000
10768579914000
10768598420000
10768616926000
10768635435000
10768653942000
10768672451000
10768690954000
10768709462000
10768727970000
10768746476000
10768764982000
10768783490000
10768801996000
10768820504000
10768839011000
10768857518000
10768876025000
10768894530000
10768913037000
10768931544000
10768950051000
10768968558000
10768987065000
10769005574000
10769024082000
10769042586000
10769061093000
10769079602000
10769098106000
10769116613000
10769135120000
10769153627000
10769172134000
10769190642000
10769209150000
10769227656000
10769246161000
10769264669000
10769283174000
10769301683000
10769320188000
10769338697000
10769357204000
10769375710000
10769394215000
10769412723000
10769431236000
10769449737000
10769468243000
10769486751000
10769505257000
10769523766000
10769542272000
10769560780000
10769579285000
10769597791000
10769616298000
10769634806000
10769653313000
10769671818000
10769690328000
10769708834000
10769727340000
10769745845000
10769764353000
10769782863000
10769801369000
10769819874000
10769838381000
10769856887000
10769875395000
10769893902000
10769912411000
10769930915000
10769949422000
10769967930000
10769986436000
10770004943000
10770023450000
10770041959000
10770060466000
10770078970000
10770097477000
10770115985000
10770134490000
10770152999000
10770171505000
10770190012000
10770208519000
10770227026000
10770245534000
10770264041000
10770282546000
10770301054000
10770319561000
10770338066000
10770356576000
10770375081000
10770393588000
10770412097000
10770430602000
10770449108000
10770467614000
10770486121000
10770504629000
10770523135000
10770541643000
10770560149000
10770578657000
10770597165000
10770615672000
10770634176000
10770652684000
10770671191000
10770689699000
10770708205000
10770726712000
10770745222000
10770763725000
10770782231000
10770800739000
10770819246000
10770837752000
10770856267000
10770874767000
10770893273000
10770911780000
10770930288000
10770948795000
10770967301000
10770985808000
10771004314000
10771022821000
10771041329000
10771059834000
10771078343000
10771096854000
10771115355000
10771133862000
10771152369000
10771170875000
10771189383000
10771207890000
10771226397000
10771244904000
10771263411000
10771281918000
10771300426000
10771318931000
10771337439000
10771355945000
10771374455000
10771392958000
10771411466000
10771429974000
10771448481000
10771466986000
10771485495000
10771503999000
10771522508000
10771541014000
10771559521000
10771578028000
10771596534000
10771615042000
10771633549000
10771652058000
10771670564000
10771689070000
10771707576000
10771726082000
10771744589000
10771763097000
10771781604000
10771800112000
10771818617000
10771837123000
10771855630000
10771874138000
10771892644000
10771911151000
10771929658000
10771948165000
10771966673000
10771985180000
10772003688000
10772022193000
10772040700000
10772059207000
10772077713000
10772096220000
10772114728000
10772133236000
10772151741000
10772170247000
10772188755000
10772207260000
10772225768000
10772244278000
10772262783000
10772281288000
10772299796000
10772318303000
10772336811000
10772355320000
10772373826000
10772392330000
10772410837000
10772429344000
10772447850000
10772466358000
10772484866000
10772503372000
10772521879000
10772540385000
10772558891000
10772577398000
10772595905000
10772614412000
10772632920000
10772651426000
10772669934000
10772688443000
10772706946000
10772725454000
10772743960000
10772762467000
10772780975000
10772799481000
10772817989000
10772836499000
10772855002000
10772873509000
10772892016000
10772910522000
10772929028000
10772947536000
10772966045000
10772984551000
10773003058000
10773021566000
10773040073000
10773058578000
10773077083000
10773095591000
10773114097000
10773132606000
10773151112000
10773169621000
10773188130000
10773206632000
10773225139000
10773243647000
10773262152000
10773280660000
10773299167000
10773317674000
10773336181000
10773354688000
10773373197000
10773391704000
10773410209000
10773428715000
10773447222000
10773465729000
10773484235000
10773502743000
10773521253000
10773539761000
10773558262000
10773576770000
10773595277000
10773613784000
10773632290000
10773650798000
10773669318000
10773687811000
10773706320000
10773724828000
10773743335000
10773761839000
10773780346000
10773798852000
10773817359000
10773835868000
10773854375000
10773872883000
10773891389000
10773909894000
10773928401000
10773946907000
10773965413000
10773983920000
10774002427000
10774020934000
10774039443000
10774057949000
10774076457000
10774094962000
10774113469000
10774131976000
10774150484000
10774168991000
10774187499000
10774206005000
10774224513000
10774243017000
10774261524000
10774280032000
10774298539000
10774317044000
10774335551000
10774354059000
10774372569000
10774391073000
10774409580000
10774428088000
10774446593000
10774465100000
10774483607000
10774502113000
10774520620000
10774539130000
10774557636000
10774576143000
10774594648000
10774613155000
10774631662000
10774650169000
10774668675000
10774687183000
10774705691000
10774724197000
10774742705000
10774761211000
10774779719000
10774798225000
10774816731000
10774835238000
10774853744000
10774872252000
10774890760000
10774909266000
10774927775000
10774946278000
10774964786000
10774983294000
10775001800000
10775020306000
10775038815000
10775057325000
10775075827000
10775094334000
10775112843000
10775131349000
10775149854000
10775168361000
10775186868000
10775205375000
10775223882000
10775242390000
10775260899000
10775279403000
10775297909000
10775316416000
10775334924000
10775353431000
10775371938000
10775390443000
10775408949000
10775427457000
10775445965000
10775464473000
10775482979000
10775501487000
10775519993000
10775538500000
10775557006000
10775575513000
10775594021000
10775612529000
10775631033000
10775649541000
10775668048000
10775686555000
10775705061000
10775723569000
10775742073000
10775760581000
10775779088000
10775797596000
10775816105000
10775834609000
10775853116000
10775871623000
10775890130000
10775908637000
10775927143000
10775945651000
10775964160000
10775982665000
10776001171000
10776019678000
10776038185000
10776056691000
10776075199000
10776093705000
10776112211000
10776130719000
10776149228000
10776167736000
10776186240000
10776204747000
10776223252000
10776241760000
10776260268000
10776278774000
10776297281000
10776315791000
10776334294000
10776352802000
10776371308000
10776389816000
10776408322000
10776426830000
10776445334000
10776463842000
10776482364000
10776500863000
10776519366000
10776537870000
10776556377000
10776574885000
10776593391000
10776611897000
10776630405000
10776648913000
10776667419000
10776685926000
10776704433000
10776722938000
10776741446000
10776759952000
10776778461000
10776796965000
10776815474000
10776833984000
10776852488000
10776870997000
10776889500000
10776908008000
10776926516000
10776945021000
10776963528000
10776982037000
10777000544000
10777019049000
10777037557000
10777056064000
10777074572000
10777093077000
10777111584000
10777130091000
10777148597000
10777167103000
10777185612000
10777204121000
10777222625000
10777241133000
10777259638000
10777278145000
10777296652000
10777315160000
10777333667000
10777352175000
10777370680000
10777389187000
10777407695000
10777426201000
10777444707000
10777463216000
10777481723000
10777500228000
10777518735000
10777537243000
10777555751000
10777574255000
10777592763000
10777611270000
10777629776000
10777648283000
10777666791000
10777685298000
10777703807000
10777722309000
10777740818000
10777759324000
10777777830000
10777796337000
10777814846000
10777833353000
10777851858000
10777870364000
10777888873000
10777907383000
10777925886000
10777944392000
10777962900000
10777981406000
10777999914000
10778018420000
10778036930000
10778055433000
10778073941000
10778092448000
10778110955000
10778129461000
10778147968000
10778166476000
10778184983000
10778203488000
10778221996000
10778240504000
10778259014000
10778277517000
10778296023000
10778314530000
10778333038000
10778351545000
10778370052000
10778388562000
10778407065000
10778425572000
10778444079000
10778462585000
10778481091000
10778499599000
10778518106000
10778536615000
10778555118000
10778573626000
10778592134000
10778610640000
10778629147000
10778647655000
10778666161000
10778684668000
10778703175000
10778721683000
10778740191000
10778758695000
10778777202000
10778795709000
10778814217000
10778832723000
10778851229000
10778869738000
10778888245000
10778906750000
10778925256000
10778943766000
10778962270000
10778980779000
10778999284000
10779017791000
10779036300000
10779054806000
10779073313000
10779091821000
10779110326000
10779128833000
10779147340000
10779165846000
10779184353000
10779202862000
10779221370000
10779239874000
10779258381000
10779276887000
10779295403000
10779313902000
10779332407000
10779350916000
10779369423000
10779387930000
10779406436000
10779424944000
10779443449000
10779461958000
10779480463000
10779498972000
10779517477000
10779535984000
10779554492000
10779572999000
10779591504000
10779610011000
10779628520000
10779647027000
10779665532000
10779684039000
10779702546000
10779721054000
10779739560000
10779758068000
10779776575000
10779795081000
10779813587000
10779832094000
10779850601000
10779869108000
10779887615000
10779906122000
10779924631000
10779943135000
10779961642000
10779980148000
10779998659000
10780017162000
10780035670000
10780054177000
10780072684000
10780091192000
10780109698000
10780128207000
10780146712000
10780165219000
10780183726000
10780202231000
10780220740000
10780239245000
10780257754000
10780276263000
10780294767000
10780313274000
10780331779000
10780350285000
10780368793000
10780387301000
10780405807000
10780424314000
10780442821000
10780461329000
10780479837000
10780498340000
10780516849000
10780535356000
10780553864000
10780572369000
10780590876000
10780609384000
10780627890000
10780646397000
10780664903000
10780683409000
10780701916000
10780720456000
10780738932000
10780757438000
10780775946000
10780794452000
10780812960000
10780831468000
10780849973000
10780868479000
10780886987000
10780905493000
10780924000000
10780942507000
10780961015000
10780979520000
10780998027000
10781016534000
10781035041000
10781053550000
10781072054000
10781090561000
10781109068000
10781127575000
10781146083000
10781164592000
10781183095000
10781201604000
10781220110000
10781238617000
10781257123000
10781275630000
10781294137000
10781312646000
10781331150000
10781349658000
10781368164000
10781386671000
10781405178000
10781423685000
10781442192000
10781460699000
10781479206000
10781497723000
10781516222000
10781534726000
10781553233000
10781571740000
10781590246000
10781608754000
10781627261000
10781645769000
10781664278000
10781682783000
10781701288000
10781719795000
10781738302000
10781756808000
10781775326000
10781793824000
10781812330000
10781830837000
10781849345000
10781867853000
10781886357000
10781904865000
10781923371000
10781941878000
10781960384000
10781978892000
10781997400000
10782015909000
10782034412000
10782052919000
10782071426000
10782089933000
10782108442000
10782126947000
10782145452000
10782163960000
10782182468000
10782200976000
10782219483000
10782237989000
10782256495000
10782275001000
10782293508000
10782312015000
10782330523000
10782349031000
10782367536000
10782386043000
10782404551000
10782423056000
10782441564000
10782460069000
10782478577000
10782497084000
10782552607000
10782571111000
10782589619000
10782608126000
10782626632000
10782645139000
10782663646000
10782682155000
10782700662000
10782719168000
10782737675000
10782756180000
10782774686000
10782793194000
10782811700000
10782830208000
10782848715000
10782867222000
10782885731000
10782904237000
10782922742000
10782941248000
10782959755000
10782978262000
10782996769000
10783015276000
10783033785000
10783052293000
10783070798000
10783089304000
10783107814000
10783126317000
10783144824000
10783163330000
10783181838000
10783200345000
10783218853000
10783237360000
10783255869000
10783274373000
10783292879000
10783311388000
10783329893000
10783348399000
10783366907000
10783385416000
10783403927000
10783422427000
10783440934000
10783459441000
10783477948000
10783496455000
10783514962000
10783533469000
10783551976000
10783570484000
10783588992000
10783607498000
10783626003000
10783644510000
10783663018000
10783681526000
10783700031000
10783718539000
10783737047000
10783755551000
10783774058000
10783792566000
10783811072000
10783829578000
10783848084000
10783866592000
10783885101000
10783903607000
10783922115000
10783940622000
10783959131000
10783977635000
10783996142000
10784014649000
10784033155000
10784051662000
10784070170000
10784088678000
10784107181000
10784125688000
10784144195000
10784162702000
10784181209000
10784199716000
10784218225000
10784236731000
10784255239000
10784273745000
10784292252000
10784310757000
10784329265000
10784347772000
10784366279000
10784384786000
10784403292000
10784421801000
10784440307000
10784458813000
10784477320000
10784495826000
10784514334000
10784532840000
10784551346000
10784569855000
10784588360000
10784606868000
10784625376000
10784643884000
10784662387000
10784680896000
10784699403000
10784717910000
10784736417000
10784754925000
10784773431000
10784791939000
10784810443000
10784828950000
10784847457000
10784865964000
10784884471000
10784902977000
10784921483000
10784939991000
10784958499000
10784977006000
10784995514000
10785014020000
10785032526000
10785051033000
10785069539000
10785088046000
10785106554000
10785125062000
10785143567000
10785162073000
10785180581000
10785199087000
10785217594000
10785236103000
10785254607000
10785273114000
10785291622000
10785310129000
10785328637000
10785347144000
10785365650000
10785384157000
10785402665000
10785421171000
10785439677000
10785458185000
10785476693000
10785495197000
10785513705000
10785532211000
10785550718000
10785569226000
10785587734000
10785606237000
10785624746000
10785643252000
10785661761000
10785680268000
10785698774000
10785717280000
10785735788000
10785754295000
10785772801000
10785791308000
10785809816000
10785828324000
10785846829000
10785865336000
10785883843000
10785902349000
10785920863000
10785939363000
10785957870000
10785976375000
10785994885000
10786013391000
10786031901000
10786050403000
10786068911000
10786087417000
10786105924000
10786124433000
10786142940000
10786161446000
10786179955000
10786198459000
10786216967000
10786235473000
10786253981000
10786272486000
10786290995000
10786309499000
10786328008000
10786346516000
10786365023000
10786383530000
10786402035000
10786420541000
10786439048000
10786457555000
10786476062000
10786494569000
10786513078000
10786531583000
10786550091000
10786568596000
10786587104000
10786605612000
10786624117000
10786642625000
10786661130000
10786679637000
10786698145000
10786716653000
10786735161000
10786753666000
10786772173000
10786790679000
10786809185000
10786827693000
10786846200000
10786864708000
10786883213000
10786901720000
10786920229000
10786938737000
10786957242000
10786975748000
10786994256000
10787012761000
10787031268000
10787049776000
10787068284000
10787086790000
10787105296000
10787123804000
10787142311000
10787160818000
10787179323000
10787197832000
10787216339000
10787234845000
10787253351000
10787271859000
10787290364000
10787308872000
10787327379000
10787345888000
10787364391000
10787382898000
10787401408000
10787419916000
10787438420000
10787456926000
10787475434000
10787493941000
10787512447000
10787530956000
10787549462000
10787567970000
10787586474000
10787604981000
10787623488000
10787641995000
10787660501000
10787679009000
10787697517000
10787716022000
10787734529000
10787753038000
10787771553000
10787790050000
10787808557000
10787827064000
10787845571000
10787864078000
10787882586000
10787901095000
10787919601000
10787938106000
10787956613000
10787975118000
10787993625000
10788012132000
10788030640000
10788049148000
10788067653000
10788086162000
10788104668000
10788123176000
10788141681000
10788160187000
10788178695000
10788197201000
10788215708000
10788234216000
10788252724000
10788271228000
10788289736000
10788308243000
10788326749000
10788345256000
10788363763000
10788382272000
10788400779000
10788419285000
10788437791000
10788456299000
10788474806000
10788493311000
10788511819000
10788530325000
10788548832000
10788567339000
10788585847000
10788604355000
10788622859000
10788641366000
10788659873000
10788678380000
10788696887000
10788715394000
10788733903000
10788752410000
10788770913000
10788789421000
10788807931000
10788826434000
10788844943000
10788863449000
10788881957000
10788900463000
10788918970000
10788937478000
10788955986000
10788974489000
10788992997000
10789011504000
10789030011000
10789048517000
10789067025000
10789085535000
10789104039000
10789122544000
10789141052000
10789159568000
10789178065000
10789196573000
10789215081000
10789233586000
10789252094000
10789270601000
10789289109000
10789307616000
10789326121000
10789344628000
10789363135000
10789381641000
10789400148000
10789418656000
10789437164000
10789455669000
10789474175000
10789492682000
10789511191000
10789529697000
10789548203000
10789566710000
10789585219000
10789603723000
10789622231000
10789640739000
10789659244000
10789677751000
10789696258000
10789714765000
10789733273000
10789751779000
10789770287000
10789788794000
10789807299000
10789825805000
10789844311000
10789862820000
10789881328000
10789899836000
10789918341000
10789936848000
10789955354000
10789973863000
10789992370000
10790010875000
10790029383000
10790047889000
10790066396000
10790084903000
10790103410000
10790121919000
10790140427000
10790158930000
10790177436000
10790195944000
10790214449000
10790232957000
10790251464000
10790269973000
10790288477000
10790306986000
10790325493000
10790344001000
10790362505000
10790381014000
10790399519000
10790418027000
10790436533000
10790455041000
10790473549000
10790492057000
10790510561000
10790529067000
10790547575000
10790566081000
10790584591000
10790603097000
10790621606000
10790640109000
10790658616000
10790677124000
10790695633000
10790714137000
10790732643000
10790751150000
10790769656000
10790788164000
10790806672000
10790825179000
10790843684000
10790862191000
10790880698000
10790899204000
10790917711000
10790936219000
10790954725000
10790973232000
10790991740000
10791010248000
10791028755000
10791047260000
10791065767000
10791084274000
10791102783000
10791121288000
10791139795000
10791158301000
10791176810000
10791195315000
10791213822000
10791232327000
10791250835000
10791269342000
10791287850000
10791306356000
10791324863000
10791343369000
10791361878000
10791380387000
10791398890000
10791417398000
10791435904000
10791454411000
10791472919000
10791491426000
10791509933000
10791528440000
10791546945000
10791565453000
10791583960000
10791602466000
10791620974000
10791639479000
10791657988000
10791676494000
10791695001000
10791713510000
10791732018000
10791750520000
10791769028000
10791787535000
10791806041000
10791824550000
10791843056000
10791861569000
10791880071000
10791898577000
10791917083000
10791935590000
10791954097000
10791972612000
10791991112000
10792009617000
10792028124000
10792046632000
10792065140000
10792083648000
10792102153000
10792120659000
10792139165000
10792157673000
10792176179000
10792194687000
10792213195000
10792231700000
10792250207000
10792268714000
10792287220000
10792305727000
10792324235000
10792342741000
10792361248000
10792379755000
10792398263000
10792416770000
10792435277000
10792453783000
10792472289000
10792490797000
10792509303000
10792527811000
10792546318000
10792564827000
10792583331000
10792601838000
10792620346000
10792638851000
10792657358000
10792675866000
10792694372000
10792712879000
10792731385000
10792749894000
10792768402000
10792786907000
10792805413000
10792823920000
10792842426000
10792860934000
10792879440000
10792897949000
10792916457000
10792934962000
10792953468000
10792971975000
10792990481000
10793008988000
10793027495000
10793046002000
10793064511000
10793083017000
10793101524000
10793120032000
10793138537000
10793157043000
10793175550000
10793194057000
10793212565000
10793231071000
10793249579000
10793268088000
10793286592000
10793305099000
10793323606000
10793342111000
10793360619000
10793379125000
10793397641000
10793416140000
10793434648000
10793453156000
10793471664000
10793490167000
10793508674000
10793527181000
10793545689000
10793564195000
10793582702000
10793601211000
10793619716000
10793638222000
10793656729000
10793675235000
10793693743000
10793712249000
10793730757000
10793749263000
10793767772000
10793786278000
10793804788000
10793823291000
10793841798000
10793860305000
10793878812000
10793897318000
10793915827000
10793934333000
10793952843000
10793971346000
10793989854000
10794008359000
10794026869000
10794045374000
10794063880000
10794082386000
10794100894000
10794119400000
10794137909000
10794156417000
10794174922000
10794193428000
10794211935000
10794230442000
10794248949000
10794267455000
10794285965000
10794304472000
10794322976000
10794341483000
10794359990000
10794378497000
10794397005000
10794415510000
10794434017000
10794452526000
10794471032000
10794489539000
10794508048000
10794526551000
10794545060000
10794563566000
10794582073000
10794600580000
10794619088000
10794637596000
10794656103000
10794674608000
10794693115000
10794711621000
10794730128000
10794748635000
10794767142000
10794785652000
10794804156000
10794822662000
10794841172000
10794859678000
10794878185000
10794896689000
10794915198000
10794933705000
10794952212000
10794970718000
10794989227000
10795007732000
10795026238000
10795044745000
10795063251000
10795081759000
10795100266000
10795118772000
10795137278000
10795155786000
10795174293000
10795192802000
10795211309000
10795229814000
10795248320000
10795266827000
10795285336000
10795303841000
10795322349000
10795340862000
10795359361000
10795377869000
10795396376000
10795414882000
10795433390000
10795451897000
10795470403000
10795488910000
10795507416000
10795525924000
10795544432000
10795562938000
10795581444000
10795599951000
10795618458000
10795636965000
10795655471000
10795673980000
10795692487000
10795710992000
10795729500000
10795748007000
10795766513000
10795785020000
10795803527000
10795822033000
10795840540000
10795859048000
10795877555000
10795896064000
10795914568000
10795933075000
10795951581000
10795970088000
10795988595000
10796007103000
10796025610000
10796044119000
10796062622000
10796081132000
10796099637000
10796118145000
10796136650000
10796155158000
10796173664000
10796192171000
10796210688000
10796229187000
10796247694000
10796266198000
10796284706000
10796303212000
10796321719000
10796340226000
10796358734000
10796377245000
10796395747000
10796414253000
10796432761000
10796451267000
10796469775000
10796488281000
10796506789000
10796525294000
10796543800000
10796562309000
10796580817000
10796599325000
10796617830000
10796636341000
10796654843000
10796673349000
10796691856000
10796710364000
10796728872000
10796747377000
10796765884000
10796784392000
10796802898000
10796821404000
10796839913000
10796858419000
10796876925000
10796895431000
10796913941000
10796932448000
10796950955000
10796969460000
10796987966000
10797006474000
10797024980000
10797043488000
10797061995000
10797080503000
10797099008000
10797117515000
10797136023000
10797154529000
10797173036000
10797191543000
10797210052000
10797228555000
10797247063000
10797265571000
10797284082000
10797302584000
10797321090000
10797339598000
10797358104000
10797376611000
10797395118000
10797413626000
10797432134000
10797450638000
10797469145000
10797487653000
10797506160000
10797524666000
10797543173000
10797561681000
10797580186000
10797598693000
10797617202000
10797635718000
10797654215000
10797672721000
10797691229000
10797709734000
10797728242000
10797746749000
10797765257000
10797783765000
10797802269000
10797820776000
10797839283000
10797857791000
10797876296000
10797894804000
10797913313000
10797931817000
10797950324000
10797968833000
10797987340000
10798005845000
10798024352000
10798042859000
10798061366000
10798079872000
10798098380000
10798116888000
10798135394000
10798153901000
10798172408000
10798190914000
10798209419000
10798227927000
10798246436000
10798264945000
10798283447000
10798301954000
10798320463000
10798338969000
10798357475000
10798375983000
10798394489000
10798412997000
10798431503000
10798450011000
10798468519000
10798487024000
10798505531000
10798524037000
10798542545000
10798561051000
10798579559000
10798598067000
10798616573000
10798635079000
10798653585000
10798672094000
10798690599000
10798709106000
10798727612000
10798746120000
10798764626000
10798783134000
10798801643000
10798820150000
10798838653000
10798857161000
10798875667000
10798894174000
10798912682000
10798931189000
10798949697000
10798968207000
10798986709000
10799005217000
10799023742000
10799042230000
10799060736000
10799079243000
10799097750000
10799116257000
10799134765000
10799153274000
10799171780000
10799190284000
10799208791000
10799227298000
10799245805000
10799264311000
10799282820000
10799301327000
10799319834000
10799338338000
10799356847000
10799375357000
10799393860000
10799412367000
10799430874000
10799449380000
10799467888000
10799486396000
10799504904000
10799523409000
10799541916000
10799560422000
10799578929000
10799597436000
10799615943000
10799634450000
10799652962000
10799671465000
10799689970000
10799708476000
10799726983000
10799745492000
10799763998000
10799782505000
10799801014000
10799819519000
10799838026000
10799856534000
10799875040000
10799893547000
10799912053000
10799930560000
10799949067000
10799967575000
10799986081000
10800004590000
10800023094000
10800041601000
10800060107000
10800078614000
10800097123000
10800115628000
10800134137000
10800152643000
10800171149000
10800189656000
10800208167000
10800226671000
10800245178000
10800263685000
10800282191000
10800300697000
10800319205000
10800337713000
10800356221000
10800374724000
10800393231000
10800411738000
10800430245000
10800448756000
10800467260000
10800485775000
10800504273000
10800522780000
10800541289000
10800559796000
10800578301000
10800596807000
10800615315000
10800633821000
10800652328000
10800670836000
10800689343000
10800707849000
10800726355000
10800744866000
10800763368000
10800781875000
10800800383000
10800818890000
10800837396000
10800855903000
10800874411000
10800892919000
10800911424000
10800929931000
10800948439000
10800966945000
10800985451000
10801003960000
10801022467000
10801040974000
10801059479000
10801077987000
10801096492000
10801114999000
10801133507000
10801152013000
10801170520000
10801189027000
10801207534000
10801226043000
10801244549000
10801263055000
10801281562000
10801300068000
10801318575000
10801337083000
10801355590000
10801374097000
10801392606000
10801411110000
10801429616000
10801448125000
10801466630000
10801485138000
10801503644000
10801522151000
10801540657000
10801559165000
10801577673000
10801596182000
10801614686000
10801633193000
10801651699000
10801670206000
10801688713000
10801707221000
10801725727000
10801744236000
10801762741000
10801781248000
10801799753000
10801818260000
10801836771000
10801855275000
10801873781000
10801892289000
10801910797000
10801929304000
10801947813000
10801966317000
10801984823000
10802003330000
10802021836000
10802040344000
10802058851000
10802077359000
10802095865000
10802114371000
10802132878000
10802151383000
10802169891000
10802188397000
10802206907000
10802225412000
10802243919000
10802262426000
10802280934000
10802299438000
10802317946000
10802336452000
10802354961000
10802373467000
10802391974000
10802410482000
10802428990000
10802447494000
10802466002000
10802484508000
10802503015000
10802521522000
10802540028000
10802558536000
10802577045000
10802595550000
10802614058000
10802632566000
10802651070000
10802669577000
10802688084000
10802706592000
10802725099000
10802743604000
10802762113000
10802780621000
10802799126000
10802817632000
10802836139000
10802854645000
10802873153000
10802891660000
10802910167000
10802928673000
10802947181000
10802965687000
10802984196000
10803002701000
10803021207000
10803039715000
10803058222000
10803076729000
10803095235000
10803113744000
10803132253000
10803150755000
10803169263000
10803187770000
10803206277000
10803224784000
10803243290000
10803261803000
10803280305000
10803298811000
10803317318000
10803335826000
10803354332000
10803372838000
10803391347000
10803409852000
10803428359000
10803446866000
10803465376000
10803483879000
10803502387000
10803520894000
10803539400000
10803557907000
10803576413000
10803594920000
10803613428000
10803631934000
10803650441000
10803668950000
10803687458000
10803705963000
10803724468000
10803742977000
10803761482000
10803779991000
10803798496000
10803817005000
10803835509000
10803854017000
10803872524000
10803891033000
10803909537000
10803928044000
10803946551000
10803965058000
10803983566000
10804002074000
10804020581000
10804039087000
10804057592000
10804076100000
10804094605000
10804113113000
10804131621000
10804150129000
10804168635000
10804187141000
10804205647000
10804224156000
10804242661000
10804261167000
10804279674000
10804298183000
10804316689000
10804335196000
10804353704000
10804372212000
10804390716000
10804409224000
10804427730000
10804446237000
10804464744000
10804483252000
10804501759000
10804520267000
10804538773000
10804557279000
10804575786000
10804594293000
10804612798000
10804631306000
10804649818000
10804668320000
10804686836000
10804705335000
10804723843000
10804742349000
10804760857000
10804779362000
10804797869000
10804816375000
10804834882000
10804853391000
10804871897000
10804890402000
10804908908000
10804927415000
10804945922000
10804964429000
10804982936000
10805001443000
10805019950000
10805038457000
10805056965000
10805075472000
10805093977000
10805112484000
10805130991000
10805149498000
10805168006000
10805186513000
10805205021000
10805223526000
10805242035000
10805260539000
10805279046000
10805297553000
10805316061000
10805334566000
10805353074000
10805371580000
10805390088000
10805408598000
10805427101000
10805445608000
10805464115000
10805482621000
10805501129000
10805519635000
10805538144000
10805556651000
10805575158000
10805593663000
10805612170000
10805630677000
10805649184000
10805667692000
10805686196000
10805704704000
10805723212000
10805741720000
10805760226000
10805778731000
10805797239000
10805815747000
10805834253000
10805852759000
10805871266000
10805889775000
10805908283000
10805926787000
10805945294000
10805963800000
10805982307000
10806000815000
10806019322000
10806037827000
10806056335000
10806074850000
10806093350000
10806111857000
10806130364000
10806148870000
10806167377000
10806185883000
10806204390000
10806222899000
10806241409000
10806259913000
10806278417000
10806296924000
10806315431000
10806333938000
10806352444000
10806370954000
10806389459000
10806407967000
10806426472000
10806444980000
10806463488000
10806481993000
10806500499000
10806519006000
10806537514000
10806556022000
10806574529000
10806593036000
10806611541000
10806630047000
10806648556000
10806667061000
10806685569000
10806704077000
10806722583000
10806741089000
10806759595000
10806778103000
10806796612000
10806815117000
10806833624000
10806852131000
10806870637000
10806889145000
10806907651000
10806926159000
10806944666000
10806963173000
10806981679000
10807000186000
10807018694000
10807037199000
10807055708000
10807074216000
10807092719000
10807111226000
10807129734000
10807148243000
10807166746000
10807185254000
10807203761000
10807222269000
10807240776000
10807259282000
10807277791000
10807296298000
10807314802000
10807333309000
10807351824000
10807370324000
10807388831000
10807407339000
10807425975000
10807444350000
10807462856000
10807481366000
10807499881000
10807518378000
10807536884000
10807555391000
10807573899000
10807592407000
10807610914000
10807629420000
10807647928000
10807666434000
10807684940000
10807703447000
10807721953000
10807740461000
10807758969000
10807777476000
10807795981000
10807814487000
10807832996000
10807851505000
10807870008000
10807888515000
10807907022000
10807925530000
10807944036000
10807962543000
10807981053000
10807999559000
10808018066000
10808036571000
10808055077000
10808073585000
10808092091000
10808110600000
10808129107000
10808147611000
10808166118000
10808184627000
10808203135000
10808221639000
10808240147000
10808258653000
10808277161000
10808295666000
10808314175000
10808332682000
10808351188000
10808369694000
10808388201000
10808406707000
10808425217000
10808443721000
10808462230000
10808480737000
10808499241000
10808517749000
10808536259000
10808554763000
10808573271000
10808591777000
10808610284000
10808628790000
10808647298000
10808665806000
10808684314000
10808702818000
10808721325000
10808739833000
10808758339000
10808776845000
10808795353000
10808813860000
10808832368000
10808850873000
10808869380000
10808887891000
10808906393000
10808924905000
10808943407000
10808961914000
10808980422000
10808998929000
10809017436000
10809035944000
10809054450000
10809072956000
10809091464000
10809109970000
10809128475000
10809146983000
10809165491000
10809183998000
10809202502000
10809221009000
10809239521000
10809258025000
10809276531000
10809295039000
10809313545000
10809332052000
10809350558000
10809369067000
10809387574000
10809406079000
10809424586000
10809443092000
10809461599000
10809480106000
10809498615000
10809517122000
10809535627000
10809554133000
10809572640000
10809591152000
10809609656000
10809628161000
10809646668000
10809665176000
10809683682000
10809702190000
10809720699000
10809739204000
10809757711000
10809776218000
10809794723000
10809813230000
10809831737000
10809850245000
10809868753000
10809887257000
10809905763000
10809924271000
10809942777000
10809961286000
10809979791000
10809998299000
10810016807000
10810035313000
10810053821000
10810072329000
10810090835000
10810109341000
10810127847000
10810146354000
10810164861000
10810183368000
10810201876000
10810220385000
10810238889000
10810257396000
10810275901000
10810294408000
10810312918000
10810331423000
10810349930000
10810368437000
10810386944000
10810405452000
10810423960000
10810442464000
10810460971000
10810479478000
10810497986000
10810516492000
10810534999000
10810553506000
10810572015000
10810590519000
10810609025000
10810627532000
10810646039000
10810664546000
10810683054000
10810701560000
10810720068000
10810738575000
10810757083000
10810775588000
10810794094000
10810812603000
10810831108000
10810849615000
10810868123000
10810886630000
10810905138000
10810923643000
10810942151000
10810960656000
10810979162000
10810997669000
10811016177000
10811034684000
10811053192000
10811071697000
10811090207000
10811108714000
10811127219000
10811145724000
10811164232000
10811182738000
10811201246000
10811219753000
10811238262000
10811256768000
10811275274000
10811293780000
10811312286000
10811330793000
10811349301000
10811367808000
10811386316000
10811404821000
10811423328000
10811441838000
10811460344000
10811478850000
10811497355000
10811515862000
10811534370000
10811552876000
10811571384000
10811589892000
10811608400000
10811626904000
10811645413000
10811663918000
10811682425000
10811700933000
10811719438000
10811737945000
10811756455000
10811774960000
10811793468000
10811811975000
10811830480000
10811848986000
10811867494000
10811886000000
10811904508000
10811923016000
10811941523000
10811960030000
10811978536000
10811997041000
10812015547000
10812034054000
10812052561000
10812071069000
10812089576000
10812108084000
10812126589000
10812145098000
10812163605000
10812182110000
10812200617000
10812219125000
10812237631000
10812256138000
10812274647000
10812293154000
10812311658000
10812330165000
10812348672000
10812367179000
10812385684000
10812404192000
10812422699000
10812441207000
10812459714000
10812478221000
10812496729000
10812515234000
10812533741000
10812552248000
10812570754000
10812589262000
10812607768000
10812626276000
10812644785000
10812663289000
10812681795000
10812700303000
10812718808000
10812737316000
10812755822000
10812774331000
10812792837000
10812811344000
10812829851000
10812848360000
10812866864000
10812885372000
10812903878000
10812922385000
10812940898000
10812959400000
10812977907000
10812996415000
10813014920000
10813033427000
10813051933000
10813070441000
10813088947000
10813107454000
10813125967000
10813144468000
10813162975000
10813181483000
10813199991000
10813218496000
10813237001000
10813255511000
10813274015000
10813292523000
10813311030000
10813329539000
10813348046000
10813366549000
10813385057000
10813403563000
10813422070000
10813440577000
10813459083000
10813477591000
10813496098000
10813514605000
10813533113000
10813551621000
10813570126000
10813588633000
10813607140000
10813625648000
10813644152000
10813662661000
10813681169000
10813699673000
10813718182000
10813736687000
10813755194000
10813773702000
10813792208000
10813810714000
10813829222000
10813847728000
10813866236000
10813884744000
10813903250000
10813921756000
10813940265000
10813958771000
10813977278000
10813995783000
10814014293000
10814032799000
10814051305000
10814069811000
10814088318000
10814106826000
10814125331000
10814143839000
10814162345000
10814180856000
10814199360000
10814217868000
10814236375000
10814254881000
10814273389000
10814291894000
10814310400000
10814328907000
10814347414000
10814365922000
10814384432000
10814402936000
10814421443000
10814439948000
10814458458000
10814476963000
10814495469000
10814513975000
10814532483000
10814550991000
10814569498000
10814588005000
10814606512000
10814625018000
10814643524000
10814662031000
10814680538000
10814699045000
10814717554000
10814736061000
10814754565000
10814773074000
10814791579000
10814810086000
10814828593000
10814847100000
10814865606000
10814884116000
10814902622000
10814921129000
10814939637000
10814958142000
10814976648000
10814995155000
10815013663000
10815032170000
10815050676000
10815069184000
10815087690000
10815106196000
10815124705000
10815143210000
10815161717000
10815180223000
10815198729000
10815217236000
10815235744000
10815254252000
10815272761000
10815291267000
10815309771000
10815328279000
10815346785000
10815365292000
10815383799000
10815402308000
10815420815000
10815439320000
10815457828000
10815476334000
10815494840000
10815513350000
10815531855000
10815550361000
10815568867000
10815587376000
10815605882000
10815624391000
10815642895000
10815661402000
10815679909000
10815698416000
10815716922000
10815735432000
10815753938000
10815772446000
10815790954000
10815809457000
10815827964000
10815846472000
10815864978000
10815883485000
10815901992000
10815920498000
10815939016000
10815957515000
10815976022000
10815994526000
10816013033000
10816031540000
10816050046000
10816068555000
10816087061000
10816105570000
10816124076000
10816142581000
10816161088000
10816179594000
10816198102000
10816216608000
10816235119000
10816253621000
10816272128000
10816290637000
10816309144000
10816327651000
10816346157000
10816364662000
10816383170000
10816401677000
10816420184000
10816438691000
10816457200000
10816475706000
10816494211000
10816512718000
10816531226000
10816549732000
10816568239000
10816586746000
10816605252000
10816623760000
10816642269000
10816660775000
10816679281000
10816697788000
10816716294000
10816734801000
10816753308000
10816771816000
10816790323000
10816808831000
10816827335000
10816845842000
10816864349000
10816882856000
10816901363000
10816919871000
10816938378000
10816956883000
10816975390000
10816993897000
10817012407000
10817030910000
10817049418000
10817067924000
10817086431000
10817104939000
10817123446000
10817141953000
10817160461000
10817178966000
10817197473000
10817215979000
10817234486000
10817252992000
10817271500000
10817290009000
10817308513000
10817327020000
10817345529000
10817364044000
10817382542000
10817401049000
10817419556000
10817438062000
10817456570000
10817475076000
10817493584000
10817512092000
10817530596000
10817549104000
10817567610000
10817586117000
10817604624000
10817623132000
10817641639000
10817660144000
10817678650000
10817697159000
10817715667000
10817734172000
10817752679000
10817771186000
10817789693000
10817808199000
10817826708000
10817845215000
10817863723000
10817882228000
10817900734000
10817919241000
10817937747000
10817956256000
10817974762000
10817993270000
10818011774000
10818030282000
10818048789000
10818067298000
10818085803000
10818104310000
10818122817000
10818141324000
10818159830000
10818178339000
10818196846000
10818215350000
10818233858000
10818252365000
10818270873000
10818289381000
10818307887000
10818326393000
10818344901000
10818363405000
10818381912000
10818400422000
10818418929000
10818437433000
10818455940000
10818474447000
10818492954000
10818511460000
10818529969000
10818548476000
10818566981000
10818585488000
10818603996000
10818622503000
10818641009000
10818659517000
10818678024000
10818696532000
10818715036000
10818733545000
10818752060000
10818770557000
10818789068000
10818807572000
10818826078000
10818844585000
10818863091000
10818881600000
10818900107000
10818918614000
10818937119000
10818955627000
10818974133000
10818992640000
10819011147000
10819029658000
10819048162000
10819066666000
10819085173000
10819103683000
10819122188000
10819140696000
10819159202000
10819177708000
10819196215000
10819214723000
10819233230000
10819251738000
10819270243000
10819288750000
10819307256000
10819325763000
10819344270000
10819362778000
10819381286000
10819399791000
10819418299000
10819436803000
10819455315000
10819473819000
10819492325000
10819510833000
10819529339000
10819547845000
10819566354000
10819584862000
10819603367000
10819621874000
10819640382000
10819658887000
10819677394000
10819695901000
10819714409000
10819732916000
10819751422000
10819769928000
10819788435000
10819806942000
10819825450000
10819843956000
10819862463000
10819880969000
10819899476000
10819917984000
10819936493000
10819954996000
10819973506000
10819992013000
10820010519000
10820029024000
10820047532000
10820066040000
10820084548000
10820103051000
10820121560000
10820140066000
10820158573000
10820177098000
10820195587000
10820214093000
10820232600000
10820251107000
10820269615000
10820288126000
10820306629000
10820325134000
10820343641000
10820362148000
10820380655000
10820399163000
10820417671000
10820436178000
10820454682000
10820473190000
10820491696000
10820510204000
10820528709000
10820547217000
10820565723000
10820584231000
10820602738000
10820621246000
10820639754000
10820658259000
10820676764000
10820695273000
10820713778000
10820732285000
10820750793000
10820769301000
10820787806000
10820806314000
10820824819000
10820843326000
10820861833000
10820880341000
10820898847000
10820917355000
10820935862000
10820954368000
10820972877000
10820991384000
10821009889000
10821028396000
10821046902000
10821065410000
10821083915000
10821102426000
10821120931000
10821139437000
10821157943000
10821176450000
10821194958000
10821213465000
10821231971000
10821250479000
10821268985000
10821287491000
10821306001000
10821324508000
10821343013000
10821361519000
10821380026000
10821398533000
10821417040000
10821435547000
10821454054000
10821472564000
10821491067000
10821509574000
10821528081000
10821546588000
10821565097000
10821583603000
10821602109000
10821620616000
10821639123000
10821657630000
10821676138000
10821694643000
10821713150000
10821731657000
10821750163000
10821768672000
10821787177000
10821805687000
10821824193000
10821842699000
10821861204000
10821879710000
10821898217000
10821916724000
10821935232000
10821953740000
10821972249000
10821990753000
10822009262000
10822027769000
10822046274000
10822064780000
10822083287000
10822101794000
10822120301000
10822138810000
10822157316000
10822175824000
10822194328000
10822212836000
10822231342000
10822249849000
10822268357000
10822286863000
10822305370000
10822323877000
10822342384000
10822360892000
10822379400000
10822397905000
10822416411000
10822434918000
10822453425000
10822471932000
10822490440000
10822508948000
10822527452000
10822545959000
10822564466000
10822582973000
10822601479000
10822619986000
10822638494000
10822657001000
10822675507000
10822694014000
10822712523000
10822731027000
10822749537000
10822768042000
10822786549000
10822805056000
10822823562000
10822842069000
10822860578000
10822879082000
10822897590000
10822916096000
10822934603000
10822953111000
10822971619000
10823008631000
10823027152000
10823045646000
10823064154000
10823082658000
10823101165000
10823119673000
10823138180000
10823156688000
10823175193000
10823193701000
10823212209000
10823230714000
10823249222000
10823267727000
10823286233000
10823304740000
10823323247000
10823341754000
10823360263000
10823378768000
10823397277000
10823415784000
10823434289000
10823452795000
10823471302000
10823489810000
10823508319000
10823526823000
10823545333000
10823563841000
10823582344000
10823600855000
10823619358000
10823637865000
10823656372000
10823674878000
10823693386000
10823711892000
10823730400000
10823748907000
10823767416000
10823785920000
10823804428000
10823822934000
10823841441000
10823859947000
10823878455000
10823896962000
10823915468000
10823933977000
10823952482000
10823970989000
10823989497000
10824008002000
10824026512000
10824045016000
10824063523000
10824082030000
10824100540000
10824119043000
10824137550000
10824156058000
10824174565000
10824193072000
10824211579000
10824230086000
10824248593000
10824267098000
10824285606000
10824304111000
10824322620000
10824341126000
10824359633000
10824378144000
10824396646000
10824415153000
10824433661000
10824452169000
10824470674000
10824489182000
10824507689000
10824526195000
10824544701000
10824563209000
10824581717000
10824600227000
10824618728000
10824637236000
10824655743000
10824674251000
10824692756000
10824711263000
10824729771000
10824748277000
10824766784000
10824785292000
10824803799000
10824822305000
10824840812000
10824859318000
10824877825000
10824896332000
10824914840000
10824933347000
10824951854000
10824970359000
10824988867000
10825007375000
10825025880000
10825044387000
10825062894000
10825081400000
10825099909000
10825118415000
10825136923000
10825155431000
10825173935000
10825192447000
10825210948000
10825229456000
10825247963000
10825266470000
10825284977000
10825303483000
10825321991000
10825340497000
10825359004000
10825377512000
10825396018000
10825414525000
10825433031000
10825451538000
10825470046000
10825488554000
10825507061000
10825525570000
10825544072000
10825562581000
10825581086000
10825599595000
10825618101000
10825636609000
10825655114000
10825673621000
10825692127000
10825710634000
10825729141000
10825747649000
10825766155000
10825784663000
10825803173000
10825821678000
10825840184000
10825858690000
10825877196000
10825895703000
10825914210000
10825932718000
10825951223000
10825969733000
10825988240000
10826006744000
10826025252000
10826043757000
10826062264000
10826117786000
10826136292000
10826154799000
10826173308000
10826191816000
10826210320000
10826228827000
10826247335000
10826265840000
10826284348000
10826302854000
10826321363000
10826339870000
10826358376000
10826376882000
10826395389000
10826413896000
10826432403000
10826450911000
10826469417000
10826487922000
10826506430000
10826524939000
10826543446000
10826561951000
10826580459000
10826598964000
10826617472000
10826635977000
10826654486000
10826672994000
10826691499000
10826710006000
10826728512000
10826747020000
10826765528000
10826784033000
10826802542000
10826821046000
10826839555000
10826858062000
10826876570000
10826895077000
10826913583000
10826932089000
10826950596000
10826969102000
10826987610000
10827006117000
10827024625000
10827043129000
10827061637000
10827080143000
10827098650000
10827117158000
10827135665000
10827154171000
10827172677000
10827191185000
10827209693000
10827228215000
10827246705000
10827265212000
10827283719000
10827302225000
10827320733000
10827339240000
10827357749000
10827376255000
10827394761000
10827413267000
10827431775000
10827450280000
10827468787000
10827487294000
10827505803000
10827524309000
10827542815000
10827561323000
10827579831000
10827598336000
10827616843000
10827635350000
10827653857000
10827672363000
10827690870000
10827709378000
10827727886000
10827746390000
10827764899000
10827783404000
10827801911000
10827820418000
10827838925000
10827857434000
10827875938000
10827894445000
10827912953000
10827931462000
10827949967000
10827968475000
10827986980000
10828005487000
10828023995000
10828042501000
10828061010000
10828079517000
10828098022000
10828116528000
10828135034000
10828153544000
10828172048000
10828190557000
10828209065000
10828227569000
10828246083000
10828264586000
10828283092000
10828301596000
10828320103000
10828338611000
10828357120000
10828375625000
10828394131000
10828412640000
10828431145000
10828449652000
10828468158000
10828486665000
10828505173000
10828523679000
10828542187000
10828560699000
10828579200000
10828597707000
10828616226000
10828634720000
10828653227000
10828671735000
10828690242000
10828708749000
10828727255000
10828745765000
10828764271000
10828782776000
10828801283000
10828819790000
10828838296000
10828856818000
10828875312000
10828893817000
10828912325000
10828930829000
10828949337000
10828967846000
10828986351000
10829004861000
10829023365000
10829041872000
10829060379000
10829078887000
10829097394000
10829115901000
10829134407000
10829152913000
10829171420000
10829189927000
10829208434000
10829226941000
10829245449000
10829263956000
10829282461000
10829300969000
10829319477000
10829337981000
10829356489000
10829374996000
10829393503000
10829412008000
10829430518000
10829449024000
10829467532000
10829486039000
10829504544000
10829523051000
10829541558000
10829560063000
10829578572000
10829597081000
10829615587000
10829634091000
10829652598000
10829671108000
10829689612000
10829708120000
10829726626000
10829745132000
10829763641000
10829782147000
10829800656000
10829819163000
10829837667000
10829856174000
10829874682000
10829893187000
10829911694000
10829930202000
10829948711000
10829967216000
10829985723000
10830004229000
10830022739000
10830041254000
10830059751000
10830078269000
10830096765000
10830115270000
10830133778000
10830152286000
10830170791000
10830189298000
10830207806000
10830226311000
10830244818000
10830263327000
10830281833000
10830300342000
10830318846000
10830337352000
10830355859000
10830374366000
10830392874000
10830411381000
10830429887000
10830448394000
10830466901000
10830485410000
10830503916000
10830522423000
10830540929000
10830559435000
10830577943000
10830596449000
10830614956000
10830633466000
10830651972000
10830670476000
10830688983000
10830707490000
10830725997000
10830744505000
10830763011000
10830781519000
10830800025000
10830818532000
10830837039000
10830855547000
10830874053000
10830892559000
10830911066000
10830929574000
10830948080000
10830966588000
10830985096000
10831003601000
10831022108000
10831040613000
10831059120000
10831077628000
10831096135000
10831114641000
10831133149000
10831151655000
10831170162000
10831188671000
10831207181000
10831225684000
10831244189000
10831262698000
10831281204000
10831299710000
10831318217000
10831336726000
10831355232000
10831373738000
10831392244000
10831410751000
10831429274000
10831447766000
10831466274000
10831484779000
10831503285000
10831521794000
10831540302000
10831558809000
10831577313000
10831595821000
10831614327000
10831632834000
10831651341000
10831669848000
10831688357000
10831706861000
10831725369000
10831743874000
10831762382000
10831780889000
10831799396000
10831817903000
10831836409000
10831854916000
10831873424000
10831891932000
10831910437000
10831928943000
10831947451000
10831965958000
10831984465000
10832002971000
10832021481000
10832039987000
10832058492000
10832076999000
10832095505000
10832114013000
10832132519000
10832151026000
10832169533000
10832188039000
10832206548000
10832225055000
10832243563000
10832262068000
10832280575000
10832299082000
10832317589000
10832336095000
10832354602000
10832373111000
10832391620000
10832410122000
10832428631000
10832447137000
10832465642000
10832484150000
10832502659000
10832521163000
10832539671000
10832558178000
10832576687000
10832595195000
10832613699000
10832632205000
10832650713000
10832669218000
10832687727000
10832706234000
10832724741000
10832743247000
10832761754000
10832780261000
10832798766000
10832817273000
10832835781000
10832854291000
10832872795000
10832891302000
10832909810000
10832928318000
10832946825000
10832965330000
10832983837000
10833002342000
10833020849000
10833039356000
10833057865000
10833076372000
10833094877000
10833113384000
10833131891000
10833150397000
10833168903000
10833187411000
10833205919000
10833224426000
10833242931000
10833261440000
10833279948000
10833298453000
10833316961000
10833335467000
10833353974000
10833372480000
10833390988000
10833409495000
10833428002000
10833446508000
10833465015000
10833483522000
10833502028000
10833520534000
10833539041000
10833557549000
10833576056000
10833594563000
10833613072000
10833631579000
10833650083000
10833668590000
10833687097000
10833705604000
10833724111000
10833742618000
10833761126000
10833779636000
10833798138000
10833816646000
10833835151000
10833853660000
10833872165000
10833890672000
10833909179000
10833927686000
10833946194000
10833964701000
10833983211000
10834001715000
10834020220000
10834038728000
10834057234000
10834075741000
10834094248000
10834112758000
10834131262000
10834149769000
10834168276000
10834186782000
10834205288000
10834223797000
10834242305000
10834260811000
10834279321000
10834297826000
10834316332000
10834334841000
10834353345000
10834371852000
10834390358000
10834408866000
10834427372000
10834445880000
10834464388000
10834482891000
10834501400000
10834519906000
10834538413000
10834556919000
10834575426000
10834593932000
10834612441000
10834630946000
10834649455000
10834667962000
10834686469000
10834704974000
10834723482000
10834741990000
10834760495000
10834779002000
10834797511000
10834816018000
10834834523000
10834853030000
10834871537000
10834890044000
10834908550000
10834927056000
10834945565000
10834964071000
10834982578000
10835001086000
10835019594000
10835038098000
10835056606000
10835075113000
10835093621000
10835112126000
10835130633000
10835149141000
10835167649000
10835186153000
10835204661000
10835223167000
10835241674000
10835260180000
10835278689000
10835297195000
10835315702000
10835334209000
10835352717000
10835371224000
10835389730000
10835408237000
10835426743000
10835445250000
10835463757000
10835482264000
10835500773000
10835519279000
10835537784000
10835556290000
10835574800000
10835593305000
10835611813000
10835630317000
10835648826000
10835667342000
10835685840000
10835704348000
10835722856000
10835741361000
10835759866000
10835778374000
10835796881000
10835815387000
10835833895000
10835852403000
10835870908000
10835889415000
10835907922000
10835926429000
10835944937000
10835963442000
10835981948000
10836000456000
10836018964000
10836037470000
10836055978000
10836074484000
10836092998000
10836111497000
10836130005000
10836148511000
10836167020000
10836185526000
10836204033000
10836222540000
10836241046000
10836259552000
10836278060000
10836296566000
10836315076000
10836333580000
10836352087000
10836370595000
10836389102000
10836407609000
10836426114000
10836444621000
10836463128000
10836481634000
10836500142000
10836518649000
10836537157000
10836555665000
10836574169000
10836592676000
10836611183000
10836629690000
10836648196000
10836666705000
10836685210000
10836703717000
10836722224000
10836740732000
10836759239000
10836777745000
10836796253000
10836814758000
10836833265000
10836851774000
10836870280000
