10575775236000
10575793742000
10575812251000
10575830759000
10575849263000
10575867770000
10575886278000
10575904783000
10575923291000
10575941800000
10575960305000
10575978810000
10575997319000
10576015826000
10576034338000
10576052838000
10576071346000
10576089854000
10576108359000
10576126867000
10576145374000
10576163882000
10576182387000
10576200893000
10576219402000
10576237908000
10576256416000
10576274922000
10576293429000
10576311934000
10576330442000
10576348961000
10576367459000
10576385962000
10576404470000
10576422977000
10576441485000
10576459990000
10576478497000
10576497006000
10576515514000
10576534018000
10576552525000
10576571033000
10576589539000
10576608046000
10576626553000
10576645060000
10576663565000
10576682072000
10576700580000
10576719090000
10576737594000
10576756101000
10576774607000
10576793115000
10576811621000
10576830129000
10576848636000
10576867144000
10576885649000
10576904155000
10576922663000
10576941171000
10576959675000
10576978185000
10576996691000
10577015197000
10577033702000
10577052217000
10577070721000
10577089225000
10577107732000
10577126238000
10577144745000
10577163253000
10577181759000
10577200267000
10577218773000
10577237281000
10577255786000
10577274293000
10577292799000
10577311307000
10577329815000
10577348323000
10577366828000
10577385335000
10577403842000
10577422348000
10577440862000
10577459362000
10577477869000
10577496376000
10577514883000
10577533391000
10577551898000
10577570405000
10577588913000
10577607417000
10577625924000
10577644431000
10577662938000
10577681446000
10577699953000
10577718460000
10577736965000
10577755474000
10577773982000
10577792486000
10577810992000
10577829500000
10577848006000
10577866513000
10577885022000
10577903530000
10577922034000
10577940542000
10577959048000
10577977555000
10577996061000
10578014570000
10578033077000
10578051582000
10578070090000
10578088595000
10578107105000
10578125610000
10578144117000
10578162623000
10578181131000
10578199636000
10578218145000
10578236652000
10578255159000
10578273665000
10578292172000
10578310679000
10578329186000
10578347693000
10578366201000
10578384709000
10578403213000
10578421719000
10578440226000
10578458733000
10578477242000
10578495748000
10578514254000
10578532760000
10578551268000
10578569775000
10578588285000
10578606789000
10578625296000
10578643802000
10578662309000
10578680816000
10578699324000
10578717831000
10578736341000
10578754843000
10578773350000
10578791857000
10578810364000
10578828870000
10578847378000
10578865887000
10578884396000
10578902900000
10578921407000
10578939916000
10578958419000
10578976926000
10578995434000
10579013940000
10579032447000
10579050955000
10579069464000
10579087970000
10579106475000
10579124981000
10579143488000
10579162001000
10579180502000
10579199011000
10579217517000
10579236023000
10579254531000
10579273038000
10579291543000
10579310051000
10579328557000
10579347065000
10579365572000
10579384077000
10579402585000
10579421093000
10579439598000
10579458105000
10579476611000
10579495119000
10579513627000
10579532133000
10579550639000
10579569147000
10579587654000
10579606162000
10579624669000
10579643174000
10579661681000
10579680188000
10579698694000
10579717203000
10579735709000
10579754218000
10579772724000
10579791229000
10579809736000
10579828243000
10579846749000
10579865255000
10579883765000
10579902271000
10579920778000
10579939285000
10579957792000
10579976301000
10579994805000
10580013313000
10580031819000
10580050326000
10580068833000
10580087340000
10580105849000
10580124356000
10580142860000
10580161367000
10580179874000
10580198381000
10580216886000
10580235396000
10580253901000
10580272408000
10580290916000
10580309424000
10580327931000
10580346437000
10580364944000
10580383450000
10580401958000
10580420465000
10580438970000
10580457479000
10580475984000
10580494491000
10580512999000
10580531504000
10580550011000
10580568518000
10580587031000
10580605533000
10580624039000
10580642547000
10580661055000
10580679561000
10580698066000
10580716573000
10580735080000
10580753588000
10580772094000
10580790603000
10580809110000
10580827614000
10580846122000
10580864628000
10580883136000
10580901642000
10580920148000
10580938656000
10580957163000
10580975670000
10580994178000
10581012686000
10581031190000
10581049697000
10581068205000
10581086712000
10581105219000
10581123725000
10581142234000
10581160742000
10581179245000
10581197753000
10581216261000
10581234767000
10581253273000
10581271779000
10581290287000
10581308793000
10581327301000
10581345809000
10581364317000
10581382826000
10581401329000
10581419834000
10581438343000
10581456850000
10581475357000
10581493865000
10581512370000
10581530877000
10581549384000
10581567890000
10581586397000
10581604905000
10581623410000
10581641918000
10581660426000
10581678932000
10581697440000
10581715945000
10581734453000
10581752959000
10581771466000
10581789972000
10581808480000
10581826987000
10581845495000
10581864001000
10581882508000
10581901096000
10581919522000
10581938027000
10581956534000
10581975045000
10581993548000
10582012055000
10582030565000
10582049071000
10582067578000
10582086083000
10582104590000
10582123097000
10582141604000
10582160111000
10582178618000
10582197127000
10582215631000
10582234138000
10582252646000
10582271152000
10582289658000
10582308165000
10582326673000
10582345180000
10582363687000
10582382195000
10582400702000
10582419207000
10582437713000
10582456221000
10582474727000
10582493235000
10582511742000
10582530250000
10582548755000
10582567262000
10582585769000
10582604276000
10582622783000
10582641290000
10582659795000
10582678302000
10582696811000
10582715318000
10582733825000
10582752331000
10582770837000
10582789345000
10582807852000
10582826358000
10582844864000
10582863375000
10582881881000
10582900387000
10582918893000
10582937400000
10582955907000
10582974413000
10582992921000
10583011427000
10583029933000
10583048441000
10583066948000
10583085458000
10583103963000
10583122469000
10583140975000
10583159483000
10583177990000
10583196496000
10583215003000
10583233512000
10583252016000
10583270523000
10583289031000
10583307537000
10583326043000
10583344553000
10583363057000
10583381564000
10583400090000
10583418580000
10583437088000
10583455593000
10583474101000
10583492606000
10583511114000
10583529620000
10583548128000
10583566636000
10583585144000
10583603647000
10583622154000
10583640662000
10583659168000
10583677675000
10583696184000
10583714689000
10583733195000
10583751703000
10583770212000
10583788718000
10583807224000
10583825730000
10583844237000
10583862744000
10583881252000
10583899758000
10583918267000
10583936772000
10583955278000
10583973785000
10583992292000
10584010799000
10584029306000
10584047814000
10584066319000
10584084826000
10584103334000
10584121841000
10584140347000
10584158854000
10584177361000
10584195868000
10584214375000
10584232882000
10584251390000
10584269897000
10584288402000
10584306909000
10584325416000
10584343923000
10584362430000
10584380937000
10584399468000
10584417951000
10584436459000
10584454965000
10584473474000
10584491978000
10584510485000
10584528992000
10584547499000
10584566005000
10584584515000
10584603023000
10584621528000
10584640033000
10584658539000
10584677046000
10584695554000
10584714061000
10584732570000
10584751101000
10584769581000
10584788087000
10584806596000
10584825110000
10584843609000
10584862117000
10584880623000
10584899129000
10584917637000
10584936144000
10584954652000
10584973159000
10584991664000
10585010171000
10585028678000
10585047185000
10585065691000
10585084200000
10585102707000
10585121211000
10585139718000
10585158228000
10585176733000
10585195240000
10585213747000
10585232260000
10585250760000
10585269268000
10585287775000
10585306283000
10585324787000
10585343295000
10585361802000
10585380308000
10585398815000
10585417322000
10585435830000
10585454339000
10585472842000
10585491349000
10585509858000
10585528365000
10585546870000
10585565378000
10585583883000
10585602391000
10585620898000
10585639407000
10585657914000
10585676419000
10585694926000
10585713432000
10585731939000
10585750447000
10585768954000
10585787462000
10585805969000
10585824473000
10585842979000
10585861490000
10585879995000
10585898501000
10585917008000
10585935516000
10585954021000
10585972530000
10585991037000
10586009542000
10586028050000
10586046556000
10586065063000
10586083571000
10586102077000
10586120586000
10586139092000
10586157599000
10586176104000
10586194611000
10586213128000
10586231626000
10586250131000
10586268640000
10586287146000
10586305653000
10586324161000
10586342668000
10586361173000
10586379680000
10586398187000
10586416695000
10586435201000
10586453707000
10586472215000
10586490723000
10586509228000
10586527735000
10586546242000
10586564748000
10586583256000
10586601763000
10586620270000
10586638776000
10586657283000
10586675791000
10586694299000
10586712805000
10586731311000
10586749818000
10586768326000
10586786832000
10586805340000
10586823847000
10586842355000
10586860860000
10586879365000
10586897872000
10586916379000
10586934887000
10586953394000
10586971900000
10586990407000
10587008915000
10587027423000
10587045931000
10587064435000
10587082941000
10587101448000
10587119955000
10587138462000
10587156971000
10587175478000
10587193983000
10587212491000
10587230996000
10587249503000
10587268011000
10587286518000
10587305025000
10587323533000
10587342038000
10587360547000
10587379053000
10587397559000
10587416067000
10587434573000
10587453080000
10587471587000
10587490093000
10587508602000
10587527109000
10587545614000
10587564120000
10587582628000
10587601143000
10587619641000
10587638151000
10587656655000
10587675162000
10587693671000
10587712178000
10587730685000
10587749189000
10587767696000
10587786204000
10587804711000
10587823217000
10587841724000
10587860231000
10587878739000
10587897245000
10587915751000
10587934258000
10587952764000
10587971271000
10587989779000
10588008286000
10588026793000
10588045301000
10588063807000
10588082316000
10588100821000
10588119327000
10588137834000
10588156341000
10588174849000
10588193357000
10588211863000
10588230371000
10588248884000
10588267383000
10588285888000
10588304395000
10588322902000
10588341411000
10588359917000
10588378424000
10588396931000
10588415439000
10588433949000
10588452451000
10588470957000
10588489465000
10588507972000
10588526480000
10588544987000
10588563496000
10588582001000
10588600507000
10588619013000
10588637520000
10588656026000
10588674532000
10588693041000
10588711548000
10588730054000
10588748562000
10588767071000
10588785576000
10588804081000
10588822589000
10588841096000
10588859602000
10588878110000
10588896617000
10588915125000
10588933631000
10588952136000
10588970645000
10588989150000
10589007657000
10589026163000
10589044675000
10589063191000
10589081687000
10589100193000
10589118701000
10589137206000
10589155714000
10589174221000
10589192727000
10589211233000
10589229741000
10589248249000
10589266758000
10589285262000
10589303767000
10589322275000
10589340781000
10589359288000
10589377794000
10589396302000
10589414811000
10589433317000
10589451824000
10589470333000
10589488836000
10589507344000
10589525851000
10589544357000
10589562864000
10589581372000
10589599879000
10589618386000
10589636892000
10589655398000
10589673905000
10589692413000
10589710919000
10589729427000
10589747933000
10589766439000
10589784948000
10589803455000
10589821960000
10589840469000
10589858974000
10589877482000
10589895989000
10589914495000
10589933003000
10589951511000
10589970017000
10589988523000
10590007032000
10590025537000
10590044043000
10590062550000
10590081056000
10590099567000
10590118071000
10590136581000
10590155087000
10590173593000
10590192100000
10590210605000
10590229113000
10590247619000
10590266126000
10590284635000
10590303141000
10590321647000
10590340153000
10590358660000
10590377168000
10590395674000
10590414179000
10590432688000
10590451204000
10590469703000
10590488210000
10590506718000
10590525223000
10590543729000
10590562236000
10590580744000
10590599250000
10590617758000
10590636266000
10590654775000
10590673278000
10590691783000
10590710292000
10590728797000
10590747305000
10590765812000
10590784319000
10590802826000
10590821333000
10590839840000
10590858349000
10590876856000
10590895360000
10590913866000
10590932374000
10590950881000
10590969389000
10590987895000
10591006401000
10591024908000
10591043416000
10591061922000
10591080430000
10591098935000
10591117444000
10591135949000
10591154457000
10591172964000
10591191471000
10591209976000
10591228483000
10591246990000
10591265497000
10591284004000
10591302513000
10591321019000
10591339527000
10591358031000
10591376540000
10591395045000
10591413553000
10591432060000
10591450567000
10591469072000
10591487580000
10591506087000
10591524596000
10591543103000
10591561609000
10591580115000
10591598621000
10591617127000
10591635635000
10591654143000
10591672652000
10591691158000
10591709663000
10591728170000
10591746677000
10591765183000
10591783690000
10591802199000
10591820704000
10591839218000
10591857719000
10591876250000
10591894735000
10591913244000
10591931746000
10591950252000
10591968760000
10591987266000
10592005775000
10592024282000
10592042788000
10592061293000
10592079801000
10592098307000
10592116814000
10592135322000
10592153829000
10592172336000
10592190842000
10592209350000
10592227857000
10592246363000
10592264871000
10592283376000
10592301883000
10592320390000
10592338900000
10592357407000
10592375915000
10592394419000
10592412925000
10592431432000
10592449938000
10592468445000
10592486953000
10592505460000
10592523966000
10592542473000
10592560982000
10592579488000
10592597993000
10592616500000
10592635008000
10592653514000
10592672021000
10592690529000
10592709037000
10592727544000
10592746048000
10592764556000
10592783061000
10592801570000
10592820076000
10592838584000
10592857092000
10592875596000
10592894103000
10592912612000
10592931119000
10592949625000
10592968131000
10592986638000
10593005145000
10593023654000
10593042158000
10593060668000
10593079176000
10593097679000
10593116188000
10593134695000
10593153201000
10593171707000
10593190214000
10593208723000
10593227227000
10593245734000
10593264246000
10593282751000
10593301270000
10593319762000
10593338269000
10593356776000
10593375283000
10593393791000
10593412299000
10593430804000
10593449310000
10593467818000
10593486323000
10593504830000
10593523338000
10593541845000
10593560354000
10593578858000
10593597364000
10593615874000
10593634379000
10593652886000
10593671393000
10593689900000
10593708406000
10593726914000
10593745421000
10593763929000
10593782434000
10593800941000
10593819448000
10593837955000
10593856463000
10593874970000
10593893478000
10593911985000
10593930488000
10593948996000
10593967505000
10593986009000
10594004517000
10594023024000
10594041531000
10594060038000
10594078545000
10594097052000
10594115561000
10594134065000
10594152572000
10594171078000
10594189586000
10594208092000
10594226600000
10594245108000
10594263613000
10594282119000
10594300626000
10594319136000
10594337640000
10594356147000
10594374655000
10594393160000
10594411669000
10594430175000
10594448684000
10594467191000
10594485695000
10594504202000
10594522709000
10594541217000
10594559723000
10594578231000
10594596740000
10594615244000
10594633750000
10594652258000
10594670764000
10594689275000
10594707779000
10594726285000
10594744793000
10594763299000
10594781806000
10594800315000
10594818820000
10594837326000
10594855833000
10594874340000
10594892847000
10594911354000
10594929862000
10594948370000
10594966874000
10594985381000
10595003888000
10595022395000
10595040928000
10595059409000
10595077916000
10595096423000
10595114931000
10595133438000
10595151945000
10595170450000
10595188957000
10595207464000
10595225972000
10595244478000
10595262985000
10595281493000
10595300000000
10595318505000
10595337013000
10595355518000
10595374026000
10595392533000
10595411039000
10595429548000
10595448054000
10595466561000
10595485070000
10595503578000
10595522081000
10595540588000
10595559096000
10595577602000
10595596109000
10595614616000
10595633124000
10595651630000
10595670136000
10595688643000
10595707150000
10595725658000
10595744163000
10595762671000
10595781177000
10595799686000
10595818193000
10595836701000
10595855204000
10595873712000
10595892219000
10595910725000
10595929232000
10595947740000
10595966247000
10595984756000
10596003260000
10596021767000
10596040274000
10596058782000
10596077289000
10596095794000
10596114301000
10596132810000
10596151315000
10596169823000
10596188331000
10596206837000
10596225343000
10596243850000
10596262357000
10596280864000
10596299370000
10596317878000
10596336387000
10596354890000
10596373399000
10596391903000
10596410411000
10596428918000
10596447426000
10596465932000
10596484439000
10596502946000
10596521454000
10596539962000
10596558468000
10596576975000
10596595481000
10596613987000
10596632494000
10596651001000
10596669510000
10596688014000
10596706522000
10596725028000
10596743535000
10596762041000
10596780549000
10596799056000
10596817564000
10596836069000
10596854577000
10596873086000
10596891595000
10596910098000
10596928606000
10596947111000
10596965618000
10596984124000
10597002632000
10597021140000
10597039646000
10597058151000
10597076661000
10597095165000
10597113672000
10597132179000
10597150687000
10597169194000
10597187701000
10597206208000
10597224718000
10597243222000
10597261729000
10597280236000
10597298742000
10597317248000
10597335757000
10597354263000
10597372772000
10597391278000
10597409784000
10597428290000
10597446797000
10597465303000
10597483812000
10597502325000
10597520824000
10597539332000
10597557841000
10597576347000
10597594852000
10597613360000
10597631866000
10597650373000
10597668880000
10597687387000
10597705895000
10597724403000
10597742908000
10597761414000
10597779920000
10597798427000
10597816935000
10597835454000
10597853949000
10597872455000
10597890964000
10597909472000
10597927978000
10597946483000
10597964990000
10597983497000
10598002003000
10598020511000
10598039018000
10598057527000
10598076032000
10598094539000
10598113045000
10598131552000
10598150058000
10598168569000
10598187073000
10598205579000
10598224088000
10598242594000
10598261101000
10598279610000
10598298114000
10598316620000
10598335127000
10598353635000
10598372142000
10598390651000
10598409157000
10598427662000
10598446169000
10598464676000
10598483182000
10598501689000
10598520195000
10598538703000
10598557210000
10598575718000
10598594224000
10598612734000
10598631238000
10598649745000
10598668252000
10598686759000
10598705266000
10598723774000
10598742280000
10598760789000
10598779292000
10598797800000
10598816306000
10598834814000
10598853320000
10598871827000
10598890333000
10598908842000
10598927356000
10598945857000
10598964365000
10598982868000
10599001375000
10599019883000
10599038389000
10599056898000
10599075403000
10599093912000
10599112419000
10599130924000
10599149430000
10599167939000
10599186444000
10599204952000
10599223458000
10599241965000
10599260472000
10599278980000
10599297487000
10599315995000
10599334499000
10599353007000
10599371513000
10599390021000
10599408526000
10599427035000
10599445544000
10599464046000
10599482555000
10599501061000
10599519568000
10599538074000
10599556582000
10599575089000
10599593596000
10599612102000
10599630610000
10599649118000
10599667623000
10599686130000
10599704637000
10599723145000
10599741653000
10599760157000
10599778666000
10599797174000
10599815678000
10599834185000
10599852694000
10599871200000
10599889707000
10599908214000
10599926720000
10599945225000
10599963733000
10599982241000
10600000750000
10600019254000
10600037761000
10600056268000
10600074775000
10600093282000
10600111789000
10600130296000
10600148804000
10600167308000
10600185816000
10600204322000
10600222830000
10600241340000
10600259845000
10600278349000
10600296861000
10600315367000
10600333872000
10600352381000
10600370886000
10600389392000
10600407905000
10600426406000
10600444912000
10600463420000
10600481928000
10600500433000
10600518940000
10600537447000
10600555954000
10600574460000
10600592968000
10600611475000
10600629981000
10600648488000
10600666995000
10600685503000
10600704012000
10600722516000
10600741022000
10600759530000
10600778036000
10600796543000
10600815052000
10600833560000
10600852063000
10600870572000
10600889077000
10600907585000
10600926091000
10600944599000
10600963106000
10600981612000
10601000120000
10601018626000
10601037135000
10601055641000
10601074146000
10601092654000
10601111159000
10601129668000
10601148174000
10601166682000
10601185189000
10601203695000
10601222201000
10601240708000
10601259216000
10601277722000
10601296229000
10601314740000
10601333242000
10601351749000
10601370257000
10601388766000
10601407271000
10601425778000
10601444284000
10601462791000
10601481298000
10601499805000
10601518312000
10601536821000
10601555325000
10601573832000
10601592339000
10601610847000
10601629352000
10601647860000
10601666368000
10601684873000
10601703379000
10601721889000
10601740396000
10601758901000
10601777408000
10601795916000
10601814422000
10601832928000
10601851436000
10601869944000
10601888449000
10601906958000
10601925463000
10601943970000
10601962476000
10601980984000
10601999493000
10602017999000
10602036504000
10602055011000
10602073520000
10602092028000
10602110531000
10602129038000
10602147547000
10602166052000
10602184559000
10602203067000
10602221575000
10602240080000
10602258587000
10602277094000
10602295602000
10602314107000
10602332615000
10602351123000
10602369631000
10602388134000
10602406641000
10602425150000
10602443656000
10602462162000
10602480670000
10602499176000
10602517684000
10602536191000
10602554698000
10602573206000
10602591712000
10602610218000
10602628725000
10602647231000
10602665739000
10602684246000
10602702755000
10602721261000
10602739765000
10602758273000
10602776783000
10602795287000
10602813794000
10602832301000
10602850807000
10602869314000
10602887822000
10602906329000
10602924837000
10602943342000
10602961850000
10602980356000
10602998863000
10603017370000
10603035877000
10603054384000
10603072891000
10603091396000
10603109904000
10603128421000
10603146918000
10603165431000
10603183931000
10603202437000
10603220945000
10603239452000
10603257960000
10603276467000
10603294972000
10603313479000
10603331987000
10603350493000
10603369000000
10603387508000
10603406015000
10603424520000
10603443027000
10603461533000
10603480041000
10603498547000
10603517055000
10603535562000
10603554069000
10603572575000
10603591083000
10603609592000
10603628096000
10603646604000
10603665110000
10603683618000
10603702123000
10603720632000
10603739139000
10603757647000
10603776152000
10603794659000
10603813165000
10603831671000
10603850178000
10603868686000
10603887192000
10603905700000
10603924207000
10603942716000
10603961222000
10603979728000
10603998235000
10604016741000
10604035248000
10604053756000
10604072262000
10604090771000
10604109277000
10604127782000
10604146290000
10604164797000
10604183303000
10604201810000
10604220316000
10604238823000
10604257331000
10604275838000
10604294346000
10604312855000
10604331358000
10604349864000
10604368373000
10604386879000
10604405385000
10604423897000
10604442402000
10604460907000
10604479413000
10604497920000
10604516427000
10604534933000
10604553448000
10604571947000
10604590457000
10604608962000
10604627469000
10604645977000
10604664483000
10604682989000
10604701495000
10604720004000
10604738509000
10604757016000
10604775524000
10604794032000
10604812537000
10604831045000
10604849551000
10604868056000
10604886564000
10604905072000
10604923578000
10604942085000
10604960592000
10604979100000
10604997608000
10605016113000
10605034619000
10605053126000
10605071634000
10605090140000
10605108647000
10605127157000
10605145663000
10605164168000
10605182675000
10605201181000
10605219688000
10605238194000
10605256702000
10605275210000
10605293717000
10605312224000
10605330731000
10605349240000
10605367744000
10605386250000
10605404758000
10605423265000
10605441772000
10605460279000
10605478786000
10605497292000
10605515800000
10605534305000
10605552812000
10605571319000
10605589826000
10605608332000
10605626840000
10605645346000
10605663854000
10605682363000
10605700882000
10605719374000
10605737881000
10605756388000
10605774896000
10605793403000
10605811910000
10605830418000
10605848925000
10605867429000
10605885937000
10605904443000
10605922950000
10605941456000
10605959964000
10605978471000
10605996978000
10606015486000
10606033994000
10606052499000
10606071005000
10606089512000
10606108019000
10606126526000
10606145033000
10606163541000
10606182050000
10606200554000
10606219060000
10606237568000
10606256073000
10606274580000
10606293087000
10606311594000
10606330102000
10606348610000
10606367116000
10606385624000
10606404129000
10606422636000
10606441142000
10606459650000
10606478156000
10606496665000
10606515172000
10606533677000
10606552184000
10606570691000
10606589199000
10606607704000
10606626211000
10606644718000
10606663226000
10606681734000
10606700239000
10606718749000
10606737255000
10606755761000
10606774269000
10606792774000
10606811280000
10606829787000
10606848295000
10606866803000
10606885308000
10606903816000
10606922322000
10606940830000
10606959335000
10606977842000
10606996349000
10607014856000
10607033363000
10607051871000
10607070378000
10607088884000
10607107391000
10607125898000
10607144406000
10607162911000
10607181419000
10607199928000
10607218434000
10607236939000
10607255446000
10607273953000
10607292459000
10607310966000
10607329472000
10607347981000
10607366502000
10607384995000
10607403502000
10607422009000
10607440514000
10607459022000
10607477529000
10607496035000
10607514541000
10607533050000
10607551557000
10607570065000
10607588569000
10607607077000
10607625583000
10607644090000
10607662597000
10607681104000
10607699611000
10607718119000
10607736625000
10607755133000
10607773641000
10607792145000
10607810653000
10607829159000
10607847667000
10607866173000
10607884680000
10607903188000
10607921697000
10607940199000
10607958707000
10607977214000
10607995721000
10608014228000
10608032735000
10608051241000
10608069750000
10608088256000
10608106764000
10608125272000
10608143778000
10608162284000
10608180791000
10608199297000
10608217805000
10608236311000
10608254820000
10608273326000
10608291832000
10608310338000
10608328845000
10608347352000
10608365859000
10608384365000
10608402873000
10608421379000
10608439887000
10608458395000
10608476900000
10608495407000
10608513915000
10608532421000
10608550928000
10608569435000
10608587943000
10608606451000
10608624955000
10608643463000
10608661969000
10608680476000
10608698983000
10608717491000
10608735996000
10608754502000
10608773010000
10608791519000
10608810026000
10608828531000
10608847038000
10608865545000
10608884051000
10608902559000
10608921067000
10608939573000
10608958083000
10608976586000
10608995093000
10609013600000
10609032107000
10609050614000
10609069121000
10609087626000
10609106133000
10609124641000
10609143150000
10609161657000
10609180162000
10609198668000
10609217176000
10609235682000
10609254188000
10609272697000
10609291204000
10609309710000
10609328217000
10609346723000
10609365230000
10609383739000
10609402245000
10609420753000
10609439258000
10609457765000
10609476272000
10609494780000
10609513288000
10609531794000
10609550299000
10609568806000
10609587313000
10609605820000
10609624327000
10609642838000
10609661342000
10609679848000
10609698354000
10609716862000
10609735368000
10609753878000
10609772383000
10609790888000
10609809396000
10609827903000
10609846413000
10609864917000
10609883423000
10609901930000
10609920437000
10609938944000
10609957450000
10609975960000
10609994466000
10610012973000
10610031478000
10610049986000
10610068492000
10610086999000
10610105507000
10610124016000
10610142521000
10610161027000
10610179537000
10610198043000
10610216547000
10610235054000
10610253561000
10610272069000
10610290575000
10610309083000
10610327590000
10610346099000
10610364603000
10610383109000
10610401616000
10610420123000
10610438630000
10610457138000
10610475647000
10610494149000
10610512656000
10610531166000
10610549674000
10610568178000
10610586685000
10610605191000
10610623699000
10610642205000
10610660713000
10610679220000
10610697727000
10610716233000
10610734740000
10610753247000
10610771754000
10610790261000
10610808768000
10610827278000
10610845781000
10610864287000
10610882796000
10610901301000
10610919810000
10610938316000
10610956823000
10610975329000
10610993836000
10611012344000
10611030852000
10611049357000
10611067864000
10611086371000
10611104877000
10611123385000
10611141891000
10611160399000
10611178907000
10611197411000
10611215918000
10611234427000
10611252932000
10611271438000
10611289946000
10611308453000
10611326960000
10611345467000
10611363976000
10611382484000
10611400988000
10611419494000
10611438002000
10611456508000
10611475015000
10611493522000
10611512031000
10611530537000
10611549042000
10611567550000
10611586059000
10611604564000
10611623070000
10611641577000
10611660084000
10611678591000
10611697100000
10611715606000
10611734113000
10611752618000
10611771125000
10611789632000
10611808139000
10611826647000
10611845153000
10611863663000
10611882167000
10611900673000
10611919179000
10611937690000
10611956195000
10611974701000
10611993207000
10612011715000
10612030221000
10612048729000
10612067237000
10612085742000
10612104248000
10612122756000
10612141263000
10612159769000
10612178278000
10612196785000
10612215294000
10612233797000
10612252303000
10612270812000
10612289316000
10612307825000
10612326332000
10612344838000
10612363347000
10612381854000
10612400360000
10612418868000
10612437373000
10612455880000
10612474387000
10612492894000
10612511401000
10612529909000
10612548415000
10612566923000
10612585428000
10612603935000
10612622442000
10612640949000
10612659456000
10612677963000
10612696470000
10612714977000
10612733483000
10612751992000
10612770500000
10612789005000
10612807510000
10612826019000
10612844524000
10612863033000
10612881540000
10612900047000
10612918552000
10612937060000
10612955565000
10612974074000
10612992587000
10613011086000
10613029593000
10613048100000
10613066607000
10613085115000
10613103623000
10613122128000
10613140634000
10613159143000
10613177651000
10613196157000
10613214664000
10613233170000
10613251678000
10613270183000
10613288689000
10613307196000
10613325704000
10613344210000
10613362717000
10613381224000
10613399731000
10613418237000
10613436746000
10613455254000
10613473758000
10613492266000
10613510772000
10613529279000
10613547787000
10613566292000
10613584801000
10613603308000
10613621814000
10613640320000
10613658840000
10613677334000
10613695841000
10613714348000
10613732862000
10613751361000
10613769869000
10613788377000
10613806886000
10613825390000
10613843896000
10613862403000
10613880911000
10613899417000
10613917925000
10613936433000
10613954940000
10613973444000
10613991953000
10614010458000
10614028965000
10614047472000
10614065979000
10614084485000
10614102993000
10614121500000
10614140008000
10614158516000
10614177020000
10614195529000
10614214035000
10614232541000
10614251048000
10614269555000
10614288064000
10614306568000
10614325077000
10614343582000
10614362089000
10614380596000
10614399103000
10614417614000
10614436118000
10614454624000
10614473132000
10614491639000
10614510144000
10614528651000
10614547159000
10614565664000
10614584172000
10614602679000
10614621188000
10614639696000
10614658199000
10614676705000
10614695212000
10614713718000
10614732225000
10614750732000
10614769239000
10614787747000
10614806253000
10614824762000
10614843271000
10614861774000
10614880283000
10614898789000
10614917295000
10614935802000
10614954308000
10614972817000
10614991325000
10615009829000
10615028335000
10615046844000
10615065349000
10615083856000
10615102363000
10615120870000
10615139377000
10615157885000
10615176392000
10615194901000
10615213406000
10615231912000
10615250418000
10615268925000
10615287432000
10615305940000
10615324448000
10615342953000
10615361460000
10615379968000
10615398473000
10615416980000
10615435486000
10615453993000
10615472500000
10615491008000
10615509516000
10615528024000
10615546532000
10615565035000
10615583542000
10615602049000
10615620557000
10615639064000
10615657573000
10615676079000
10615694583000
10615713091000
10615731597000
10615750104000
10615768611000
10615787118000
10615805624000
10615824133000
10615842640000
10615861147000
10615879655000
10615898160000
10615916666000
10615935173000
10615953680000
10615972187000
10615990695000
10616009203000
10616027710000
10616046216000
10616064722000
10616083228000
10616101735000
10616120241000
10616138748000
10616157255000
10616175764000
10616194269000
10616212779000
10616231285000
10616249790000
10616268296000
10616286804000
10616305311000
10616323819000
10616342325000
10616360833000
10616379341000
10616397846000
10616416352000
10616434859000
10616453366000
10616471873000
10616490380000
10616508887000
10616527393000
10616545901000
10616564410000
10616582916000
10616601421000
10616619928000
10616638434000
10616656942000
10616675448000
10616693956000
10616712465000
10616730969000
10616749476000
10616767984000
10616786490000
10616804997000
10616823503000
10616842011000
10616860516000
10616879025000
10616897532000
10616916040000
10616934545000
10616953052000
10616971560000
10616990067000
10617008572000
10617027079000
10617045587000
10617064096000
10617082599000
10617101107000
10617119613000
10617138121000
10617156627000
10617175136000
10617193640000
10617212148000
10617230659000
10617249164000
10617267672000
10617286176000
10617304682000
10617323190000
10617341696000
10617360203000
10617378710000
10617397220000
10617415726000
10617434231000
10617452737000
10617471244000
10617489753000
10617508260000
10617526767000
10617545271000
10617563780000
10617582286000
10617600794000
10617619301000
10617637806000
10617656313000
10617674822000
10617693327000
10617711835000
10617730341000
10617748850000
10617767357000
10617785862000
10617804369000
10617822876000
10617841382000
10617859890000
10617878397000
10617896902000
10617915409000
10617933919000
10617952425000
10617970933000
10617989438000
10618007945000
10618026450000
10618044960000
10618063467000
10618081972000
10618100480000
10618118985000
10618137492000
10618156000000
10618174507000
10618193013000
10618211521000
10618230029000
10618248533000
10618267040000
10618285548000
10618304056000
10618322560000
10618341068000
10618359575000
10618378082000
10618396589000
10618415096000
10618433603000
10618452111000
10618470616000
10618489123000
10618507630000
10618526137000
10618544644000
10618563151000
10618581660000
10618600164000
10618618671000
10618637180000
10618655692000
10618674192000
10618692699000
10618711207000
10618729713000
10618748220000
10618766727000
10618785235000
10618803743000
10618822247000
10618840755000
10618859262000
10618877768000
10618896276000
10618914782000
10618933289000
10618951794000
10618970301000
10618988811000
10619007319000
10619025823000
10619044329000
10619062837000
10619081343000
10619099850000
10619118357000
10619136866000
10619155370000
10619173879000
10619192384000
10619210892000
10619229400000
10619247905000
10619266413000
10619284922000
10619303425000
10619321932000
10619340442000
10619358949000
10619377454000
10619395962000
10619414469000
10619432974000
10619451482000
10619469989000
10619488497000
10619507004000
10619525508000
10619544016000
10619562524000
10619581031000
10619599536000
10619618044000
10619636553000
10619655056000
10619673564000
10619692073000
10619710577000
10619729086000
10619747591000
10619766098000
10619784605000
10619803112000
10619821619000
10619840128000
10619858632000
10619877139000
10619895648000
10619914153000
10619932659000
10619951167000
10619969675000
10619988183000
10620006687000
10620025195000
10620043706000
10620062209000
10620080716000
10620099222000
10620117729000
10620136236000
10620154743000
10620173252000
10620191759000
10620210263000
10620228771000
10620247277000
10620265784000
10620284290000
10620302798000
10620321307000
10620339812000
10620358317000
10620376826000
10620395335000
10620413841000
10620432345000
10620450853000
10620469359000
10620487866000
10620506374000
10620524882000
10620561894000
10620580402000
10620598908000
10620617414000
10620635922000
10620654429000
10620672938000
10620691442000
10620709949000
10620728455000
10620746966000
10620765470000
10620783976000
10620802483000
10620820991000
10620839497000
10620858005000
10620876514000
10620895020000
10620913526000
10620932032000
10620950538000
10620969046000
10620987552000
10621006060000
10621024569000
10621043074000
10621061580000
10621080087000
10621098593000
10621117101000
10621135607000
10621154114000
10621172622000
10621191128000
10621209636000
10621228144000
10621246648000
10621265156000
10621283663000
10621302170000
10621320676000
10621339184000
10621357693000
10621376200000
10621394704000
10621413211000
10621431716000
10621450225000
10621468733000
10621487238000
10621505745000
10621524252000
10621542759000
10621561268000
10621579775000
10621598280000
10621616787000
10621635294000
10621653800000
10621672307000
10621690816000
10621709323000
10621727828000
10621746336000
10621764841000
10621783347000
10621801855000
10621820362000
10621838870000
10621857376000
10621875883000
10621894391000
10621912898000
10621931403000
10621949911000
10621968418000
10621986924000
10622005431000
10622023938000
10622042446000
10622060954000
10622079458000
10622097967000
10622116471000
10622134978000
10622153485000
10622171993000
10622190502000
10622209008000
10622227513000
10622246024000
10622264529000
10622283034000
10622301542000
10622320048000
10622338554000
10622357062000
10622375569000
10622394079000
10622412586000
10622431089000
10622449596000
10622468102000
10622486609000
10622505116000
10622523623000
10622542130000
10622560637000
10622579147000
10622597653000
10622616160000
10622634666000
10622653172000
10622671678000
10622690186000
10622708692000
10622727201000
10622745709000
10622764216000
10622782720000
10622801227000
10622819733000
10622838240000
10622856751000
10622875257000
10622893764000
10622912270000
10622930776000
10622949285000
10622967793000
10622986296000
10623004803000
10623023310000
10623041818000
10623060326000
10623078832000
10623097340000
10623115846000
10623134351000
10623152862000
10623171365000
10623189871000
10623208378000
10623226886000
10623245394000
10623263900000
10623282407000
10623300915000
10623319419000
10623337927000
10623356434000
10623374941000
10623393447000
10623411955000
10623430462000
10623448972000
10623467475000
10623485982000
10623504488000
10623522996000
10623541502000
10623560010000
10623578517000
10623597024000
10623615530000
10623634039000
10623652546000
10623671052000
10623689558000
10623708065000
10623726572000
10623745079000
10623763585000
10623782094000
10623800601000
10623819108000
10623837613000
10623856121000
10623874627000
10623893133000
10623911640000
10623930148000
10623948654000
10623967163000
10623985669000
10624004177000
10624022682000
10624041189000
10624059696000
10624078203000
10624096709000
10624115217000
10624133724000
10624152233000
10624170736000
10624189245000
10624207751000
10624226259000
10624244764000
10624263271000
10624281783000
10624300285000
10624318793000
10624337301000
10624355806000
10624374314000
10624392820000
10624411328000
10624429834000
10624448340000
10624466848000
10624485357000
10624503861000
10624522368000
10624540876000
10624559382000
10624577888000
10624596396000
10624614901000
10624633408000
10624651917000
10624670423000
10624688932000
10624707436000
10624725945000
10624744451000
10624762957000
10624781463000
10624799972000
10624818478000
10624836988000
10624855493000
10624873998000
10624892506000
10624911012000
10624929519000
10624948027000
10624966532000
10624985040000
10625003546000
10625022055000
10625040564000
10625059067000
10625077575000
10625096082000
10625114587000
10625133095000
10625151602000
10625170110000
10625188618000
10625207126000
10625225630000
10625244137000
10625262643000
10625281151000
10625299656000
10625318163000
10625336670000
10625355178000
10625373687000
10625392194000
10625410698000
10625429207000
10625447712000
10625466219000
10625484725000
10625503233000
10625521742000
10625540247000
10625558753000
10625577261000
10625595768000
10625614274000
10625632780000
10625651287000
10625669793000
10625688302000
10625706818000
10625725318000
10625743825000
10625762329000
10625780836000
10625799344000
10625817849000
10625836356000
10625854864000
10625873372000
10625891877000
10625910384000
10625928891000
10625947397000
10625965905000
10625984412000
10626002917000
10626021425000
10626039932000
10626058439000
10626076948000
10626095453000
10626113960000
10626132467000
10626150973000
10626169480000
10626187987000
10626206496000
10626225004000
10626243507000
10626262015000
10626280522000
10626299028000
10626317536000
10626336044000
10626354549000
10626373056000
10626391563000
10626410072000
10626428580000
10626447084000
10626465591000
10626484098000
10626502604000
10626521111000
10626539618000
10626558127000
10626576635000
10626595138000
10626613645000
10626632152000
10626650659000
10626669166000
10626687673000
10626706179000
10626724686000
10626743194000
10626761703000
10626780210000
10626798714000
10626817222000
10626835729000
10626854236000
10626872741000
10626891250000
10626909758000
10626928264000
10626946770000
10626965278000
10626983783000
10627002290000
10627020797000
10627039307000
10627057811000
10627076318000
10627094829000
10627113333000
10627131840000
10627150346000
10627168857000
10627187361000
10627205866000
10627224373000
10627242881000
10627261389000
10627279893000
10627298401000
10627316907000
10627335413000
10627353921000
10627372428000
10627390936000
10627409441000
10627427950000
10627446456000
10627464964000
10627483469000
10627501975000
10627520482000
10627538989000
10627557496000
10627576004000
10627594513000
10627613019000
10627631524000
10627650030000
10627668537000
10627687044000
10627705552000
10627724059000
10627742567000
10627761072000
10627779578000
10627798087000
10627816596000
10627835100000
10627853606000
10627872113000
10627890621000
10627909128000
10627927635000
10627946144000
10627964651000
10627983156000
10628001664000
10628020168000
10628038675000
10628057182000
10628075689000
10628094198000
10628112702000
10628131209000
10628149717000
10628168227000
10628186731000
10628205238000
10628223744000
10628242252000
10628260758000
10628279266000
10628297774000
10628316279000
10628334785000
10628353293000
10628371799000
10628390307000
10628408813000
10628427322000
10628445829000
10628464334000
10628482841000
10628501350000
10628519867000
10628538362000
10628556869000
10628575376000
10628593882000
10628612389000
10628630896000
10628649405000
10628667910000
10628686417000
10628704924000
10628723431000
10628741938000
10628760444000
10628778952000
10628797460000
10628815964000
10628834471000
10628852981000
10628871485000
10628889994000
10628908499000
10628927006000
10628945513000
10628964021000
10628982527000
10629001036000
10629019541000
10629038048000
10629056554000
10629075062000
10629093568000
10629112077000
10629130585000
10629149089000
10629167595000
10629186102000
10629204611000
10629223116000
10629241624000
10629260131000
10629278636000
10629297143000
10629315650000
10629334160000
10629352666000
10629371171000
10629389678000
10629408185000
10629426692000
10629445199000
10629463706000
10629482214000
10629500719000
10629519225000
10629537732000
10629556242000
10629574747000
10629593254000
10629611760000
10629630268000
10629648774000
10629667282000
10629685790000
10629704296000
10629722802000
10629741311000
10629759815000
10629778322000
10629796829000
10629815339000
10629833846000
10629852350000
10629870857000
10629889364000
10629907882000
10629926377000
10629944887000
10629963393000
10629981900000
10630000406000
10630018913000
10630037422000
10630055925000
10630074433000
10630092939000
10630111448000
10630129953000
10630148461000
10630166969000
10630185477000
10630203982000
10630222487000
10630240994000
10630259500000
10630278008000
10630296515000
10630315022000
10630333530000
10630352038000
10630370544000
10630389052000
10630407557000
10630426064000
10630444570000
10630463078000
10630481584000
10630500092000
10630518601000
10630537106000
10630555612000
10630574118000
10630592624000
10630611131000
10630629640000
10630648146000
10630666652000
10630685160000
10630703667000
10630722175000
10630740684000
10630759187000
10630777693000
10630796201000
10630814709000
10630833218000
10630851724000
10630870231000
10630888735000
10630907242000
10630925749000
10630944256000
10630962762000
10630981270000
10630999778000
10631018284000
10631036790000
10631055299000
10631073806000
10631092310000
10631110817000
10631129325000
10631147833000
10631166341000
10631184847000
10631203355000
10631221861000
10631240366000
10631258873000
10631277379000
10631295887000
10631314394000
10631332907000
10631351408000
10631369915000
10631388422000
10631406929000
10631425437000
10631443942000
10631462449000
10631480959000
10631499463000
10631517969000
10631536477000
10631554984000
10631573493000
10631591996000
10631610504000
10631629009000
10631647517000
10631666023000
10631684532000
10631703038000
10631721544000
10631740053000
10631758562000
10631777069000
10631795573000
10631814079000
10631832588000
10631851093000
10631869600000
10631888107000
10631906615000
10631925123000
10631943627000
10631962136000
10631980641000
10631999148000
10632017655000
10632036162000
10632054668000
10632073177000
10632091684000
10632110191000
10632128697000
10632147204000
10632165711000
10632184218000
10632202724000
10632221231000
10632239740000
10632258246000
10632276751000
10632295258000
10632313766000
10632332272000
10632350779000
10632369287000
10632387793000
10632406300000
10632424806000
10632443314000
10632461822000
10632480328000
10632498834000
10632517342000
10632535849000
10632554355000
10632572861000
10632591370000
10632609877000
10632628382000
10632646889000
10632665396000
10632683903000
10632702409000
10632720927000
10632739424000
10632757930000
10632776439000
10632794946000
10632813455000
10632831958000
10632850466000
10632868972000
10632887479000
10632905987000
10632924494000
10632943001000
10632961508000
10632980014000
10632998520000
10633017027000
10633035534000
10633054041000
10633072549000
10633091055000
10633109562000
10633128069000
10633146576000
10633165084000
10633183589000
10633202096000
10633220602000
10633239109000
10633257616000
10633276124000
10633294632000
10633313138000
10633331644000
10633350152000
10633368658000
10633387164000
10633405670000
10633424178000
10633442687000
10633461192000
10633479700000
10633498208000
10633516713000
10633535220000
10633553727000
10633572234000
10633590741000
10633609248000
10633627755000
10633646264000
10633664768000
10633683275000
10633701782000
10633720289000
10633738795000
10633757302000
10633775808000
10633794316000
10633812824000
10633831332000
10633849840000
10633868343000
10633886850000
10633905358000
10633923864000
10633942373000
10633960878000
10633979387000
10633997894000
10634016400000
10634034906000
10634053412000
10634071918000
10634090426000
10634108933000
10634127440000
10634145952000
10634164454000
10634182964000
10634201471000
10634219975000
10634238481000
10634256988000
10634275496000
10634294002000
10634312511000
10634331019000
10634349527000
10634368030000
10634386537000
10634405043000
10634423550000
10634442057000
10634460564000
10634479070000
10634497577000
10634516085000
10634534594000
10634553100000
10634571604000
10634590112000
10634608620000
10634627126000
10634645632000
10634664140000
10634682648000
10634701154000
10634719659000
10634738167000
10634756673000
10634775182000
10634793687000
10634812194000
10634830700000
10634849209000
10634867716000
10634886225000
10634904728000
10634923236000
10634941743000
10634960250000
10634978756000
10634997264000
10635015772000
10635034279000
10635052785000
10635071290000
10635089797000
10635108305000
10635126811000
10635145319000
10635163825000
10635182332000
10635200840000
10635219348000
10635237856000
10635256360000
10635274867000
10635293373000
10635311882000
10635330389000
10635348894000
10635367402000
10635385909000
10635404416000
10635422922000
10635441429000
10635459935000
10635478442000
10635496950000
10635515457000
10635533963000
10635552471000
10635570985000
10635589486000
10635607991000
10635626497000
10635645004000
10635663511000
10635682018000
10635700526000
10635719034000
10635737542000
10635756046000
10635774552000
10635793060000
10635811566000
10635830073000
10635848581000
10635867087000
10635885593000
10635904101000
10635922609000
10635941119000
10635959621000
10635978128000
10635996635000
10636015141000
10636033651000
10636052158000
10636070664000
10636089172000
10636107677000
10636126183000
10636144689000
10636163197000
10636181704000
10636200212000
10636218717000
10636237224000
10636255733000
10636274241000
10636292745000
10636311253000
10636329759000
10636348266000
10636366773000
10636385279000
10636403788000
10636422297000
10636440800000
10636459307000
10636477814000
10636496322000
10636514827000
10636533335000
10636551844000
10636570348000
10636588899000
10636607364000
10636625871000
10636644376000
10636662884000
10636681391000
10636699898000
10636718404000
10636736910000
10636755419000
10636773926000
10636792431000
10636810938000
10636829447000
10636847952000
10636866458000
10636884966000
10636903474000
10636921978000
10636940487000
10636958999000
10636977502000
10636996008000
10637014513000
10637033020000
10637051529000
10637070069000
10637088541000
10637107049000
10637125557000
10637144062000
10637162568000
10637181075000
10637199581000
10637218090000
10637236597000
10637255105000
10637273609000
10637292116000
10637310626000
10637329134000
10637347638000
10637366144000
10637384651000
10637403158000
10637421664000
10637440175000
10637458680000
10637477186000
10637495693000
10637514200000
10637532708000
10637551215000
10637569720000
10637588228000
10637606735000
10637625240000
10637643747000
10637662258000
10637680761000
10637699268000
10637717775000
10637736282000
10637754788000
10637773296000
10637791803000
10637810312000
10637828817000
10637847323000
10637865830000
10637884339000
10637902844000
10637921352000
10637939858000
10637958367000
10637976870000
10637995379000
10638013887000
10638032392000
10638050899000
10638069406000
10638087912000
10638106421000
10638124927000
10638143435000
10638161943000
10638198954000
10638217462000
10638235968000
10638254475000
10638272982000
10638291491000
10638309994000
10638328506000
10638347009000
10638365519000
10638384034000
10638402530000
10638421037000
10638439544000
10638458051000
10638476558000
10638495066000
10638513573000
10638532078000
10638550586000
10638569092000
10638587598000
10638606106000
10638624613000
10638643121000
10638661626000
10638680133000
10638698639000
10638717146000
10638735653000
10638754161000
10638772667000
10638791174000
10638809680000
10638828189000
10638846696000
10638865203000
10638883708000
10638902216000
10638920723000
10638939231000
10638957737000
10638976245000
10638994751000
10639013257000
10639031763000
10639050271000
10639068777000
10639087284000
10639105791000
10639124298000
10639142805000
10639161314000
10639179820000
10639198328000
10639216834000
10639235339000
10639253847000
10639272353000
10639290861000
10639309369000
10639327876000
10639346383000
10639364887000
10639383398000
10639401902000
10639420407000
10639438914000
10639457422000
10639475928000
10639494436000
10639512943000
10639531452000
10639549959000
10639568463000
10639586971000
10639605478000
10639623984000
10639642490000
10639660998000
10639679508000
10639698011000
10639716521000
10639735024000
10639753532000
10639772049000
10639790546000
10639809061000
10639827560000
10639846067000
10639864575000
10639883082000
10639901589000
10639920094000
10639938602000
10639957109000
10639975615000
10639994122000
10640012629000
10640031138000
10640049643000
10640068149000
10640086656000
10640105162000
10640123669000
10640142177000
10640160684000
10640179191000
10640197698000
10640216206000
10640234714000
10640253217000
10640271725000
10640290232000
10640308739000
10640327246000
10640345753000
10640364260000
10640382770000
10640401274000
10640419779000
10640438287000
10640456793000
10640475300000
10640493808000
10640512315000
10640530821000
10640549330000
10640567837000
10640586345000
10640604848000
10640623356000
10640641862000
10640660370000
10640678878000
10640697385000
10640715891000
10640734400000
10640752904000
10640771410000
10640789918000
10640808425000
10640826930000
10640845440000
10640863946000
10640882453000
10640900959000
10640919467000
10640937974000
10640956479000
10640974985000
10640993495000
10641012001000
10641030507000
10641049014000
10641067523000
10641086029000
10641104536000
10641123041000
10641141549000
10641160054000
10641178561000
10641197076000
10641215576000
10641234082000
10641252591000
10641271098000
10641289604000
10641308111000
10641326617000
10641345124000
10641363631000
10641382138000
10641400646000
10641419155000
10641437658000
10641456166000
10641474671000
10641493178000
10641511687000
10641530192000
10641548700000
10641567207000
10641585714000
10641604221000
10641622729000
10641641235000
10641659741000
10641678249000
10641696755000
10641715262000
10641733770000
10641752278000
10641770784000
10641789289000
10641807795000
10641826303000
10641844811000
10641863317000
10641881823000
10641900331000
10641918836000
10641937347000
10641955853000
10641974360000
10641992869000
10642011372000
10642029878000
10642048385000
10642066893000
10642085400000
10642103907000
10642122416000
10642140922000
10642159428000
10642177934000
10642196441000
10642214946000
10642233454000
10642251962000
10642270468000
10642288975000
10642307484000
10642325991000
10642344496000
10642363002000
10642381509000
10642400016000
10642418523000
10642437031000
10642455540000
10642474043000
10642492550000
10642511058000
10642529565000
10642548070000
10642566579000
10642585089000
10642603592000
10642622098000
10642640608000
10642659114000
10642677620000
10642696127000
10642714633000
10642733141000
10642751648000
10642770154000
10642788663000
10642807170000
10642825675000
10642844183000
10642862688000
10642881195000
10642899703000
10642918208000
10642936716000
10642955222000
10642973730000
10642992237000
10643010745000
10643029251000
10643047757000
10643066265000
10643084771000
10643103277000
10643121786000
10643140294000
10643158800000
10643177306000
10643195814000
10643214319000
10643232827000
10643251334000
10643269838000
10643288348000
10643306854000
10643325361000
10643343868000
10643362377000
10643380882000
10643399389000
10643417894000
10643436402000
10643454908000
10643473416000
10643491923000
10643510433000
10643528936000
10643547443000
10643565950000
10643584458000
10643602963000
10643621469000
10643639978000
10643658485000
10643676991000
10643695499000
10643714009000
10643732513000
10643751019000
10643769526000
10643788032000
10643806541000
10643825046000
10643843555000
10643862061000
10643880567000
10643899074000
10643917583000
10643936089000
10643954595000
10643973101000
10643991609000
10644010122000
10644028623000
10644047130000
10644065638000
10644084144000
10644102649000
10644121156000
10644139665000
10644158170000
10644176677000
10644195186000
10644213691000
10644232198000
10644250705000
10644269211000
10644287717000
10644306226000
10644324732000
10644343238000
10644361746000
10644380255000
10644398762000
10644417266000
10644435773000
10644454280000
10644472786000
10644491295000
10644509800000
10644528310000
10644546816000
10644565323000
10644583829000
10644602335000
10644620841000
10644639350000
10644657857000
10644676362000
10644694870000
10644713376000
10644731884000
10644750394000
10644768897000
10644787404000
10644805913000
10644824419000
10644842924000
10644861432000
10644879940000
10644898445000
10644916952000
10644935460000
10644953965000
10644972473000
10644990980000
10645009488000
10645027994000
10645046500000
10645065009000
10645083517000
10645102020000
10645120528000
10645139035000
10645157542000
10645176048000
10645194556000
10645213064000
10645231572000
10645250077000
10645268584000
10645287089000
10645305597000
10645324104000
10645342610000
10645361118000
10645379625000
10645398130000
10645416640000
10645435155000
10645453653000
10645472159000
10645490666000
10645509172000
10645527679000
10645546186000
10645564695000
10645583203000
10645601707000
10645620214000
10645638720000
10645657228000
10645675733000
10645694244000
10645712750000
10645731254000
10645749762000
10645768270000
10645786777000
10645805282000
10645823791000
10645842296000
10645860805000
10645879310000
10645897820000
10645916325000
10645934834000
10645953338000
10645971844000
10645990352000
10646008862000
10646027365000
10646045873000
10646064382000
10646082886000
10646101393000
10646119902000
10646138408000
10646156912000
10646175421000
10646193926000
10646212435000
10646230941000
10646249448000
10646267956000
10646286464000
10646304968000
10646323475000
10646341981000
10646360489000
10646378996000
10646397506000
10646416012000
10646434516000
10646453023000
10646471532000
10646490039000
10646508545000
10646527051000
10646545559000
10646564064000
10646582572000
10646601080000
10646619589000
10646638093000
10646656599000
10646675106000
10646693613000
10646712119000
10646730626000
10646749136000
10646767643000
10646786147000
10646804654000
10646823166000
10646841672000
10646860181000
10646878682000
10646897188000
10646915696000
10646934203000
10646952710000
10646971218000
10646989723000
10647008230000
10647026739000
10647045246000
10647063751000
10647082258000
10647100766000
10647119275000
10647137779000
10647156284000
10647174795000
10647193299000
10647211806000
10647230313000
10647248820000
10647267327000
10647285833000
10647304342000
10647322849000
10647341354000
10647359860000
10647378368000
10647396874000
10647415383000
10647433890000
10647452397000
10647470902000
10647489408000
10647507915000
10647526425000
10647544929000
10647563436000
10647581943000
10647600452000
10647618957000
10647637464000
10647655972000
10647674481000
10647692984000
10647711491000
10647729999000
10647748505000
10647767013000
10647785520000
10647804029000
10647822533000
10647841040000
10647859546000
10647878056000
10647896561000
10647915067000
10647933575000
10647952080000
10647970587000
10647989096000
10648007604000
10648026109000
10648044615000
10648063122000
10648081629000
10648100138000
10648118643000
10648137151000
10648155659000
10648174163000
10648192669000
10648211176000
10648229684000
10648248195000
10648266699000
10648285205000
10648303712000
10648322218000
10648340728000
10648359234000
10648377740000
10648396246000
10648414757000
10648433260000
10648451766000
10648470274000
10648488782000
10648507290000
10648525794000
10648544301000
10648562807000
10648581314000
10648599822000
10648618329000
10648636836000
10648655342000
10648673851000
10648692357000
10648710867000
10648729370000
10648747877000
10648766384000
10648784890000
10648803398000
10648821905000
10648840414000
10648858917000
10648877426000
10648895931000
10648914438000
10648932946000
10648951452000
10648969960000
10648988468000
10649006975000
10649025482000
10649043989000
10649062497000
10649081001000
10649099508000
10649118014000
10649136523000
10649155027000
10649173537000
10649192044000
10649210549000
10649229056000
10649247563000
10649266069000
10649284576000
10649303083000
10649321591000
10649340098000
10649358605000
10649377111000
10649395620000
10649414124000
10649432632000
10649451138000
10649469646000
10649488153000
10649506659000
10649525167000
10649543676000
10649562179000
10649580686000
10649599192000
10649617700000
10649636210000
10649654714000
10649673221000
10649691728000
10649710235000
10649728743000
10649747251000
10649765755000
10649784262000
10649802769000
10649821276000
10649839784000
10649858291000
10649876797000
10649895307000
10649913811000
10649932317000
10649950823000
10649969330000
10649987837000
10650006346000
10650024856000
10650043358000
10650061867000
10650080374000
10650098881000
10650117387000
10650135893000
10650154400000
10650172907000
10650191414000
10650209921000
10650228429000
10650246934000
10650265441000
10650283947000
10650302454000
10650320961000
10650339469000
10650357976000
10650376483000
10650394989000
10650413499000
10650432006000
10650450510000
10650469016000
10650487524000
10650506032000
10650524538000
10650543044000
10650561553000
10650580060000
10650598565000
10650617073000
10650635579000
10650654084000
10650672591000
10650691100000
10650709606000
10650728115000
10650746621000
10650765128000
10650783636000
10650802142000
10650820647000
10650839156000
10650857662000
10650876168000
10650894677000
10650913183000
10650931692000
10650950195000
10650968702000
10650987209000
10651005716000
10651024225000
10651042730000
10651061247000
10651079744000
10651098252000
10651116759000
10651135267000
10651153772000
10651172278000
10651190787000
10651209293000
10651227799000
10651246307000
10651264814000
10651283322000
10651301826000
10651320333000
10651338840000
10651357348000
10651375853000
10651394360000
10651412869000
10651431374000
10651449882000
10651468390000
10651486899000
10651505403000
10651523910000
10651542416000
10651560923000
10651579430000
10651597936000
10651616446000
10651634953000
10651653457000
10651671965000
10651690474000
10651708978000
10651727485000
10651745991000
10651764498000
10651783005000
10651801513000
10651820021000
10651838526000
10651857034000
10651875541000
10651894046000
10651912554000
10651931060000
10651949568000
10651968077000
10651986581000
10652005087000
10652023596000
10652042101000
10652060609000
10652079115000
10652097622000
10652116129000
10652134637000
10652153144000
10652171651000
10652190158000
10652208664000
10652227170000
10652245678000
10652264184000
10652282691000
10652301199000
10652319708000
10652338213000
10652356719000
10652375227000
10652393732000
10652412238000
10652430746000
10652449257000
10652467761000
10652486271000
10652504776000
10652523283000
10652541789000
10652560295000
10652578802000
10652597309000
10652615816000
10652634323000
10652652831000
10652671338000
10652689842000
10652708350000
10652726856000
10652745364000
10652763869000
10652782377000
10652800884000
10652819391000
10652837898000
10652856407000
10652874917000
10652893419000
10652911926000
10652930432000
10652948938000
10652967446000
10652985955000
10653004461000
10653022966000
10653041475000
10653059980000
10653078487000
10653096994000
10653115501000
10653134008000
10653152517000
10653171022000
10653189529000
10653208038000
10653226545000
10653245049000
10653263556000
10653282063000
10653300570000
10653319076000
10653337585000
10653356092000
10653374601000
10653393103000
10653411611000
10653430118000
10653448624000
10653467131000
10653485638000
10653504145000
10653522653000
10653541160000
10653559669000
10653578174000
10653596680000
10653615188000
10653633695000
10653652200000
10653670708000
10653689215000
10653707724000
10653726228000
10653744735000
10653763242000
10653781749000
10653800256000
10653818764000
10653837269000
10653855776000
10653874286000
10653892793000
10653911300000
10653929804000
10653948311000
10653966818000
10653985326000
10654003833000
10654022339000
10654040848000
10654059355000
10654077859000
10654096365000
10654114872000
10654133380000
10654151885000
10654170394000
10654188899000
10654207407000
10654225915000
10654244422000
10654262930000
10654281435000
10654299942000
10654318448000
10654336955000
10654355462000
10654373971000
10654392478000
10654410985000
10654429489000
10654447997000
10654466505000
10654485012000
10654503517000
10654522024000
10654540531000
10654559037000
10654577545000
10654596053000
10654614561000
10654633072000
10654651572000
10654670079000
10654688586000
10654707093000
10654725601000
10654744108000
10654762613000
10654781120000
10654799628000
10654818133000
10654836641000
10654855148000
10654873656000
10654892161000
10654910669000
10654929177000
10654947685000
10654966189000
10654984700000
10655003203000
10655021711000
10655040216000
10655058724000
10655077231000
10655095740000
10655114244000
10655132752000
10655151259000
10655169765000
10655188272000
10655206780000
10655225286000
10655243794000
10655262298000
10655280807000
10655299321000
10655317820000
10655336327000
10655354833000
10655373341000
10655391847000
10655410354000
10655428863000
10655447371000
10655465876000
10655484382000
10655502888000
10655521395000
10655539902000
10655558411000
10655576918000
10655595422000
10655613930000
10655632438000
10655650946000
10655669451000
10655687957000
10655706465000
10655724971000
10655743478000
10655761985000
10655780494000
10655799000000
10655817507000
10655836012000
10655854519000
10655873027000
10655891533000
10655910041000
10655928549000
10655947053000
10655965562000
10655984068000
10656002578000
10656021081000
10656039588000
10656058095000
10656076602000
10656095109000
10656113618000
10656132125000
10656150629000
10656169136000
10656187643000
10656206150000
10656224658000
10656243165000
10656261672000
10656280181000
10656298684000
10656317191000
10656335700000
10656354205000
10656372713000
10656391219000
10656409726000
10656428232000
10656446741000
10656465248000
10656483757000
10656502260000
10656520767000
10656539274000
10656557781000
10656576288000
10656594795000
10656613303000
10656631812000
10656650314000
10656668823000
10656687342000
10656705836000
10656724344000
10656742850000
10656761356000
10656779863000
10656798371000
10656816879000
10656835386000
10656853891000
10656872397000
10656890908000
10656909412000
10656927919000
10656946426000
10656964936000
10656983439000
10657001945000
10657020452000
10657038963000
10657057467000
10657075974000
10657094480000
10657112987000
10657131495000
10657150002000
10657168510000
10657187016000
10657205522000
10657224030000
10657242536000
10657261043000
10657279550000
10657298058000
10657316565000
10657335070000
10657353576000
10657372082000
10657390591000
10657409098000
10657427605000
10657446111000
10657464620000
10657483126000
10657501633000
10657520140000
10657538646000
10657557153000
10657575659000
10657594166000
10657612674000
10657631181000
10657649690000
10657668195000
10657686701000
10657705207000
10657723714000
10657742220000
10657760728000
10657779234000
10657797742000
10657816249000
10657834757000
10657853264000
10657871772000
10657890276000
10657908784000
10657927290000
10657945797000
10657964304000
10657982812000
10658001318000
10658019827000
10658038331000
10658056837000
10658075345000
10658093852000
10658112371000
10658130866000
10658149373000
10658167880000
10658186387000
10658204896000
10658223403000
10658241908000
10658260414000
10658278921000
10658297428000
10658315935000
10658334442000
10658352950000
10658371455000
10658389962000
10658408468000
10658426975000
10658445482000
10658463989000
10658482497000
10658501003000
10658519510000
10658538018000
10658556526000
10658575031000
10658593538000
10658612046000
10658630552000
10658686073000
10658704581000
10658723086000
10658741594000
10658760099000
10658778606000
10658797114000
10658815621000
10658834128000
10658852634000
10658871141000
10658889650000
10658908156000
10658926661000
10658945169000
10658963675000
10658982182000
10659000690000
10659019199000
10659037705000
10659056213000
10659074718000
10659093224000
10659111730000
10659130236000
10659148745000
10659167251000
10659185758000
10659204264000
10659222772000
10659241281000
10659259788000
10659278293000
10659296799000
10659315306000
10659333813000
10659352319000
10659370829000
10659389336000
10659407844000
10659426347000
10659444861000
10659463361000
10659481868000
10659500377000
10659518882000
10659537389000
10659555897000
10659574404000
10659592911000
10659611419000
10659629923000
10659648430000
10659666938000
10659685444000
10659703952000
10659722459000
10659740966000
10659759472000
10659777979000
10659796486000
10659814991000
10659833499000
10659852005000
10659870513000
10659889021000
10659907527000
10659926033000
10659944543000
10659963046000
10659981555000
10660000061000
10660018568000
10660037075000
10660055582000
10660074090000
10660092601000
10660111103000
10660129610000
10660148116000
10660166622000
10660185130000
10660203636000
10660222143000
10660240651000
10660259158000
10660277665000
10660296173000
10660314680000
10660333184000
10660351693000
10660370198000
10660388707000
10660407213000
10660425720000
10660444227000
10660462733000
10660481241000
10660499747000
10660518254000
10660536760000
10660555268000
10660573775000
10660592281000
10660610789000
10660629296000
10660647804000
10660666309000
10660684817000
10660703322000
10660721832000
10660740335000
10660758845000
10660777351000
10660795859000
10660814366000
10660832871000
10660851378000
10660869884000
10660888391000
10660906899000
10660925423000
10660943912000
10660962420000
10660980927000
10660999435000
10661017940000
10661036446000
10661054954000
10661073461000
10661091968000
10661110475000
10661128983000
10661147487000
10661165995000
10661184501000
10661203010000
10661221514000
10661240022000
10661258529000
10661277035000
10661295543000
10661314049000
10661332558000
10661351064000
10661369571000
10661388081000
10661406584000
10661425091000
10661443598000
10661462105000
10661480613000
10661499118000
10661517626000
10661536132000
10661554640000
10661573146000
10661591652000
10661610159000
10661628667000
10661647172000
10661665683000
10661684190000
10661702694000
10661721201000
10661739708000
10661758215000
10661776723000
10661795228000
10661813737000
10661832244000
10661850751000
10661869256000
10661887764000
10661906269000
10661924776000
10661943282000
10661961790000
10661980297000
10661998806000
10662017311000
10662035820000
10662054324000
10662072832000
10662091338000
10662109845000
10662128354000
10662146860000
10662165367000
10662183876000
10662202380000
10662220888000
10662239394000
10662257901000
10662276407000
10662294915000
10662313420000
10662331928000
10662350435000
10662368943000
10662387450000
10662405957000
10662424462000
10662442970000
10662461476000
10662479983000
10662498490000
10662516998000
10662535503000
10662554010000
10662572518000
10662591024000
10662609532000
10662628039000
10662646544000
10662665051000
10662683559000
10662702066000
10662720574000
10662739079000
10662757587000
10662776094000
10662794602000
10662813106000
10662831614000
10662850123000
10662868631000
10662887134000
10662905642000
10662924149000
10662942656000
10662961162000
10662979670000
10662998175000
10663016683000
10663035189000
10663053698000
10663072204000
10663090711000
10663109216000
10663127724000
10663146230000
10663164738000
10663183246000
10663201752000
10663220260000
10663238765000
10663257273000
10663275779000
10663294285000
10663312794000
10663331299000
10663349806000
10663368313000
10663386821000
10663405328000
10663423836000
10663442342000
10663460847000
10663479354000
10663497862000
10663516369000
10663534876000
10663553385000
10663571893000
10663590396000
10663608903000
10663627409000
10663645917000
10663664423000
10663682931000
10663701438000
10663719944000
10663738457000
10663756960000
10663775477000
10663793972000
10663812479000
10663830985000
10663849492000
10663868000000
10663886507000
10663905019000
10663923520000
10663942027000
10663960534000
10663979040000
10663997547000
10664016054000
10664034563000
10664053067000
10664071574000
10664090082000
10664108589000
10664127095000
10664145602000
10664164109000
10664182617000
10664201123000
10664219629000
10664238138000
10664256645000
10664275150000
10664293659000
10664312163000
10664330671000
10664349178000
10664367686000
10664386192000
10664404698000
10664423205000
10664441713000
10664460222000
10664478726000
10664497233000
10664515741000
10664534247000
10664552754000
10664571260000
10664589770000
10664608276000
10664626782000
10664645288000
10664663795000
10664682302000
10664700809000
10664719316000
10664737824000
10664756329000
10664774836000
10664793343000
10664811852000
10664830357000
10664848864000
10664867370000
10664885878000
10664904385000
10664922892000
10664941400000
10664959908000
10664978411000
10664996919000
10665015425000
10665033933000
10665052440000
10665070947000
10665089454000
10665107961000
10665126466000
10665144975000
10665163486000
10665181988000
10665200495000
10665219001000
10665237508000
10665256016000
10665274523000
10665293031000
10665311536000
10665330042000
10665348549000
10665367057000
10665385563000
10665404070000
10665422578000
10665441085000
10665459590000
10665478097000
10665496606000
10665515114000
10665533620000
10665552124000
10665570633000
10665589139000
10665607647000
10665626155000
10665644661000
10665663165000
10665681674000
10665700180000
10665718687000
10665737194000
10665755702000
10665774209000
10665792717000
10665811220000
10665829728000
10665848237000
10665866743000
10665885250000
10665903758000
10665922263000
10665940770000
10665959278000
10665977785000
10665996292000
10666014798000
10666033305000
10666051812000
10666070318000
10666088825000
10666107333000
10666125840000
10666144348000
10666162852000
10666181359000
10666199868000
10666218373000
10666236880000
10666255388000
10666273895000
10666292400000
10666310908000
10666329415000
10666347924000
10666366427000
10666384936000
10666403443000
10666421950000
10666440457000
10666458963000
10666477470000
10666495977000
10666514482000
10666532990000
10666551504000
10666570004000
10666588515000
10666607020000
10666625525000
10666644032000
10666662540000
10666681047000
10666699553000
10666718059000
10666736566000
10666755074000
10666773580000
10666792086000
10666810594000
10666829102000
10666847607000
10666866112000
10666884620000
10666903131000
10666921636000
10666940142000
10666958650000
10666977156000
10666995663000
10667014169000
10667032679000
10667051183000
10667069689000
10667088198000
10667106703000
10667125209000
10667143717000
10667162224000
10667180733000
10667199239000
10667217745000
10667236252000
10667254758000
10667273265000
10667291772000
10667310279000
10667328786000
10667347293000
10667365801000
10667384308000
10667402815000
10667421321000
10667439829000
10667458334000
10667476841000
10667495349000
10667513857000
10667532364000
10667550868000
10667569376000
10667587882000
10667606389000
10667624896000
10667643403000
10667661912000
10667680416000
10667698925000
10667717432000
10667735941000
10667754445000
10667772951000
10667791459000
10667809964000
10667828472000
10667846979000
10667865487000
10667883993000
10667902500000
10667921006000
10667939514000
10667958019000
10667976536000
10667995034000
10668013540000
10668032048000
10668050556000
10668069063000
10668087570000
10668106076000
10668124582000
10668143090000
10668161595000
10668180102000
10668198611000
10668217118000
10668235623000
10668254131000
10668272636000
10668291144000
10668309650000
10668328158000
10668346664000
10668365173000
10668383679000
10668402185000
10668420694000
10668439199000
10668457705000
10668476212000
10668494720000
10668513226000
10668531733000
10668550241000
10668568750000
10668587253000
10668605762000
10668624268000
10668642774000
10668661281000
10668679789000
10668698295000
10668716803000
10668735309000
10668753817000
10668772325000
10668790830000
10668809336000
10668827844000
10668846350000
10668864859000
10668883367000
10668901874000
10668920380000
10668938885000
10668957393000
10668975899000
10668994404000
10669012912000
10669031420000
10669049927000
10669068433000
10669086940000
10669105448000
10669123956000
10669142461000
10669160968000
10669179475000
10669197981000
10669216487000
10669234995000
10669253505000
10669272008000
10669290516000
10669309023000
10669327528000
10669346035000
10669364545000
10669383049000
10669401561000
10669420064000
10669438571000
10669457081000
10669475587000
10669494091000
10669512598000
10669531105000
10669549611000
10669568119000
10669586626000
10669605134000
10669623639000
10669642146000
10669660653000
10669679160000
10669697666000
10669716172000
10669734680000
10669753187000
10669771694000
10669790201000
10669808710000
10669827216000
10669845723000
10669864229000
10669882735000
10669901242000
10669919750000
10669938256000
10669956766000
10669975270000
10669993777000
10670012284000
10670030790000
10670049296000
10670067804000
10670086311000
10670104818000
10670123326000
10670141834000
10670160341000
10670178846000
10670197352000
10670215859000
10670234366000
10670252873000
10670271380000
10670289889000
10670308395000
10670326900000
10670345407000
10670363916000
10670382420000
10670400927000
10670419434000
10670437941000
10670456448000
10670474956000
10670493465000
10670511973000
10670530477000
10670548984000
10670567490000
10670585997000
10670604503000
10670623011000
10670641519000
10670660024000
10670678533000
10670697039000
10670715546000
10670734051000
10670752558000
10670771066000
10670789579000
10670808081000
10670826587000
10670845096000
10670863602000
10670882107000
10670900614000
10670919122000
10670937627000
10670956136000
10670974643000
10670993150000
10671011655000
10671030163000
10671048670000
10671067176000
10671085682000
10671104188000
10671122696000
10671141203000
10671159710000
10671178218000
10671196726000
10671215231000
10671233737000
10671252244000
10671270752000
10671289257000
10671307765000
10671326273000
10671344782000
10671363287000
10671381795000
10671400300000
10671418807000
10671437312000
10671455820000
10671474326000
10671492834000
10671511341000
10671529850000
10671548356000
10671566861000
10671585368000
10671603876000
10671622381000
10671640889000
10671659396000
10671677904000
10671696413000
10671714917000
10671733423000
10671751931000
10671770436000
10671788944000
10671807451000
10671825957000
10671844465000
10671862972000
10671881479000
10671899989000
10671918492000
10671937000000
10671955506000
10671974014000
10671992520000
10672011027000
10672029536000
10672048042000
10672066546000
10672085054000
10672103562000
10672122068000
10672140576000
10672159081000
10672177587000
10672196096000
10672214604000
10672233111000
10672251619000
10672270124000
10672288630000
10672307137000
10672325643000
10672344152000
10672362658000
10672381166000
10672399671000
10672418178000
10672436686000
10672455193000
10672473699000
10672492205000
10672510712000
10672529219000
10672547727000
10672566233000
10672584742000
10672603247000
10672621754000
10672640261000
10672658768000
10672677274000
10672695783000
10672714290000
10672732797000
10672751301000
10672769810000
10672788316000
10672806823000
10672825330000
10672843837000
10672862342000
10672880856000
10672899356000
10672917865000
10672936373000
10672954877000
10672973385000
10672991892000
10673010399000
10673028906000
10673047413000
10673065920000
10673084429000
10673102933000
10673121440000
10673139948000
10673158453000
10673176961000
10673195469000
10673213973000
10673232482000
10673250988000
10673269497000
10673288004000
10673306509000
10673325017000
10673343522000
10673362030000
10673380536000
10673399043000
10673417552000
10673436058000
10673454564000
10673473071000
10673491577000
10673510084000
10673528591000
10673547099000
10673565605000
10673584111000
10673602626000
10673621127000
10673639635000
10673658140000
10673676646000
10673695156000
10673713661000
10673732167000
10673750676000
10673769182000
10673787688000
10673806194000
10673824701000
10673843207000
10673861716000
10673880222000
10673898730000
10673917234000
10673935741000
10673954250000
10673972758000
10673991263000
10674065291000
10674083797000
10674102307000
10674120815000
10674139318000
10674157826000
10674176331000
10674194839000
10674213345000
10674231856000
10674250360000
10674268866000
10674287373000
10674305881000
10674324389000
10674342894000
10674361401000
10674379908000
10674398415000
10674416921000
10674435429000
10674453936000
10674472453000
10674490949000
10674509456000
10674527963000
10674546470000
10674564977000
10674583484000
10674601992000
10674620497000
10674639003000
10674657512000
10674676020000
10674694525000
10674713032000
10674731539000
10674750045000
10674768554000
10674787060000
10674805568000
10674824076000
10674842579000
10674861087000
10674879594000
10674898100000
10674916606000
10674935115000
10674953623000
10674972127000
10674990634000
10675009143000
10675027653000
10675046155000
10675064663000
10675083169000
10675101676000
10675120183000
10675138692000
10675157199000
10675175703000
10675194211000
10675212717000
10675231224000
10675249731000
10675268237000
10675286746000
10675305255000
10675323759000
10675342264000
10675360773000
10675379278000
10675397786000
10675416293000
10675434800000
10675453306000
10675471814000
10675490322000
10675508829000
10675527334000
10675545842000
10675564348000
10675582855000
10675601362000
10675619869000
10675638378000
10675656885000
10675675389000
10675693896000
10675712405000
10675730910000
10675749417000
10675767923000
10675786431000
10675804938000
10675823445000
10675841952000
10675860460000
10675878965000
10675897472000
10675915980000
10675934485000
10675952993000
10675971500000
10675990008000
10676008513000
10676027021000
10676045526000
10676064036000
10676082540000
10676101048000
10676119555000
10676138062000
10676156568000
10676175075000
10676193583000
10676212088000
10676230596000
10676249102000
10676267609000
10676286116000
10676304624000
10676323131000
10676341640000
10676360144000
10676378650000
10676397157000
10676415679000
10676434172000
10676452687000
10676471185000
10676489692000
10676508200000
10676526707000
10676545215000
10676563720000
10676582226000
10676600733000
10676619241000
10676637748000
10676656254000
10676674762000
10676693270000
10676711775000
10676730280000
10676748787000
10676767293000
10676785802000
10676804310000
10676822816000
10676841323000
10676859829000
10676878338000
10676896847000
10676915349000
10676933857000
10676952366000
10676970871000
10676989378000
10677007885000
10677026392000
10677044900000
10677063405000
10677081912000
10677100418000
10677118925000
10677137434000
10677155940000
10677174446000
10677192953000
10677211460000
10677229968000
10677248478000
10677266982000
10677285488000
10677303996000
10677322502000
10677341009000
10677359515000
10677378024000
10677396531000
10677415036000
10677433541000
10677452050000
10677470557000
10677489063000
10677507570000
10677526078000
10677544584000
10677563092000
10677581599000
10677600108000
10677618611000
10677637120000
10677655625000
10677674133000
10677692639000
10677711147000
10677729655000
10677748160000
10677766666000
10677785174000
10677803680000
10677822187000
10677840702000
10677859201000
10677877709000
10677896215000
10677914723000
10677933232000
10677951736000
10677970243000
10677988750000
10678007257000
10678025763000
10678044269000
10678062778000
10678081286000
10678099790000
10678118298000
10678136804000
10678155310000
10678173818000
10678192324000
10678210832000
10678229339000
10678247848000
10678266353000
10678284863000
10678303366000
10678321875000
10678340379000
10678358887000
10678377393000
10678395901000
10678414409000
10678432918000
10678451421000
10678469929000
10678488435000
10678506941000
10678525448000
10678543956000
10678562461000
10678580969000
10678599477000
10678617986000
10678636493000
10678654996000
10678673504000
10678692012000
10678710518000
10678729024000
10678747531000
10678766040000
10678784547000
10678803053000
10678821560000
10678840066000
10678858572000
10678877079000
10678895585000
10678914093000
10678932599000
10678951108000
10678969615000
10678988124000
10679006627000
10679025136000
10679043642000
10679062148000
10679080656000
10679099164000
10679117672000
10679136177000
10679154683000
10679173190000
10679191696000
10679210203000
10679228719000
10679247218000
10679265723000
10679284231000
10679302738000
10679321246000
10679339751000
10679358258000
10679376765000
10679395273000
10679413780000
10679432286000
10679450794000
10679469301000
10679487808000
10679506313000
10679524820000
10679543327000
10679561834000
10679580340000
10679598849000
10679617354000
10679635862000
10679654370000
10679672878000
10679691382000
10679709890000
10679728398000
10679746904000
10679765409000
10679783917000
10679802424000
10679820933000
10679839436000
10679857945000
10679876451000
10679894957000
10679913465000
10679931971000
10679950478000
10679968986000
10679987492000
10680006002000
10680024509000
10680043013000
10680061520000
10680080028000
10680098533000
10680117041000
10680135547000
10680154056000
10680172564000
10680191069000
10680209575000
10680228083000
10680246587000
10680265095000
10680283601000
10680302109000
10680320616000
10680339124000
10680357630000
10680376140000
10680394643000
10680413151000
10680431658000
10680450165000
10680468671000
10680487179000
10680505686000
10680524193000
10680542698000
10680561208000
10680579712000
10680598220000
10680616726000
10680635232000
10680653748000
10680672248000
10680690755000
10680709263000
10680727768000
10680746275000
10680764781000
10680783290000
10680801795000
10680820301000
10680838810000
10680857320000
10680875824000
10680894329000
10680912836000
10680931344000
10680949849000
10680968356000
10680986863000
10681005371000
10681023878000
10681042385000
10681060894000
10681079399000
10681097906000
10681116412000
10681134919000
10681153426000
10681171933000
10681190441000
10681208950000
10681227457000
10681245960000
10681264467000
10681282974000
10681301480000
10681319987000
10681338495000
10681357003000
10681375509000
10681394018000
10681412525000
10681431029000
10681449536000
10681468042000
10681486549000
10681505057000
10681523564000
10681542073000
10681560579000
10681579084000
10681597592000
10681616098000
10681634606000
10681653113000
10681671617000
10681690126000
10681708632000
10681727140000
10681745647000
10681764155000
10681782660000
10681801167000
10681819672000
10681838181000
10681856687000
10681875195000
10681893702000
10681912208000
10681930715000
10681949221000
10681967729000
10681986235000
10682004742000
10682023249000
10682041755000
10682060264000
10682078788000
10682097278000
10682115784000
10682134292000
10682152797000
10682171305000
10682189811000
10682208318000
10682226825000
10682245335000
10682263839000
10682282345000
10682300857000
10682319359000
10682337866000
10682356373000
10682374879000
10682393388000
10682411894000
10682430401000
10682448910000
10682467413000
10682485922000
10682504428000
10682522935000
10682541441000
10682559949000
10682578457000
10682596965000
10682615468000
10682633976000
10682652482000
10682670990000
10682689497000
10682708004000
10682726510000
10682745017000
10682763524000
10682782033000
10682800540000
10682819045000
10682837553000
10682856059000
10682874565000
10682893074000
10682911581000
10682930088000
10682948595000
10682967100000
10682985607000
10683004113000
10683022620000
10683041128000
10683059636000
10683078143000
10683096649000
10683115155000
10683133663000
10683152171000
10683170675000
10683189183000
10683207690000
10683226198000
10683244704000
10683263212000
10683281718000
10683300225000
10683318730000
10683337237000
10683355745000
10683374252000
10683392758000
10683411267000
10683429771000
10683448280000
10683466798000
10683485294000
10683503799000
10683522307000
10683540814000
10683559322000
10683577828000
10683596335000
10683614842000
10683633351000
10683651854000
10683670362000
10683688868000
10683707375000
10683725882000
10683744390000
10683762897000
10683781402000
10683799909000
10683818417000
10683836925000
10683855429000
10683873937000
10683892445000
10683910951000
10683929458000
10683947965000
10683966474000
10683984982000
10684003485000
10684021993000
10684040498000
10684059006000
10684077514000
10684096021000
10684114527000
10684133033000
10684151539000
10684170048000
10684188557000
10684207061000
10684225567000
10684244076000
10684262583000
10684281090000
10684299596000
10684318105000
10684336612000
10684355116000
10684373622000
10684392129000
10684410636000
10684429143000
10684447651000
10684466159000
10684484665000
10684503170000
10684521679000
10684540187000
10684558691000
10684577200000
10684595705000
10684614213000
10684632719000
10684651227000
10684669736000
10684688240000
10684706747000
10684725256000
10684743760000
10684762267000
10684780775000
10684799283000
10684817790000
10684836295000
10684854802000
10684873312000
10684891818000
10684910322000
10684928829000
10684947338000
10684965844000
10684984350000
10685002859000
10685021366000
10685039871000
10685058378000
10685076885000
10685095392000
10685113899000
10685132405000
10685150914000
10685169421000
10685187925000
10685206431000
10685224942000
10685243446000
10685261954000
10685280460000
10685298967000
10685317475000
10685335981000
10685354488000
10685372998000
10685391501000
10685410009000
10685428515000
10685447022000
10685465528000
10685484037000
10685502545000
10685521052000
10685539557000
10685558062000
10685576572000
10685595077000
10685613584000
10685632091000
10685650598000
10685669104000
10685687612000
10685706121000
10685724627000
10685743133000
10685761639000
10685780147000
10685798652000
10685817161000
10685835668000
10685854177000
10685872683000
10685891187000
10685909694000
10685928203000
10685946707000
10685965215000
10685983721000
10686002229000
10686020735000
10686039243000
10686057753000
10686076256000
10686094763000
10686113270000
10686131776000
10686150284000
10686168790000
10686187298000
10686205805000
10686224311000
10686242816000
10686261324000
10686279839000
10686298339000
10686316847000
10686335353000
10686353859000
10686372366000
10686390874000
10686409382000
10686427888000
10686446394000
10686464900000
10686483407000
10686501914000
10686520422000
10686538929000
10686557437000
10686575943000
10686594449000
10686612955000
10686631463000
10686649970000
10686668477000
10686686983000
10686705490000
10686723997000
10686742504000
10686761013000
10686779517000
10686798026000
10686816531000
10686835038000
10686853546000
10686872052000
10686890559000
10686909069000
10686927572000
10686946078000
10686964586000
10686983092000
10687001599000
10687020107000
10687038613000
10687057122000
10687075627000
10687094135000
10687112643000
10687131149000
10687149654000
10687168162000
10687186669000
10687205176000
10687223683000
10687242191000
10687260695000
10687279204000
10687297710000
10687316216000
10687334723000
10687353231000
10687371737000
10687390244000
10687408752000
10687427259000
10687445766000
10687464272000
10687482778000
10687501287000
10687519792000
10687538299000
10687556806000
10687575314000
10687593821000
10687612326000
10687630833000
10687649340000
10687667846000
10687686353000
10687704872000
10687723369000
10687741876000
10687760383000
10687778890000
10687797399000
10687815902000
10687834410000
10687852916000
10687871424000
10687889930000
10687908438000
10687926945000
10687945453000
10687963957000
10687982465000
10688000971000
10688019477000
10688037985000
10688056492000
10688074999000
10688093505000
10688112012000
10688130520000
10688149029000
10688167534000
10688186040000
10688204547000
10688223054000
10688241561000
10688260068000
10688278576000
10688297083000
10688315589000
10688334095000
10688352601000
10688371109000
10688389616000
10688408123000
10688426629000
10688445136000
10688463643000
10688482152000
10688500660000
10688519164000
10688537671000
10688556177000
10688574686000
10688593191000
10688611698000
10688630209000
10688648712000
10688667219000
10688685727000
10688704233000
10688722738000
10688741246000
10688759753000
10688778263000
10688796767000
