11096669680000
11096688186000
11096706696000
11096725201000
11096743708000
11096762214000
11096780721000
11096799227000
11096817735000
11096836243000
11096854749000
11096873255000
11096891762000
11096910269000
11096928776000
11096947283000
11096965791000
11096984298000
11097002804000
11097021309000
11097039816000
11097058322000
11097076831000
11097095339000
11097113847000
11097132352000
11097150858000
11097169366000
11097187875000
11097206380000
11097224886000
11097243393000
11097261900000
11097280407000
11097298913000
11097317421000
11097335929000
11097354433000
11097372941000
11097391447000
11097409955000
11097428461000
11097446969000
11097465474000
11097483981000
11097502488000
11097520997000
11097539504000
11097558010000
11097576517000
11097595023000
11097613530000
11097632037000
11097650544000
11097669053000
11097687557000
11097706066000
11097724570000
11097743077000
11097761600000
11097780092000
11097798598000
11097817106000
11097835613000
11097854120000
11097872627000
11097891136000
11097909641000
11097928147000
11097946654000
11097965160000
11097983667000
11098002174000
11098020683000
11098039187000
11098057695000
11098076200000
11098094708000
11098113215000
11098131722000
11098150229000
11098168735000
11098187243000
11098205750000
11098224257000
11098242764000
11098261270000
11098279777000
11098298285000
11098316791000
11098335298000
11098353806000
11098372314000
11098390818000
11098409324000
11098427831000
11098446355000
11098464845000
11098483352000
11098501859000
11098520366000
11098538873000
11098557382000
11098575890000
11098594393000
11098612901000
11098631408000
11098649914000
11098668420000
11098686928000
11098705438000
11098723944000
11098742449000
11098760955000
11098779462000
11098797969000
11098816477000
11098834984000
11098853490000
11098871997000
11098890504000
11098909013000
11098927518000
11098946024000
11098964530000
11098983037000
11099001545000
11099020055000
11099038558000
11099057068000
11099075572000
11099094079000
11099112585000
11099131094000
11099149598000
11099168106000
11099186624000
11099205120000
11099223627000
11099242135000
11099260642000
11099279150000
11099297655000
11099316162000
11099334668000
11099353175000
11099371682000
11099390189000
11099408697000
11099427202000
11099445710000
11099464217000
11099482722000
11099501229000
11099519736000
11099538243000
11099556751000
11099575257000
11099593765000
11099612273000
11099630778000
11099649285000
11099667791000
11099686298000
11099704805000
11099723312000
11099741821000
11099760328000
11099778833000
11099797339000
11099815847000
11099834352000
11099852860000
11099871366000
11099889874000
11099908381000
11099926887000
11099945396000
11099963903000
11099982407000
11100000915000
11100019421000
11100037929000
11100056436000
11100074943000
11100093451000
11100111958000
11100130464000
11100148970000
11100167476000
11100185985000
11100204490000
11100222997000
11100241504000
11100260011000
11100278519000
11100297027000
11100315533000
11100334039000
11100352545000
11100371052000
11100389560000
11100408066000
11100426574000
11100445082000
11100463586000
11100482094000
11100500600000
11100519108000
11100537614000
11100556121000
11100574630000
11100593138000
11100611656000
11100630149000
11100648656000
11100667162000
11100685668000
11100704176000
11100722683000
11100741190000
11100759696000
11100778206000
11100796715000
11100815217000
11100833724000
11100852231000
11100870737000
11100889244000
11100907752000
11100926258000
11100944765000
11100963275000
11100981780000
11101000287000
11101018795000
11101037300000
11101055807000
11101074313000
11101092820000
11101111327000
11101129856000
11101148343000
11101166847000
11101185354000
11101203862000
11101222367000
11101240876000
11101259382000
11101277888000
11101296396000
11101314903000
11101333411000
11101351918000
11101370423000
11101388929000
11101407438000
11101425943000
11101444450000
11101462959000
11101481465000
11101499975000
11101518477000
11101536985000
11101555492000
11101573998000
11101592506000
11101611012000
11101629519000
11101648027000
11101666532000
11101685042000
11101703548000
11101722053000
11101740561000
11101759067000
11101777574000
11101796082000
11101814589000
11101833098000
11101851604000
11101870108000
11101888615000
11101907122000
11101925629000
11101944135000
11101962642000
11101981149000
11101999660000
11102018163000
11102036671000
11102055179000
11102073688000
11102092192000
11102110698000
11102129206000
11102147711000
11102166219000
11102184728000
11102203232000
11102221739000
11102240246000
11102258752000
11102277259000
11102295767000
11102314272000
11102332779000
11102351286000
11102369794000
11102388301000
11102406808000
11102425315000
11102443821000
11102462328000
11102480835000
11102499341000
11102517850000
11102536357000
11102554862000
11102573369000
11102591877000
11102610383000
11102628889000
11102647397000
11102665902000
11102684410000
11102702917000
11102721425000
11102739933000
11102758438000
11102776945000
11102795452000
11102813958000
11102832465000
11102850972000
11102869480000
11102887988000
11102906493000
11102925001000
11102943507000
11102962014000
11102980519000
11102999028000
11103017534000
11103036040000
11103054550000
11103073056000
11103091562000
11103110068000
11103128575000
11103147082000
11103165588000
11103184095000
11103202603000
11103221111000
11103239619000
11103258124000
11103276630000
11103295136000
11103313645000
11103332152000
11103350657000
11103369164000
11103387671000
11103406180000
11103424687000
11103443195000
11103461698000
11103480208000
11103498712000
11103517220000
11103535726000
11103554234000
11103572742000
11103591246000
11103609754000
11103628260000
11103646767000
11103665273000
11103683782000
11103702290000
11103720794000
11103739301000
11103757810000
11103776316000
11103794822000
11103813329000
11103831837000
11103850343000
11103868849000
11103887356000
11103905865000
11103924373000
11103942877000
11103961383000
11103979891000
11103998397000
11104016904000
11104035411000
11104053919000
11104072423000
11104090931000
11104109439000
11104127948000
11104146451000
11104164961000
11104183465000
11104201973000
11104220480000
11104238987000
11104257495000
11104276004000
11104294507000
11104313015000
11104331522000
11104350029000
11104368534000
11104387043000
11104405550000
11104424055000
11104442561000
11104461071000
11104479578000
11104498082000
11104516589000
11104535096000
11104553602000
11104572110000
11104590618000
11104609127000
11104627635000
11104646139000
11104664644000
11104683152000
11104701658000
11104720166000
11104738673000
11104757180000
11104775685000
11104794193000
11104812703000
11104831213000
11104849713000
11104868220000
11104886727000
11104905234000
11104923741000
11104942248000
11104960757000
11104979263000
11104997768000
11105016275000
11105034782000
11105053288000
11105071796000
11105090304000
11105108811000
11105127315000
11105145823000
11105164333000
11105182839000
11105201343000
11105219851000
11105238357000
11105256864000
11105275371000
11105293879000
11105312388000
11105330891000
11105349398000
11105367906000
11105386412000
11105404920000
11105423428000
11105441935000
11105460442000
11105478946000
11105497453000
11105515962000
11105534467000
11105552975000
11105571480000
11105589989000
11105608494000
11105627001000
11105645510000
11105664019000
11105682521000
11105701031000
11105719536000
11105738042000
11105756550000
11105775057000
11105793564000
11105812079000
11105830577000
11105849084000
11105867593000
11105886098000
11105904603000
11105923112000
11105941619000
11105960125000
11105978632000
11105997140000
11106015647000
11106034152000
11106052658000
11106071166000
11106089674000
11106108181000
11106126688000
11106145197000
11106163702000
11106182207000
11106200714000
11106219223000
11106237740000
11106256236000
11106274741000
11106293249000
11106311755000
11106330263000
11106348770000
11106367278000
11106385783000
11106404289000
11106422796000
11106441302000
11106459811000
11106478318000
11106496826000
11106515330000
11106533837000
11106552343000
11106570854000
11106589359000
11106607865000
11106626372000
11106644879000
11106663385000
11106681893000
11106700401000
11106718906000
11106737414000
11106755920000
11106774426000
11106792934000
11106811441000
11106829949000
11106848455000
11106866961000
11106885467000
11106903974000
11106922482000
11106940989000
11106959496000
11106978002000
11106996509000
11107015016000
11107033525000
11107052032000
11107070537000
11107089045000
11107107550000
11107126057000
11107144564000
11107163071000
11107181579000
11107200087000
11107218591000
11107237098000
11107255604000
11107274111000
11107292619000
11107311126000
11107329634000
11107348139000
11107366646000
11107385155000
11107403663000
11107422167000
11107440674000
11107459181000
11107477688000
11107496197000
11107514702000
11107533211000
11107551718000
11107570223000
11107588727000
11107607235000
11107625749000
11107644251000
11107662756000
11107681264000
11107699770000
11107718279000
11107736786000
11107755293000
11107773801000
11107792305000
11107810812000
11107829318000
11107847826000
11107866332000
11107884841000
11107903345000
11107921852000
11107940358000
11107958867000
11107977372000
11107995879000
11108014387000
11108032893000
11108051401000
11108069908000
11108088416000
11108106922000
11108125428000
11108143935000
11108162442000
11108180950000
11108199455000
11108217964000
11108236471000
11108254976000
11108273483000
11108291991000
11108310496000
11108329004000
11108347511000
11108366017000
11108384523000
11108403032000
11108421539000
11108440046000
11108458551000
11108477059000
11108495565000
11108514072000
11108532579000
11108551086000
11108569593000
11108588104000
11108606606000
11108625114000
11108643620000
11108662127000
11108680632000
11108699141000
11108717648000
11108736155000
11108754663000
11108773170000
11108791678000
11108810183000
11108828690000
11108847196000
11108865702000
11108884211000
11108902717000
11108921225000
11108939733000
11108958236000
11108976743000
11108995251000
11109013757000
11109032263000
11109050775000
11109069278000
11109087784000
11109106295000
11109124799000
11109143308000
11109161813000
11109180319000
11109198825000
11109217333000
11109235840000
11109254346000
11109272872000
11109291360000
11109309867000
11109328374000
11109346880000
11109365387000
11109383895000
11109402401000
11109420909000
11109439416000
11109457923000
11109476432000
11109494936000
11109513442000
11109531951000
11109550457000
11109568964000
11109587471000
11109605979000
11109624486000
11109642991000
11109661498000
11109680005000
11109698510000
11109717018000
11109735525000
11109754032000
11109772540000
11109791046000
11109809553000
11109828063000
11109846567000
11109865074000
11109883579000
11109902086000
11109920594000
11109939101000
11109957608000
11109976116000
11109994621000
11110013128000
11110031634000
11110050141000
11110068647000
11110087155000
11110105662000
11110124169000
11110142676000
11110161185000
11110179692000
11110198197000
11110216703000
11110235211000
11110253717000
11110272225000
11110290732000
11110309240000
11110327746000
11110346253000
11110364758000
11110383266000
11110401772000
11110420279000
11110438788000
11110457294000
11110475801000
11110494307000
11110512814000
11110531323000
11110549827000
11110568334000
11110586841000
11110605348000
11110623854000
11110642363000
11110660870000
11110679375000
11110697883000
11110716389000
11110734896000
11110753401000
11110771909000
11110790417000
11110808923000
11110827430000
11110845938000
11110864446000
11110882953000
11110901457000
11110919964000
11110938471000
11110956978000
11110975485000
11110993993000
11111012500000
11111031005000
11111049512000
11111068019000
11111086526000
11111105032000
11111123539000
11111142047000
11111160554000
11111179061000
11111197567000
11111216076000
11111234580000
11111253087000
11111271594000
11111290103000
11111308608000
11111327116000
11111345624000
11111364132000
11111382636000
11111401144000
11111419650000
11111438156000
11111456662000
11111475170000
11111493675000
11111512185000
11111530692000
11111549198000
11111567706000
11111586211000
11111604718000
11111623225000
11111641732000
11111660239000
11111678745000
11111697254000
11111715761000
11111734267000
11111752773000
11111771280000
11111789787000
11111808293000
11111826800000
11111845308000
11111863820000
11111882322000
11111900829000
11111919337000
11111937841000
11111956350000
11111974856000
11111993364000
11112011869000
11112030377000
11112048884000
11112067392000
11112085896000
11112104403000
11112122911000
11112141419000
11112159924000
11112178433000
11112196937000
11112215444000
11112233952000
11112252461000
11112270968000
11112289472000
11112307980000
11112326485000
11112344993000
11112363500000
11112382007000
11112400514000
11112419020000
11112437527000
11112456036000
11112474541000
11112493047000
11112511556000
11112530061000
11112548567000
11112567075000
11112585583000
11112604091000
11112622596000
11112641103000
11112659609000
11112678117000
11112696623000
11112715130000
11112733637000
11112752145000
11112770650000
11112789159000
11112807663000
11112826172000
11112844678000
11112863186000
11112881692000
11112900201000
11112918706000
11112937214000
11112955722000
11112974226000
11112992733000
11113011241000
11113029747000
11113048253000
11113066761000
11113085270000
11113103776000
11113122282000
11113140788000
11113159295000
11113177802000
11113196308000
11113214815000
11113233322000
11113251828000
11113270336000
11113288844000
11113307351000
11113325856000
11113344365000
11113362870000
11113381377000
11113399884000
11113418393000
11113436899000
11113455409000
11113473911000
11113492418000
11113510926000
11113529432000
11113547940000
11113566446000
11113584952000
11113603458000
11113621967000
11113640474000
11113658983000
11113677488000
11113695994000
11113714501000
11113733007000
11113751514000
11113770021000
11113788529000
11113807037000
11113825543000
11113844052000
11113862556000
11113881063000
11113899568000
11113918077000
11113936582000
11113955089000
11113973598000
11113992105000
11114010613000
11114029117000
11114047624000
11114066131000
11114084639000
11114103145000
11114121653000
11114140161000
11114158665000
11114177172000
11114195678000
11114214187000
11114232692000
11114251200000
11114269708000
11114288213000
11114306719000
11114325230000
11114343736000
11114362243000
11114380747000
11114399256000
11114417761000
11114436268000
11114454775000
11114473284000
11114491791000
11114510297000
11114528802000
11114547310000
11114565816000
11114584323000
11114602831000
11114621339000
11114639843000
11114658350000
11114676876000
11114695367000
11114713871000
11114732378000
11114750885000
11114769393000
11114787898000
11114806407000
11114824914000
11114843422000
11114861926000
11114880433000
11114898941000
11114917448000
11114935953000
11114954461000
11114972969000
11114991474000
11115009981000
11115028488000
11115046997000
11115065501000
11115084008000
11115102515000
11115121022000
11115139529000
11115158038000
11115176545000
11115195052000
11115213557000
11115232063000
11115250571000
11115269081000
11115287584000
11115306092000
11115324600000
11115343105000
11115361611000
11115380120000
11115398627000
11115417132000
11115435638000
11115454145000
11115472653000
11115491160000
11115509667000
11115528177000
11115546680000
11115565188000
11115583693000
11115602202000
11115620708000
11115639215000
11115657723000
11115676231000
11115694735000
11115713242000
11115731749000
11115750258000
11115768762000
11115787269000
11115805778000
11115824283000
11115842791000
11115861299000
11115879805000
11115898310000
11115916817000
11115935324000
11115953830000
11115972339000
11115990844000
11116009354000
11116027861000
11116046365000
11116064871000
11116083382000
11116101890000
11116120393000
11116138900000
11116157406000
11116175914000
11116194421000
11116212930000
11116231436000
11116249941000
11116268448000
11116286954000
11116305462000
11116323968000
11116342477000
11116360983000
11116379492000
11116397995000
11116416503000
11116435011000
11116453516000
11116472023000
11116490529000
11116509038000
11116527544000
11116546052000
11116564559000
11116583068000
11116601572000
11116620079000
11116638585000
11116657092000
11116675598000
11116694106000
11116712615000
11116731122000
11116749625000
11116768132000
11116786643000
11116805147000
11116823653000
11116842161000
11116860667000
11116879174000
11116897682000
11116916190000
11116934697000
11116953202000
11116971709000
11116990215000
11117008722000
11117027231000
11117045737000
11117064245000
11117082749000
11117101256000
11117119764000
11117138273000
11117156777000
11117175284000
11117193791000
11117212298000
11117230805000
11117249312000
11117267821000
11117286325000
11117304832000
11117323341000
11117341846000
11117360352000
11117378860000
11117397368000
11117415875000
11117434380000
11117452886000
11117471394000
11117489904000
11117508410000
11117526916000
11117545424000
11117563928000
11117582435000
11117600945000
11117619451000
11117637956000
11117656463000
11117674970000
11117693477000
11117711983000
11117730491000
11117748998000
11117767505000
11117786011000
11117804517000
11117823023000
11117841532000
11117860039000
11117878544000
11117897053000
11117915558000
11117934065000
11117952573000
11117971081000
11117989586000
11118008093000
11118026602000
11118045107000
11118063613000
11118082121000
11118100629000
11118119137000
11118137641000
11118156147000
11118174654000
11118193162000
11118211668000
11118230176000
11118248682000
11118267189000
11118285697000
11118304204000
11118322712000
11118341217000
11118359727000
11118378232000
11118396738000
11118415244000
11118433752000
11118452260000
11118470765000
11118489273000
11118507777000
11118526285000
11118544792000
11118563299000
11118581805000
11118600313000
11118618820000
11118637327000
11118655835000
11118674343000
11118692846000
11118711355000
11118729860000
11118748367000
11118766874000
11118785382000
11118803889000
11118822396000
11118840901000
11118859408000
11118877916000
11118896422000
11118914932000
11118933436000
11118951944000
11118970451000
11118988958000
11119007466000
11119025972000
11119044477000
11119062985000
11119081493000
11119099998000
11119118504000
11119137013000
11119155522000
11119174026000
11119192534000
11119211038000
11119229545000
11119248052000
11119266559000
11119285067000
11119303574000
11119322081000
11119340589000
11119359096000
11119377601000
11119396108000
11119414614000
11119433122000
11119451628000
11119470136000
11119488645000
11119507153000
11119525656000
11119544163000
11119562668000
11119581177000
11119599683000
11119618190000
11119636697000
11119655204000
11119673711000
11119692219000
11119710726000
11119729231000
11119747738000
11119766245000
11119784751000
11119803261000
11119821766000
11119840274000
11119858782000
11119877287000
11119895793000
11119914299000
11119932806000
11119951313000
11119969820000
11119988328000
11120006834000
11120025342000
11120043850000
11120062357000
11120080862000
11120099370000
11120117875000
11120136383000
11120154889000
11120173397000
11120191906000
11120210411000
11120228916000
11120247424000
11120265930000
11120284438000
11120302947000
11120321451000
11120339964000
11120358465000
11120376973000
11120395481000
11120413985000
11120432492000
11120451000000
11120469506000
11120488013000
11120506520000
11120525027000
11120543536000
11120562040000
11120580548000
11120599054000
11120617560000
11120636067000
11120654575000
11120673082000
11120691588000
11120710095000
11120728602000
11120747112000
11120765616000
11120784122000
11120802629000
11120821137000
11120839642000
11120858151000
11120876658000
11120895165000
11120913671000
11120932178000
11120950684000
11120969190000
11120987697000
11121006204000
11121024712000
11121043221000
11121061727000
11121080233000
11121098741000
11121117249000
11121135753000
11121154261000
11121172767000
11121191273000
11121209781000
11121228290000
11121246795000
11121265301000
11121283808000
11121302314000
11121320821000
11121339329000
11121357834000
11121376343000
11121394848000
11121413357000
11121431863000
11121450373000
11121468876000
11121487385000
11121505891000
11121524397000
11121542904000
11121561413000
11121579919000
11121598427000
11121616934000
11121635438000
11121653945000
11121672452000
11121690958000
11121709466000
11121727995000
11121746480000
11121764989000
11121783495000
11121802003000
11121820507000
11121839014000
11121857521000
11121876030000
11121894535000
11121913042000
11121931550000
11121950054000
11121968561000
11121987069000
11122005575000
11122024082000
11122042588000
11122061095000
11122079602000
11122098112000
11122116618000
11122135125000
11122153635000
11122172138000
11122190643000
11122209153000
11122227658000
11122246164000
11122264672000
11122283181000
11122301685000
11122320193000
11122338700000
11122357206000
11122375713000
11122394219000
11122412726000
11122431233000
11122449740000
11122468249000
11122486756000
11122505261000
11122523767000
11122542276000
11122560780000
11122579289000
11122597795000
11122616304000
11122634810000
11122653317000
11122671824000
11122690330000
11122708837000
11122727342000
11122745851000
11122764357000
11122782864000
11122801370000
11122819878000
11122838386000
11122856891000
11122875400000
11122893904000
11122912412000
11122930919000
11122949426000
11122967934000
11122986443000
11123004946000
11123023453000
11123041961000
11123060467000
11123078973000
11123097482000
11123115987000
11123134494000
11123153004000
11123171511000
11123190017000
11123208524000
11123227028000
11123245535000
11123264043000
11123282550000
11123301058000
11123319566000
11123338072000
11123356577000
11123375085000
11123393590000
11123412098000
11123430603000
11123449110000
11123467618000
11123486125000
11123504632000
11123523140000
11123541649000
11123560153000
11123578659000
11123597167000
11123615672000
11123634179000
11123652687000
11123671196000
11123689700000
11123708208000
11123726713000
11123745220000
11123763728000
11123782235000
11123800740000
11123819249000
11123837755000
11123856262000
11123874770000
11123893277000
11123911783000
11123930291000
11123948796000
11123967303000
11123985809000
11124004318000
11124022825000
11124041331000
11124059838000
11124078344000
11124096855000
11124115358000
11124133865000
11124152371000
11124170877000
11124189386000
11124207893000
11124226401000
11124244906000
11124263414000
11124281920000
11124300427000
11124318934000
11124337441000
11124355949000
11124374457000
11124392961000
11124411468000
11124429976000
11124448482000
11124466988000
11124485496000
11124504001000
11124522509000
11124541022000
11124559525000
11124578032000
11124596538000
11124615043000
11124633550000
11124652058000
11124670565000
11124689071000
11124707581000
11124726086000
11124744593000
11124763098000
11124781604000
11124800112000
11124818619000
11124837127000
11124855632000
11124874139000
11124892647000
11124911155000
11124929662000
11124948167000
11124966674000
11124985180000
11125003688000
11125022195000
11125040702000
11125059211000
11125077717000
11125096225000
11125114728000
11125133235000
11125151743000
11125170249000
11125188757000
11125207262000
11125225770000
11125244278000
11125262785000
11125281293000
11125299797000
11125318305000
11125336811000
11125355318000
11125373825000
11125392333000
11125410840000
11125429347000
11125447853000
11125466359000
11125484865000
11125503373000
11125521879000
11125540388000
11125558894000
11125577401000
11125595908000
11125614416000
11125632921000
11125651428000
11125669936000
11125688441000
11125706948000
11125725456000
11125743962000
11125762471000
11125780976000
11125799485000
11125817989000
11125836496000
11125855003000
11125873513000
11125892018000
11125910523000
11125929039000
11125947538000
11125966046000
11125984552000
11126003058000
11126021565000
11126040072000
11126058581000
11126077088000
11126095594000
11126114101000
11126132607000
11126151114000
11126169620000
11126188127000
11126206633000
11126225142000
11126243649000
11126262153000
11126280661000
11126299169000
11126317677000
11126336182000
11126354689000
11126373197000
11126391704000
11126410209000
11126428715000
11126447225000
11126465731000
11126484237000
11126502744000
11126521252000
11126539757000
11126558265000
11126576771000
11126595279000
11126613785000
11126632291000
11126650799000
11126669307000
11126687813000
11126706319000
11126724827000
11126743332000
11126761839000
11126780348000
11126798854000
11126817364000
11126835868000
11126854374000
11126872880000
11126891390000
11126909895000
11126928402000
11126946911000
11126965415000
11126983921000
11127002432000
11127020937000
11127039443000
11127057949000
11127076457000
11127094963000
11127113471000
11127131977000
11127150487000
11127168991000
11127187497000
11127206004000
11127224512000
11127243019000
11127261525000
11127280033000
11127298541000
11127317044000
11127335552000
11127354065000
11127372566000
11127391083000
11127409580000
11127428087000
11127446594000
11127465101000
11127483609000
11127502117000
11127520621000
11127539128000
11127557635000
11127576142000
11127594648000
11127613156000
11127631662000
11127650171000
11127668675000
11127687182000
11127705692000
11127724198000
11127742704000
11127761210000
11127779717000
11127798224000
11127816731000
11127835239000
11127853748000
11127872253000
11127890759000
11127909267000
11127927771000
11127946280000
11127964786000
11127983294000
11128001802000
11128020308000
11128038814000
11128057323000
11128075828000
11128094334000
11128112841000
11128131347000
11128149855000
11128168362000
11128186869000
11128205378000
11128223882000
11128242389000
11128260896000
11128279402000
11128297910000
11128316417000
11128334924000
11128353430000
11128371936000
11128390444000
11128408954000
11128427458000
11128445964000
11128464471000
11128482978000
11128501485000
11128519992000
11128538501000
11128557008000
11128575514000
11128594019000
11128612527000
11128631032000
11128649540000
11128705060000
11128723567000
11128742075000
11128760583000
11128779098000
11128797595000
11128816101000
11128834608000
11128853115000
11128871623000
11128890131000
11128908638000
11128927143000
11128945651000
11128964157000
11128982663000
11129001170000
11129019677000
11129038186000
11129056690000
11129075198000
11129093704000
11129112211000
11129130718000
11129149225000
11129167731000
11129186240000
11129204746000
11129223253000
11129241762000
11129260267000
11129278772000
11129297283000
11129315787000
11129334294000
11129352801000
11129371309000
11129389817000
11129408322000
11129426829000
11129445334000
11129463841000
11129482349000
11129500865000
11129519363000
11129537869000
11129556378000
11129574885000
11129593392000
11129611896000
11129630403000
11129648910000
11129667417000
11129685925000
11129704431000
11129722939000
11129741449000
11129759951000
11129778458000
11129796964000
11129815471000
11129833979000
11129852490000
11129870993000
11129889500000
11129908008000
11129926515000
11129945022000
11129963528000
11129982033000
11130000541000
11130019048000
11130037555000
11130056062000
11130074571000
11130093075000
11130111582000
11130130088000
11130148596000
11130167114000
11130185611000
11130204116000
11130222624000
11130241131000
11130259637000
11130278145000
11130296654000
11130315157000
11130333664000
11130352171000
11130370679000
11130389185000
11130407694000
11130426201000
11130444705000
11130463213000
11130481718000
11130500225000
11130518733000
11130537240000
11130555746000
11130574254000
11130592761000
11130611269000
11130629776000
11130648281000
11130666787000
11130685295000
11130703802000
11130722308000
11130740816000
11130759325000
11130777831000
11130796336000
11130814842000
11130833349000
11130851855000
11130870364000
11130888871000
11130907378000
11130925885000
11130944392000
11130962899000
11130981406000
11130999911000
11131018418000
11131036925000
11131055433000
11131073939000
11131092446000
11131110953000
11131129462000
11131147966000
11131166474000
11131184979000
11131203487000
11131221993000
11131240502000
11131259007000
11131277515000
11131296021000
11131314529000
11131333038000
11131351543000
11131370048000
11131388557000
11131407063000
11131425571000
11131444077000
11131462584000
11131481092000
11131499597000
11131518103000
11131536611000
11131555117000
11131573624000
11131592133000
11131610638000
11131629146000
11131647653000
11131666160000
11131684667000
11131703172000
11131721680000
11131740186000
11131758695000
11131777199000
11131795707000
11131814215000
11131832720000
11131851227000
11131869734000
11131888241000
11131906746000
11131925256000
11131943762000
11131962268000
11131980775000
11131999283000
11132017791000
11132036299000
11132054802000
11132073310000
11132091817000
11132110324000
11132128830000
11132147339000
11132165846000
11132184351000
11132202858000
11132221365000
11132239870000
11132258380000
11132276884000
11132295392000
11132313900000
11132332405000
11132350914000
11132369421000
11132387926000
11132406433000
11132424941000
11132443448000
11132461956000
11132480460000
11132498968000
11132517478000
11132535981000
11132554488000
11132572996000
11132591503000
11132610009000
11132628515000
11132647023000
11132665530000
11132684036000
11132702544000
11132721051000
11132739557000
11132758064000
11132776572000
11132795077000
11132813584000
11132832090000
11132850601000
11132869108000
11132887611000
11132906118000
11132924626000
11132943132000
11132961638000
11132980148000
11132998653000
11133017159000
11133035669000
11133054175000
11133072682000
11133091188000
11133109696000
11133128200000
11133146707000
11133165214000
11133183723000
11133202229000
11133220737000
11133239241000
11133257749000
11133276256000
11133294762000
11133313269000
11133331775000
11133350283000
11133368790000
11133387297000
11133405805000
11133424315000
11133442819000
11133461325000
11133479831000
11133498338000
11133516845000
11133535352000
11133553861000
11133572367000
11133590873000
11133609380000
11133627887000
11133646392000
11133664900000
11133683407000
11133701914000
11133720422000
11133738928000
11133757436000
11133794449000
11133812955000
11133831462000
11133849968000
11133868475000
11133886983000
11133905492000
11133923996000
11133942504000
11133961010000
11133979516000
11133998023000
11134016530000
11134035037000
11134053544000
11134072051000
11134090559000
11134109066000
11134127572000
11134146078000
11134164585000
11134183092000
11134201599000
11134220106000
11134238615000
11134257122000
11134275628000
11134294133000
11134312640000
11134331146000
11134349654000
11134368160000
11134386667000
11134405189000
11134423683000
11134442197000
11134460698000
11134479202000
11134497710000
11134516216000
11134534723000
11134553230000
11134571738000
11134590244000
11134608752000
11134627257000
11134645763000
11134664270000
11134682776000
11134701284000
11134719790000
11134738297000
11134756805000
11134775312000
11134793819000
11134812328000
11134830831000
11134849339000
11134867846000
11134886352000
11134904860000
11134923369000
11134941877000
11134960383000
11134978888000
11134997394000
11135015901000
11135034409000
11135052914000
11135071421000
11135089929000
11135108436000
11135126942000
11135145450000
11135163958000
11135182463000
11135200970000
11135219478000
11135237984000
11135256492000
11135274999000
11135293505000
11135312013000
11135330518000
11135349024000
11135367532000
11135386038000
11135404545000
11135423052000
11135441560000
11135460065000
11135478573000
11135497081000
11135515589000
11135534093000
11135552601000
11135571107000
11135589615000
11135608121000
11135626628000
11135645136000
11135663642000
11135682148000
11135700656000
11135719161000
11135737669000
11135756176000
11135774683000
11135793188000
11135811697000
11135830207000
11135848712000
11135867217000
11135885724000
11135904231000
11135922738000
11135941245000
11135959752000
11135978259000
11135996767000
11136015272000
11136033778000
11136052287000
11136070829000
11136089300000
11136107806000
11136126312000
11136144818000
11136163327000
11136181835000
11136200341000
11136218846000
11136237354000
11136255861000
11136274369000
11136292874000
11136311382000
11136329889000
11136348397000
11136366902000
11136385410000
11136403915000
11136422424000
11136440930000
11136459437000
11136477943000
11136496450000
11136514956000
11136533466000
11136551972000
11136570477000
11136588984000
11136607494000
11136625999000
11136644505000
11136663012000
11136681521000
11136700027000
11136718534000
11136737039000
11136755546000
11136774053000
11136792561000
11136811067000
11136829573000
11136848081000
11136866589000
11136885096000
11136903603000
11136922110000
11136940616000
11136959122000
11136977631000
11136996135000
11137014643000
11137033150000
11137051656000
11137070162000
11137088670000
11137107177000
11137125684000
11137144190000
11137162698000
11137181203000
11137199710000
11137218228000
11137236727000
11137255234000
11137273739000
11137292245000
11137310752000
11137329260000
11137347766000
11137366273000
11137384782000
11137403286000
11137421794000
11137440299000
11137458807000
11137477314000
11137495820000
11137514329000
11137532833000
11137551341000
11137569850000
11137588358000
11137606863000
11137625369000
11137643875000
11137662382000
11137680890000
11137699398000
11137717905000
11137736413000
11137754917000
11137773424000
11137791931000
11137810438000
11137828944000
11137847452000
11137865959000
11137884465000
11137902971000
11137921480000
11137939987000
11137958492000
11137977001000
11137995507000
11138014012000
11138032520000
11138051026000
11138069536000
11138088043000
11138106549000
11138125054000
11138143561000
11138162070000
11138180574000
11138199081000
11138217591000
11138236096000
11138254602000
11138273111000
11138291618000
11138310123000
11138328631000
11138347137000
11138365644000
11138384150000
11138402659000
11138421165000
11138439674000
11138458177000
11138476684000
11138495191000
11138513698000
11138532204000
11138550713000
11138569220000
11138587726000
11138606232000
11138624741000
11138643248000
11138661754000
11138680260000
11138698767000
11138717274000
11138735781000
11138754288000
11138772798000
11138791305000
11138809808000
11138828315000
11138846822000
11138865329000
11138883836000
11138902343000
11138920858000
11138939356000
11138957862000
11138976372000
11138994879000
11139013384000
11139031890000
11139050398000
11139068904000
11139087411000
11139105919000
11139124427000
11139142931000
11139161439000
11139179946000
11139198453000
11139216959000
11139235467000
11139253974000
11139272483000
11139290986000
11139309492000
11139328002000
11139346507000
11139365013000
11139383521000
11139402028000
11139420535000
11139439043000
11139457549000
11139476058000
11139494562000
11139513069000
11139531576000
11139550082000
11139568590000
11139587096000
11139605606000
11139624114000
11139642617000
11139661124000
11139679635000
11139698138000
11139716644000
11139735151000
11139753660000
11139772166000
11139790673000
11139809180000
11139827688000
11139846192000
11139864700000
11139883206000
11139901713000
11139920220000
11139938729000
11139957235000
11139975744000
11139994247000
11140012755000
11140031279000
11140049768000
11140068276000
11140086782000
11140105288000
11140123796000
11140142303000
11140160811000
11140179318000
11140197824000
11140216330000
11140234838000
11140253343000
11140271850000
11140290359000
11140308867000
11140327371000
11140345880000
11140364384000
11140382893000
11140401399000
11140419906000
11140438412000
11140456919000
11140475427000
11140493933000
11140512441000
11140530948000
11140549453000
11140567960000
11140586467000
11140604974000
11140623482000
11140641990000
11140660496000
11140679000000
11140697508000
11140716013000
11140734525000
11140753030000
11140771536000
11140790043000
11140808550000
11140827056000
11140845565000
11140864072000
11140882577000
11140901084000
11140919592000
11140938099000
11140956605000
11140975112000
11140993620000
11141012127000
11141030632000
11141049138000
11141067645000
11141086155000
11141104660000
11141123166000
11141141674000
11141160179000
11141178688000
11141197194000
11141215703000
11141234207000
11141252715000
11141271221000
11141289729000
11141308235000
11141326742000
11141345250000
11141363759000
11141382262000
11141400769000
11141419276000
11141437785000
11141456304000
11141474797000
11141493303000
11141511812000
11141530317000
11141548827000
11141567333000
11141585838000
11141604345000
11141622851000
11141641358000
11141659865000
11141678373000
11141696880000
11141715388000
11141733897000
11141752398000
11141770906000
11141789414000
11141807919000
11141826429000
11141844935000
11141863440000
11141881948000
11141900457000
11141918964000
11141937468000
11141955976000
11141974483000
11141992988000
11142011496000
11142030003000
11142048511000
11142067017000
11142085525000
11142104031000
11142122536000
11142141044000
11142159551000
11142178057000
11142196564000
11142215070000
11142233579000
11142252086000
11142270594000
11142289098000
11142307606000
11142326112000
11142344619000
11142363126000
11142381634000
11142400141000
11142418648000
11142437154000
11142455660000
11142474166000
11142492674000
11142511181000
11142529688000
11142548196000
11142566702000
11142585208000
11142603718000
11142622223000
11142640730000
11142659235000
11142677742000
11142696249000
11142714756000
11142733265000
11142751772000
11142770277000
11142788785000
11142807291000
11142825797000
11142844306000
11142862811000
11142881318000
11142899826000
11142918332000
11142936841000
11142955348000
11142973853000
11142992359000
11143010866000
11143029373000
11143047880000
11143066391000
11143084918000
11143103403000
11143121908000
11143140415000
11143158920000
11143177427000
11143195934000
11143214441000
11143232948000
11143251455000
11143269962000
11143288470000
11143306979000
11143325484000
11143343989000
11143362496000
11143381003000
11143399512000
11143418019000
11143436525000
11143455033000
11143473538000
11143492045000
11143510551000
11143529058000
11143547565000
11143566071000
11143584580000
11143603086000
11143621594000
11143640100000
11143658609000
11143677114000
11143695620000
11143714127000
11143732634000
11143751141000
11143769649000
11143788158000
11143806666000
11143825169000
11143843677000
11143862181000
11143880688000
11143899196000
11143917703000
11143936210000
11143954716000
11143973224000
11143991734000
11144010240000
11144028744000
11144047251000
11144065757000
11144084264000
11144102771000
11144121279000
11144139787000
11144158291000
11144176801000
11144195305000
11144213811000
11144232320000
11144250826000
11144269339000
11144287841000
11144306346000
11144324864000
11144343362000
11144361867000
11144380375000
11144398881000
11144417389000
11144435895000
11144454402000
11144472910000
11144491417000
11144509923000
11144528430000
11144546936000
11144565444000
11144583950000
11144602455000
11144620963000
11144639471000
11144657977000
11144676485000
11144694992000
11144713498000
11144732005000
11144750513000
11144769020000
11144787525000
11144806032000
11144824540000
11144843048000
11144861553000
11144880059000
11144898566000
11144917073000
11144935581000
11144954087000
11144972594000
11144991100000
11145009608000
11145028115000
11145046624000
11145065130000
11145083636000
11145102141000
11145120649000
11145139157000
11145157664000
11145176170000
11145194678000
11145213182000
11145231690000
11145250196000
11145268704000
11145287211000
11145305718000
11145324224000
11145342732000
11145361239000
11145379746000
11145398253000
11145416759000
11145435265000
11145453774000
11145472281000
11145490786000
11145509294000
11145527802000
11145546309000
11145564814000
11145583320000
11145601827000
11145620333000
11145638841000
11145657347000
11145675856000
11145694361000
11145712870000
11145731377000
11145749886000
11145768389000
11145786897000
11145805403000
11145823909000
11145842416000
11145860924000
11145879432000
11145897936000
11145916444000
11145934950000
11145953458000
11145971965000
11145990472000
11146008978000
11146027485000
11146045991000
11146064499000
11146083006000
11146101515000
11146120019000
11146138529000
11146157032000
11146175540000
11146194046000
11146212554000
11146231063000
11146249568000
11146268076000
11146286581000
11146305088000
11146323594000
11146342101000
11146360608000
11146379115000
11146397623000
11146416131000
11146434638000
11146453143000
11146471651000
11146490156000
11146508663000
11146527170000
11146545677000
11146564186000
11146582694000
11146601199000
11146619706000
11146638212000
11146656719000
11146675225000
11146693732000
11146712238000
11146730746000
11146749254000
11146767762000
11146786272000
11146804774000
11146823281000
11146841788000
11146860294000
11146878801000
11146897307000
11146915816000
11146934324000
11146952829000
11146971337000
11146989842000
11147008348000
11147026855000
11147045362000
11147063869000
11147082384000
11147100884000
11147119391000
11147137900000
11147156404000
11147174910000
11147193418000
11147211925000
11147230431000
11147248939000
11147267449000
11147285956000
11147304459000
11147322966000
11147341472000
11147359980000
11147378487000
11147396992000
11147415500000
11147434007000
11147452515000
11147471023000
11147489530000
11147508035000
11147526541000
11147545048000
11147563554000
11147582061000
11147600569000
11147619076000
11147637588000
11147656088000
11147674595000
11147693102000
11147711609000
11147730116000
11147748623000
11147767130000
11147785638000
11147804146000
11147822653000
11147841160000
11147859665000
11147878172000
11147896678000
11147915185000
11147933692000
11147952200000
11147970708000
11147989214000
11148007720000
11148026227000
11148044733000
11148063242000
11148081748000
11148100254000
11148118761000
11148137288000
11148155776000
11148174284000
11148192788000
11148211295000
11148229802000
11148248310000
11148266817000
11148285322000
11148303830000
11148322339000
11148340843000
11148359350000
11148377859000
11148396363000
11148414870000
11148433378000
11148451885000
11148470395000
11148488899000
11148507406000
11148525915000
11148544419000
11148562926000
11148581432000
11148599940000
11148618445000
11148636954000
11148655462000
11148673969000
11148692474000
11148710980000
11148729487000
11148747995000
11148766502000
11148785009000
11148803514000
11148822022000
11148840528000
11148859036000
11148877545000
11148896049000
11148914556000
11148933064000
11148951570000
11148970078000
11148988585000
11149007091000
11149025600000
11149044104000
11149062612000
11149081118000
11149099625000
11149118131000
11149136640000
11149155145000
11149173653000
11149192160000
11149210668000
11149229175000
11149247679000
11149266186000
11149284693000
11149303200000
11149321709000
11149340214000
11149358723000
11149377231000
11149395735000
11149414241000
11149432749000
11149451254000
11149469762000
11149488272000
11149506774000
11149525283000
11149543790000
11149562298000
11149580806000
11149599312000
11149617817000
11149636325000
11149654832000
11149673337000
11149691849000
11149710352000
11149728863000
11149747364000
11149765877000
11149784380000
11149802887000
11149821394000
11149839901000
11149858405000
11149876912000
11149895424000
11149913929000
11149932437000
11149950941000
11149969447000
11149987955000
11150006460000
11150024968000
11150043476000
11150061984000
11150080489000
11150098996000
11150117502000
11150136008000
11150154517000
11150173024000
11150191531000
11150210036000
11150228544000
11150247050000
11150265559000
11150284064000
11150302570000
11150321078000
11150339584000
11150358091000
11150376599000
11150395106000
11150413614000
11150432118000
11150450627000
11150469133000
11150487640000
11150506146000
11150524654000
11150543161000
11150561667000
11150580173000
11150598681000
11150617190000
11150635694000
11150654202000
11150672709000
11150691214000
11150709722000
11150728228000
11150746737000
11150765245000
11150783750000
11150802255000
11150820763000
11150839269000
11150857776000
11150876283000
11150894792000
11150913296000
11150931804000
11150950312000
11150968820000
11150987325000
11151005833000
11151024338000
11151042845000
11151061353000
11151079860000
11151098367000
11151116876000
11151135380000
11151153887000
11151172394000
11151190902000
11151209408000
11151227915000
11151246425000
11151264927000
11151283433000
11151301943000
11151320454000
11151338955000
11151357461000
11151375969000
11151394476000
11151412983000
11151431491000
11151449999000
11151468506000
11151487013000
11151505517000
11151524023000
11151542531000
11151561038000
11151579547000
11151598053000
11151616557000
11151635064000
11151653574000
11151672080000
11151690586000
11151709094000
11151727599000
11151746107000
11151764613000
11151783121000
11151801629000
11151820134000
11151838642000
11151857147000
11151875654000
11151894160000
11151912668000
11151931176000
11151949684000
11151968188000
11151986696000
11152005205000
11152023709000
11152042216000
11152060723000
11152079229000
11152097738000
11152116243000
11152134752000
11152153260000
11152171765000
11152190276000
11152208778000
11152227284000
11152245792000
11152264299000
11152282807000
11152301314000
11152319819000
11152338326000
11152356836000
11152375340000
11152393846000
11152412353000
11152430860000
11152449366000
11152467874000
11152486381000
11152504900000
11152523394000
11152541902000
11152560408000
11152578915000
11152597423000
11152615929000
11152634437000
11152652946000
11152671449000
11152689955000
11152708472000
11152726970000
11152745477000
11152763985000
11152782490000
11152800997000
11152819504000
11152838013000
11152856521000
11152875026000
11152893532000
11152912039000
11152930545000
11152949052000
11152967560000
11152986068000
11153004573000
11153023079000
11153041586000
11153060096000
11153078601000
11153097107000
11153115615000
11153134121000
11153152628000
11153171136000
11153189644000
11153208151000
11153226655000
11153245162000
11153263669000
11153282176000
11153300683000
11153319191000
11153337699000
11153356204000
11153374709000
11153393217000
11153411728000
11153430231000
11153448738000
11153467244000
11153485751000
11153504259000
11153522766000
11153541274000
11153559778000
11153578286000
11153596793000
11153615300000
11153633806000
11153652313000
11153670822000
11153689329000
11153707833000
11153726340000
11153744847000
11153763353000
11153781862000
11153800368000
11153818876000
11153837382000
11153855891000
11153874397000
11153892906000
11153911410000
11153929916000
11153948423000
11153966930000
11153985436000
11154003946000
11154022452000
11154040959000
11154059464000
11154077970000
11154096476000
11154114986000
11154133504000
11154152001000
11154170509000
11154189013000
11154207519000
11154226028000
11154244535000
11154263040000
11154281546000
11154300054000
11154318560000
11154337068000
11154355574000
11154374082000
11154392590000
11154411095000
11154429601000
11154448107000
11154466615000
11154485122000
11154503629000
11154522137000
11154540643000
11154559150000
11154577658000
11154596166000
11154614670000
11154633178000
11154651686000
11154670191000
11154688697000
11154707204000
11154725713000
11154744220000
11154762725000
11154781231000
11154799738000
11154818245000
11154836753000
11154855260000
11154873766000
11154892273000
11154910780000
11154929287000
11154947797000
11154966300000
11154984809000
11155003316000
11155021822000
11155040327000
11155058836000
11155077342000
11155095848000
11155114355000
11155132862000
11155151368000
11155169876000
11155188383000
11155206892000
11155225397000
11155243903000
11155262410000
11155280919000
11155299423000
11155317931000
11155336437000
11155354946000
11155373452000
11155391958000
11155410465000
11155428975000
11155447478000
11155465986000
11155484492000
11155503000000
11155521518000
11155540014000
11155558520000
11155577027000
11155595533000
11155614041000
11155632549000
11155651055000
11155669562000
11155688069000
11155706575000
11155725082000
11155743589000
11155762096000
11155780605000
11155799110000
11155817617000
11155836123000
11155854630000
11155873136000
11155891644000
11155910150000
11155928657000
11155947164000
11155965672000
11155984179000
11156002685000
11156021192000
11156039701000
11156058205000
11156076712000
11156095220000
11156113727000
11156132236000
11156150740000
11156169247000
11156187754000
11156206259000
11156224767000
11156243274000
11156261782000
11156280289000
11156298795000
11156317302000
11156335812000
11156354316000
11156372822000
11156391328000
11156409836000
11156428342000
11156446850000
11156465358000
11156483866000
11156502370000
11156520878000
11156539383000
11156557890000
11156576397000
11156594904000
11156613411000
11156631920000
11156650426000
11156668934000
11156687442000
11156705946000
11156724453000
11156742960000
11156761467000
11156779975000
11156798482000
11156816990000
11156835495000
11156854002000
11156872507000
11156891015000
11156909520000
11156928028000
11156946547000
11156965042000
11156983549000
11157002058000
11157020564000
11157039070000
11157057576000
11157076083000
11157094589000
11157113098000
11157131604000
11157150111000
11157168619000
11157187125000
11157205631000
11157224137000
11157242644000
11157261151000
11157279658000
11157298165000
11157316673000
11157335180000
11157353688000
11157372194000
11157390700000
11157409207000
11157427714000
11157446220000
11157464727000
11157483233000
11157501741000
11157520251000
11157538756000
11157557261000
11157575769000
11157594274000
11157612784000
11157631287000
11157649796000
11157668303000
11157686811000
11157705317000
11157723826000
11157742330000
11157760837000
11157779343000
11157797851000
11157816361000
11157834867000
11157853373000
11157871880000
11157890386000
11157908893000
11157927398000
11157945905000
11157964411000
11157982919000
11158001428000
11158019933000
11158038441000
11158056948000
11158075455000
11158093960000
11158112467000
11158130974000
11158149481000
11158167988000
11158186495000
11158205004000
11158223511000
11158242017000
11158260522000
11158279030000
11158297535000
11158316043000
11158334548000
11158353058000
11158371564000
11158390072000
11158408579000
11158427087000
11158445592000
11158464098000
11158482605000
11158501112000
11158519619000
11158538126000
11158556633000
11158575138000
11158593646000
11158612153000
11158630660000
11158649165000
11158667673000
11158686181000
11158704688000
11158723195000
11158741702000
11158760209000
11158778717000
11158797221000
11158815729000
11158834235000
11158852742000
11158871249000
11158889757000
11158908264000
11158926771000
11158945277000
11158963783000
11158982290000
11159000797000
11159019303000
11159037811000
11159056317000
11159074825000
11159093332000
11159111841000
11159130345000
11159148857000
11159167359000
11159185866000
11159204373000
11159222879000
11159241386000
11159259895000
11159278399000
11159296907000
11159315414000
11159333920000
11159352426000
11159370935000
11159389441000
11159407949000
11159426454000
11159444962000
11159463470000
11159481976000
11159500482000
11159518989000
11159537497000
11159556003000
11159574509000
11159593018000
11159611526000
11159630030000
11159648538000
11159667045000
11159685550000
11159704059000
11159722565000
11159741071000
11159759579000
11159778087000
11159796593000
11159815101000
11159833606000
11159852115000
11159870621000
11159889127000
11159907633000
11159926140000
11159944649000
11159963156000
11159981662000
11160000166000
11160018675000
11160037182000
11160055689000
11160074194000
11160092701000
11160111209000
11160129717000
11160148223000
11160166732000
11160185236000
11160203743000
11160222251000
11160240757000
11160259264000
11160277771000
11160296279000
11160314787000
11160333290000
11160351798000
11160370305000
11160388812000
11160407317000
11160425825000
11160444331000
11160462840000
11160481346000
11160499855000
11160518364000
11160536868000
11160555374000
11160573880000
11160592387000
11160610894000
11160629401000
11160647910000
11160666415000
11160684922000
11160703429000
11160721937000
11160740443000
11160758950000
11160777456000
11160795963000
11160814471000
11160832977000
11160851485000
11160869994000
11160888498000
11160907004000
11160925511000
11160944018000
11160962525000
11160981033000
11160999540000
11161018045000
11161036553000
11161055059000
11161073565000
11161092073000
11161110580000
11161129085000
11161147593000
11161166101000
11161184614000
11161203115000
11161221620000
11161240129000
11161258637000
11161277144000
11161295649000
11161314155000
11161332663000
11161351171000
11161369676000
11161388182000
11161406690000
11161425197000
11161443705000
11161462210000
11161480717000
11161499222000
11161517730000
11161536239000
11161554748000
11161573251000
11161591758000
11161610264000
11161628772000
11161647278000
11161665787000
11161684294000
11161702802000
11161721306000
11161739812000
11161758319000
11161776827000
11161795333000
11161813841000
11161832346000
11161850855000
11161869361000
11161887870000
11161906376000
11161924881000
11161943387000
11161961895000
11161980402000
11161998909000
11162017416000
11162035925000
11162054432000
11162072936000
11162091444000
11162109950000
11162128457000
11162146964000
11162165472000
11162183977000
11162202485000
11162220992000
11162239499000
11162258007000
11162276511000
11162295020000
11162313525000
11162332033000
11162350540000
11162369048000
11162387555000
11162406063000
11162424566000
11162443073000
11162461581000
11162480087000
11162498593000
11162517102000
11162535607000
11162554116000
11162572630000
11162591130000
11162609638000
11162628143000
11162646649000
11162665156000
11162683663000
11162702170000
11162720677000
11162739185000
11162757691000
11162776197000
11162794703000
11162813210000
11162831718000
11162850225000
11162868733000
11162887238000
11162905744000
11162924252000
11162942760000
11162961265000
11162979773000
11162998279000
11163016786000
11163035294000
11163053800000
11163072308000
11163090817000
11163109321000
11163127827000
11163146334000
11163164842000
11163183348000
11163201857000
11163220365000
11163238868000
11163257375000
11163275883000
11163294390000
11163312897000
11163331404000
11163349912000
11163368417000
11163386924000
11163405432000
11163423938000
11163442447000
11163460951000
11163479457000
11163497965000
11163516472000
11163534980000
11163553488000
11163571995000
11163590499000
11163609006000
11163627513000
11163646022000
11163664526000
11163683033000
11163701541000
11163720049000
11163738554000
11163757062000
11163775569000
11163794079000
11163812582000
11163831090000
11163849596000
11163868104000
11163886610000
11163905117000
11163923624000
11163942130000
11163960635000
11163979145000
11163997659000
11164016157000
11164034664000
11164053172000
11164071677000
11164090187000
11164108692000
11164127200000
11164145705000
11164164214000
11164182719000
11164201227000
11164219733000
11164238239000
11164256747000
11164275257000
11164293760000
11164312267000
11164330776000
11164349284000
11164367788000
11164386294000
11164404801000
11164423309000
11164441814000
11164460322000
11164478830000
11164497337000
11164534352000
11164552861000
11164571362000
11164589870000
11164608378000
11164626886000
11164645392000
11164663897000
11164682406000
11164700914000
11164719419000
11164737925000
11164756431000
11164774938000
11164793445000
11164811954000
11164830460000
11164848967000
11164867473000
11164885981000
11164904485000
11164922993000
11164941501000
11164960009000
11164978516000
11164997021000
11165015528000
11165034037000
11165052544000
11165071050000
11165089555000
11165108062000
11165126568000
11165145076000
11165163584000
11165182092000
11165200596000
11165219104000
11165237611000
11165256117000
11165274623000
11165293133000
11165311638000
11165330147000
11165348652000
11165367159000
11165385680000
11165404172000
11165422679000
11165441185000
11165459693000
11165478200000
11165496707000
11165515215000
11165533722000
11165552227000
11165570734000
11165589241000
11165607747000
11165626254000
11165644762000
11165663268000
11165681777000
11165700281000
11165718788000
11165737298000
11165755802000
11165774309000
11165792817000
11165811324000
11165829831000
11165848337000
11165866845000
11165885353000
11165903858000
11165922364000
11165940872000
11165959378000
11165977885000
11165996392000
11166014900000
11166033405000
11166051911000
11166070420000
11166088928000
11166107434000
11166125941000
11166144447000
11166162953000
11166181459000
11166199967000
11166218475000
11166236982000
11166255488000
11166273996000
11166292502000
11166311009000
11166329515000
11166348023000
11166366531000
11166385036000
11166403542000
11166422050000
11166440555000
11166459063000
11166477570000
11166496076000
11166514583000
11166533091000
11166551601000
11166570107000
11166588612000
11166607119000
11166625624000
11166644133000
11166662638000
11166681147000
11166699654000
11166718162000
11166736665000
11166755173000
11166773680000
11166792187000
11166810701000
11166829202000
11166847707000
11166866214000
11166884721000
11166903230000
11166921736000
11166940243000
11166958749000
11166977257000
11166995763000
11167014269000
11167032776000
11167051284000
11167069792000
11167088296000
11167106802000
11167125311000
11167143816000
11167162324000
11167180832000
11167199338000
11167217845000
11167236352000
11167254860000
11167273367000
11167291872000
11167310379000
11167328886000
11167347392000
11167365899000
11167384407000
11167402916000
11167421423000
11167439927000
11167458432000
11167476942000
11167495447000
11167513954000
11167532460000
11167550968000
11167569475000
11167587983000
11167606490000
11167624998000
11167643503000
11167662009000
11167680516000
11167699023000
11167717530000
11167736038000
11167754545000
11167773050000
11167791557000
11167810064000
11167828570000
11167847078000
11167865584000
11167884092000
11167902598000
11167921106000
11167939613000
11167958121000
11167976629000
11167995134000
11168013639000
11168032146000
11168050653000
11168069165000
11168087668000
11168106177000
11168124681000
11168143190000
11168161693000
11168180204000
11168198709000
11168217217000
11168235722000
11168254229000
11168272736000
11168291243000
11168309752000
11168328257000
11168346763000
11168365272000
11168383778000
11168402284000
11168420791000
11168439299000
11168457807000
11168476312000
11168494818000
11168513324000
11168531831000
11168550338000
11168568845000
11168587352000
11168605860000
11168624367000
11168642875000
11168661383000
11168679887000
11168698393000
11168716901000
11168735407000
11168753915000
11168772422000
11168790930000
11168809438000
11168827943000
11168846448000
11168864956000
11168883461000
11168901969000
11168920476000
11168938983000
11168957489000
11168975998000
11168994506000
11169013013000
11169031517000
11169050025000
11169068530000
11169087038000
11169105546000
11169124052000
11169142561000
11169161069000
11169179573000
11169198079000
11169216586000
11169235092000
11169253598000
11169272106000
11169290613000
11169309121000
11169327628000
11169346136000
11169364642000
11169383148000
11169401654000
11169420162000
11169438668000
11169457175000
11169475682000
11169494191000
11169512700000
11169531202000
11169549710000
11169568217000
11169586723000
11169605231000
11169623748000
11169642244000
11169660751000
11169679259000
11169697766000
11169716274000
11169734780000
11169753286000
11169771791000
11169790299000
11169808807000
11169845821000
11169864326000
11169882834000
11169901339000
11169919846000
11169938353000
11169956860000
11169975370000
11169993875000
11170012381000
11170030889000
11170049396000
11170067901000
11170086408000
11170104915000
11170123424000
11170141931000
11170160437000
11170178945000
11170197452000
11170215956000
11170234463000
11170252971000
11170271476000
11170289983000
11170308490000
11170326998000
11170345505000
11170364013000
11170382518000
11170401027000
11170419531000
11170438040000
11170456547000
11170475053000
11170493562000
11170512068000
11170530574000
11170549083000
11170567586000
11170586094000
11170604601000
11170623107000
11170641615000
11170660121000
11170678628000
11170697135000
11170715642000
11170734151000
11170752656000
11170771164000
11170789669000
11170808178000
11170826684000
11170845190000
11170863698000
11170882205000
11170900715000
11170919217000
11170937724000
11170956232000
11170974738000
11170993245000
11171011753000
11171030259000
11171048766000
11171067274000
11171085781000
11171104293000
11171122793000
11171141301000
11171159808000
11171178314000
11171196820000
11171215328000
11171233835000
11171252343000
11171270848000
11171289354000
11171307862000
11171326367000
11171344874000
11171363382000
11171381889000
11171400396000
11171418903000
11171437411000
11171455919000
11171474424000
11171492930000
11171511437000
11171529944000
11171548450000
11171566958000
11171585467000
11171603971000
11171622478000
11171640985000
11171659493000
11171677999000
11171696504000
11171715011000
11171733521000
11171752026000
11171770534000
11171789042000
11171807546000
11171826055000
11171844562000
11171863067000
11171881575000
11171900082000
11171918588000
11171937097000
11171955602000
11171974108000
11171992618000
11172011126000
11172029628000
11172048135000
11172066642000
11172085150000
11172103656000
11172122165000
11172140672000
11172159178000
11172177685000
11172196193000
11172214698000
11172233205000
11172251712000
11172270220000
11172288727000
11172307232000
11172325740000
11172344248000
11172362752000
11172381259000
11172399767000
11172418275000
11172436786000
11172455289000
11172473795000
11172492303000
11172510809000
11172529315000
11172547821000
11172566329000
11172584839000
11172603343000
11172621851000
11172640358000
11172658863000
11172677370000
11172695876000
11172714383000
11172732890000
11172751396000
11172769904000
11172788411000
11172806917000
11172825425000
11172843935000
11172862438000
11172880945000
11172899451000
11172917958000
11172936465000
11172954974000
11172973480000
11172991990000
11173010493000
11173029000000
11173047506000
11173066014000
11173084523000
11173103027000
11173121534000
11173140041000
11173158547000
11173177056000
11173195565000
11173214069000
11173232575000
11173251083000
11173269589000
11173288098000
11173306604000
11173325112000
11173343618000
11173362125000
11173380632000
11173399137000
11173417643000
11173436151000
11173454657000
11173473165000
11173491672000
11173510180000
11173528687000
11173547196000
11173565699000
11173584207000
11173602713000
11173621220000
11173639726000
11173658235000
11173676742000
11173695248000
11173713753000
11173732262000
11173750768000
11173769274000
11173787783000
11173806287000
11173824794000
11173843303000
11173861810000
11173880317000
11173898822000
11173917329000
11173935836000
11173954343000
11173972850000
11173991357000
11174009864000
11174028373000
11174046876000
11174065384000
11174083893000
11174102398000
11174120904000
11174139411000
11174157919000
11174176425000
11174194933000
11174213439000
11174231948000
11174250454000
11174268960000
11174287467000
11174305975000
11174324480000
11174342988000
11174361496000
11174380003000
11174398507000
11174417015000
11174435522000
11174454029000
11174472536000
11174491042000
11174509549000
11174528056000
11174546563000
11174565071000
11174583578000
11174602083000
11174620590000
11174639097000
11174657604000
11174676111000
11174694617000
11174713126000
11174731633000
11174750141000
11174768645000
11174787153000
11174805659000
11174824166000
11174842673000
11174861179000
11174879685000
11174898194000
11174916701000
11174935209000
11174953714000
11174972220000
11174990727000
11175009235000
11175027741000
11175046248000
11175064756000
11175083265000
11175101768000
11175120275000
11175138782000
11175157289000
11175175797000
11175194304000
11175212809000
11175231317000
11175249842000
11175268332000
11175286839000
11175305344000
11175323851000
11175342358000
11175360875000
11175379372000
11175397880000
11175416387000
11175434892000
11175453399000
11175471906000
11175490412000
11175508920000
11175527428000
11175545934000
11175564439000
11175582947000
11175601454000
11175619962000
11175638470000
11175656976000
11175675481000
11175693990000
11175712495000
11175731002000
11175749510000
11175768018000
11175786523000
11175805029000
11175823536000
11175842043000
11175860549000
11175879058000
11175897565000
11175916070000
11175934578000
11175953085000
11175971593000
11175990098000
11176008605000
11176027112000
11176045620000
11176064126000
11176082632000
11176101140000
11176119648000
11176138153000
11176156659000
11176175167000
11176193674000
11176212183000
11176230687000
11176249195000
11176267700000
11176286208000
11176304716000
11176323223000
11176341728000
11176360237000
11176378743000
11176397249000
11176415755000
11176434264000
11176452771000
11176471279000
11176489783000
11176508290000
11176526796000
11176545305000
11176563810000
11176582318000
11176600826000
11176619331000
11176637837000
11176656348000
11176674859000
11176693359000
11176711866000
11176730373000
11176748880000
11176767387000
11176785894000
11176804401000
11176822909000
11176841414000
11176859921000
11176878428000
11176896934000
11176915441000
11176933949000
11176952456000
11176970961000
11176989468000
11177007977000
11177026485000
11177044990000
11177063496000
11177082003000
11177100511000
11177119017000
11177137523000
11177156032000
11177174537000
11177193044000
11177211550000
11177230058000
11177248566000
11177267073000
11177285581000
11177304087000
11177322591000
11177341098000
11177359607000
11177378115000
11177396619000
11177415129000
11177433635000
11177452141000
11177470646000
11177489155000
11177507662000
11177526168000
11177544675000
11177563181000
11177581689000
11177600195000
11177618701000
11177637211000
11177655717000
11177674222000
11177692729000
11177711238000
11177729743000
11177748250000
11177766758000
11177785265000
11177803771000
11177822277000
11177840785000
11177859294000
11177877799000
11177896307000
11177914812000
11177933320000
11177951825000
11177970334000
11177988840000
11178007348000
11178025852000
11178044360000
11178062882000
11178081375000
11178099880000
11178118388000
11178136894000
11178155401000
11178173908000
11178192416000
11178210924000
11178229428000
11178247935000
11178266444000
11178284949000
11178303457000
11178321963000
11178340471000
11178358979000
11178377483000
11178395991000
11178414499000
11178433006000
11178451511000
11178470018000
11178488525000
11178507031000
11178525539000
11178544046000
11178562554000
11178581060000
11178599566000
11178618073000
11178636580000
11178655086000
11178673594000
11178692102000
11178710609000
11178729114000
11178747619000
11178766130000
11178784635000
11178803142000
11178821648000
11178840156000
11178858661000
11178877170000
11178895678000
11178914185000
11178932689000
11178951196000
11178969704000
11178988210000
11179006716000
11179025225000
11179043732000
11179062237000
11179080744000
11179099250000
11179117761000
11179136265000
11179154771000
11179173279000
11179191785000
11179210293000
11179228800000
11179247308000
11179265813000
11179284320000
11179302827000
11179321333000
11179339840000
11179358347000
11179376883000
11179395363000
11179413869000
11179432375000
11179450880000
11179469393000
11179487905000
11179506402000
11179524909000
11179543418000
11179561923000
11179580431000
11179598940000
11179617443000
11179635951000
11179654457000
11179672963000
11179691471000
11179709978000
11179728486000
11179746993000
11179765498000
11179784005000
11179802512000
11179821019000
11179839525000
11179858033000
11179876541000
11179895049000
11179913553000
11179932061000
11179950569000
11179969075000
11179987581000
11180006088000
11180024594000
11180043102000
11180061610000
11180080116000
11180098624000
11180117129000
11180135634000
11180154142000
11180172649000
11180191158000
11180209664000
11180228171000
11180246676000
11180265183000
11180283693000
11180302201000
11180320703000
11180339211000
11180357718000
11180376225000
11180394731000
11180413241000
11180431748000
11180450255000
11180468758000
11180487265000
11180505773000
11180524280000
11180542786000
11180561293000
11180579800000
11180598308000
11180616816000
11180635322000
11180653830000
11180672336000
11180690841000
11180709349000
11180727855000
11180746362000
11180764869000
11180783379000
11180801883000
11180820389000
11180838895000
11180857402000
11180875916000
11180894418000
11180912927000
11180931431000
11180949937000
11180968446000
11180986953000
11181005462000
11181023967000
11181042472000
11181060978000
11181079486000
11181097992000
11181116500000
11181135008000
11181153514000
11181172020000
11181190525000
11181209033000
11181227539000
11181246047000
11181264554000
11181283063000
11181301568000
11181320075000
11181338582000
11181357089000
11181375596000
11181394102000
11181412609000
11181431117000
11181449623000
11181468131000
11181486639000
11181505145000
11181523650000
11181542157000
11181560663000
11181579171000
11181597678000
11181616184000
11181634692000
11181653199000
11181671707000
11181690214000
11181708719000
11181727227000
11181745732000
11181764239000
11181782747000
11181801254000
11181819762000
11181838270000
11181856773000
11181875280000
11181893787000
11181912294000
11181930801000
11181949309000
11181967815000
11181986322000
11182004829000
11182023337000
11182041844000
11182060349000
11182078857000
11182097365000
11182115870000
11182134378000
11182152883000
11182171392000
11182189900000
11182208406000
11182226910000
11182245417000
11182263925000
11182282431000
11182300944000
11182319447000
11182337952000
11182356460000
11182374968000
11182393477000
11182411979000
11182430487000
11182448994000
11182467502000
11182486008000
11182504514000
11182523023000
11182541528000
11182560034000
11182578542000
11182597047000
11182615555000
11182634061000
11182652570000
11182671075000
11182689583000
11182708090000
11182726597000
11182745106000
11182763610000
11182782118000
11182800624000
11182819131000
11182837638000
11182856145000
11182874653000
11182893158000
11182911666000
11182930172000
11182948678000
11182967186000
11182985692000
11183004200000
11183022706000
11183041213000
11183059721000
11183078229000
11183096734000
11183115241000
11183133748000
11183152255000
11183170761000
11183189268000
11183207775000
11183226285000
11183244790000
11183263295000
11183281803000
11183300309000
11183318815000
11183337324000
11183355830000
11183374337000
11183392844000
11183411352000
11183429858000
11183448364000
11183466872000
11183485378000
11183503884000
11183522391000
11183540898000
11183559406000
11183577913000
11183596420000
11183614926000
11183633434000
11183651939000
11183670447000
11183688955000
11183707460000
11183725974000
11183744474000
11183762982000
11183781490000
11183799995000
11183818502000
11183837009000
11183855515000
11183874023000
11183892530000
11183911036000
11183929545000
11183948051000
11183966557000
11183985064000
11184003569000
11184022076000
11184040584000
11184059091000
11184077598000
11184096106000
11184114613000
11184133122000
11184151625000
11184170132000
11184188639000
11184207146000
11184225653000
11184244160000
11184262669000
11184281175000
11184299680000
11184318188000
11184336693000
11184355199000
11184373706000
11184392213000
11184410722000
11184429228000
11184447735000
11184466244000
11184484750000
11184503256000
11184521762000
11184540269000
11184558775000
11184577283000
11184595790000
11184614298000
11184632804000
11184651310000
11184669817000
11184688325000
11184706831000
11184725338000
11184743846000
11184762352000
11184780862000
11184799367000
11184817873000
11184836384000
11184854885000
11184873393000
11184891899000
11184910407000
11184928913000
11184947421000
11184965929000
11184984435000
11185002942000
11185021448000
11185039956000
11185058463000
11185076967000
11185095476000
11185113992000
11185132490000
11185150997000
11185169505000
11185188009000
11185206516000
11185225023000
11185243530000
11185262037000
11185280544000
11185299052000
11185317559000
11185336064000
11185354571000
11185373078000
11185391584000
11185410091000
11185428598000
11185447104000
11185465612000
11185484120000
11185502626000
11185521135000
11185539639000
11185558146000
11185576655000
11185595160000
11185613667000
11185632175000
11185650682000
11185669190000
11185687694000
11185706202000
11185724708000
11185743215000
11185761724000
11185780229000
11185798735000
11185817243000
11185835750000
11185854257000
11185872765000
11185891270000
11185909777000
11185928284000
11185946791000
11185965297000
11185983805000
11186002312000
11186020819000
11186039325000
11186057832000
11186076340000
11186094846000
11186113352000
11186131858000
11186150367000
11186168872000
11186187381000
11186205888000
11186224396000
11186242900000
11186261408000
11186279914000
11186298422000
11186316928000
11186335437000
11186353942000
11186372448000
11186390955000
11186409463000
11186427970000
11186446476000
11186464984000
11186483491000
11186501996000
11186520503000
11186539015000
11186557518000
11186576026000
11186594532000
11186613038000
11186631544000
11186650051000
11186668559000
11186687069000
11186705574000
11186724079000
11186742585000
11186761092000
11186779599000
11186798106000
11186816613000
11186835120000
11186853626000
11186872134000
11186890641000
11186909149000
11186927655000
11186946161000
11186964668000
11186983175000
11187001682000
11187020189000
11187038696000
11187057204000
11187075709000
11187094217000
11187112725000
11187131230000
11187149738000
11187168244000
11187186751000
11187205257000
11187223764000
11187242273000
11187260780000
11187279285000
11187297793000
11187316300000
11187334805000
11187353313000
11187371819000
11187390327000
11187408835000
11187427340000
11187445845000
11187464354000
11187482860000
11187501368000
11187519874000
11187538381000
11187556888000
11187575397000
11187593902000
11187612411000
11187630915000
11187649423000
11187667930000
11187686436000
11187704942000
11187723450000
11187741959000
11187760466000
11187778970000
11187797477000
11187815984000
11187834492000
11187852998000
11187871505000
11187890011000
11187908518000
11187927032000
11187945534000
11187964043000
11187982547000
11188001053000
11188019560000
11188038066000
11188056575000
11188075081000
11188093588000
11188112096000
11188130602000
11188149108000
11188167615000
11188186122000
11188204627000
11188223136000
11188241643000
11188260149000
11188278656000
11188297165000
11188315673000
11188334177000
11188352683000
11188371190000
11188389696000
11188408203000
11188426710000
11188445220000
11188463725000
11188482232000
11188500738000
11188519245000
11188537751000
11188556258000
11188574765000
11188593272000
11188611778000
11188630286000
11188648794000
11188667303000
11188685806000
11188704313000
11188722820000
11188741327000
11188759835000
11188778341000
11188796850000
11188815356000
11188833861000
11188852369000
11188870875000
11188889382000
11188907890000
11188926398000
11188944902000
11188963409000
11188981917000
11189000426000
11189018929000
11189037438000
11189055944000
11189074452000
11189092957000
11189111466000
11189129972000
11189148481000
11189166985000
11189185492000
11189203998000
11189222506000
11189241014000
11189259521000
11189278029000
11189296533000
11189315040000
11189333549000
11189352056000
11189370561000
11189389071000
11189407575000
11189426081000
11189444589000
11189463096000
11189481603000
11189500111000
11189518616000
11189537123000
11189555628000
11189574135000
11189592642000
11189611151000
11189629659000
11189648164000
11189666670000
11189685178000
11189703686000
11189722191000
11189740698000
11189759205000
11189777713000
11189796220000
11189814726000
11189833253000
11189851741000
11189870246000
11189888752000
11189907261000
11189925766000
11189944275000
11189962781000
11189981288000
11189999794000
11190018300000
11190036808000
11190055317000
11190073820000
11190092328000
11190147848000
11190166356000
11190184863000
11190203370000
11190221876000
11190240384000
11190258890000
11190277397000
11190295903000
11190314412000
11190332919000
11190351424000
11190369931000
11190388439000
11190406947000
11190425453000
11190443959000
11190462465000
11190480973000
11190499479000
11190517987000
11190536498000
11190554999000
11190573508000
11190592013000
11190610521000
11190629027000
11190647534000
11190666042000
11190684550000
11190703054000
11190721562000
11190740074000
11190758577000
11190777089000
11190795589000
11190814095000
11190832603000
11190851110000
11190869618000
11190888125000
11190906631000
11190925137000
11190943644000
11190962151000
11190980657000
11190999164000
11191017673000
11191036181000
11191054685000
11191073191000
11191091701000
11191110205000
11191128713000
11191147219000
11191165726000
11191184233000
11191202741000
11191221248000
11191239756000
11191258262000
11191276767000
11191295275000
11191313781000
11191332288000
11191350795000
11191369304000
11191387810000
11191406315000
11191424823000
11191443332000
11191461835000
11191480343000
11191498851000
11191517358000
11191535864000
11191554371000
11191572878000
11191591387000
