11352971184000
11352989692000
11353008201000
11353026711000
11353045212000
11353063719000
11353082227000
11353100733000
11353119238000
11353137746000
11353156252000
11353174760000
11353193268000
11353211776000
11353230283000
11353248787000
11353267294000
11353285801000
11353304309000
11353322815000
11353341323000
11353359831000
11353378335000
11353396843000
11353415350000
11353433856000
11353452362000
11353470870000
11353489376000
11353507883000
11353526390000
11353544898000
11353563406000
11353581911000
11353600419000
11353618925000
11353637432000
11353655938000
11353674445000
11353692953000
11353711462000
11353729966000
11353748473000
11353766980000
11353785487000
11353803993000
11353822501000
11353841006000
11353859515000
11353878021000
11353896528000
11353915038000
11353933541000
11353952048000
11353970555000
11353989062000
11354007568000
11354026078000
11354044583000
11354063094000
11354081596000
11354100103000
11354118609000
11354137116000
11354155624000
11354174131000
11354192636000
11354211144000
11354229657000
11354248161000
11354266666000
11354285172000
11354303678000
11354322186000
11354340693000
11354359200000
11354377706000
11354396216000
11354414720000
11354433226000
11354451733000
11354470239000
11354488748000
11354507253000
11354525768000
11354544267000
11354562774000
11354581283000
11354599791000
11354618297000
11354636801000
11354655307000
11354673815000
11354692323000
11354710829000
11354729338000
11354747845000
11354766349000
11354784870000
11354803364000
11354821870000
11354840377000
11354858886000
11354877392000
11354895897000
11354914403000
11354932912000
11354951419000
11354969924000
11354988432000
11355006939000
11355025445000
11355043952000
11355062460000
11355080968000
11355099476000
11355117980000
11355136486000
11355154993000
11355173501000
11355192009000
11355210514000
11355229024000
11355247528000
11355266035000
11355284542000
11355303051000
11355321556000
11355340063000
11355358568000
11355377076000
11355395582000
11355414091000
11355432599000
11355451106000
11355469610000
11355488117000
11355506623000
11355525131000
11355543638000
11355562145000
11355580654000
11355599158000
11355617664000
11355636174000
11355654682000
11355673186000
11355691697000
11355710200000
11355728706000
11355747215000
11355765724000
11355784230000
11355802733000
11355821241000
11355839747000
11355858255000
11355876762000
11355895267000
11355913776000
11355932285000
11355950787000
11355969295000
11355987804000
11356006310000
11356024816000
11356043324000
11356061829000
11356080337000
11356098844000
11356117351000
11356135860000
11356154363000
11356172871000
11356191378000
11356209885000
11356228391000
11356246898000
11356265406000
11356283914000
11356302418000
11356320925000
11356339433000
11356357939000
11356376447000
11356394953000
11356413460000
11356431966000
11356450473000
11356468982000
11356487489000
11356505994000
11356524500000
11356543009000
11356561516000
11356580022000
11356598529000
11356617037000
11356635542000
11356654048000
11356672554000
11356691065000
11356709571000
11356728077000
11356746583000
11356765091000
11356783597000
11356802104000
11356820612000
11356839117000
11356857624000
11356876132000
11356894638000
11356913147000
11356931652000
11356950161000
11356968667000
11356987172000
11357005679000
11357024186000
11357042707000
11357061200000
11357079706000
11357098214000
11357116720000
11357135227000
11357153735000
11357172243000
11357190749000
11357209255000
11357227762000
11357246269000
11357264775000
11357283283000
11357301790000
11357320298000
11357338802000
11357357309000
11357375818000
11357394323000
11357412830000
11357431337000
11357449844000
11357468350000
11357486857000
11357505366000
11357523873000
11357542377000
11357560885000
11357579392000
11357597899000
11357616406000
11357634913000
11357653421000
11357671928000
11357690433000
11357708941000
11357727445000
11357745953000
11357764461000
11357782967000
11357801474000
11357819981000
11357838487000
11357856996000
11357875504000
11357894008000
11357912515000
11357931023000
11357949530000
11357968036000
11357986543000
11358005051000
11358023555000
11358042063000
11358060569000
11358079076000
11358097584000
11358116090000
11358134597000
11358153104000
11358171610000
11358190119000
11358208626000
11358227131000
11358245639000
11358264145000
11358282651000
11358301160000
11358319667000
11358338175000
11358356683000
11358375186000
11358393694000
11358412200000
11358430707000
11358449214000
11358467724000
11358486229000
11358504735000
11358523241000
11358541749000
11358560258000
11358578762000
11358597270000
11358615775000
11358634283000
11358652789000
11358671296000
11358689804000
11358708312000
11358726817000
11358745324000
11358763830000
11358782336000
11358800843000
11358819351000
11358837858000
11358856364000
11358874872000
11358893380000
11358911888000
11358930394000
11358948901000
11358967405000
11358985913000
11359004419000
11359022927000
11359041435000
11359059943000
11359078447000
11359096955000
11359115461000
11359133967000
11359152474000
11359170982000
11359189488000
11359207995000
11359226502000
11359245010000
11359263518000
11359282022000
11359300530000
11359319036000
11359337544000
11359356050000
11359374557000
11359393066000
11359411570000
11359430079000
11359448585000
11359467090000
11359485597000
11359504104000
11359522611000
11359541119000
11359559626000
11359578133000
11359596642000
11359615146000
11359633653000
11359652159000
11359670667000
11359689174000
11359707680000
11359726189000
11359744696000
11359763200000
11359781709000
11359800215000
11359818720000
11359837228000
11359855747000
11359874242000
11359892756000
11359911256000
11359929764000
11359948272000
11359966776000
11359985283000
11360003790000
11360022297000
11360040803000
11360059311000
11360077818000
11360096327000
11360114831000
11360133338000
11360151844000
11360170350000
11360188861000
11360207365000
11360225872000
11360244379000
11360262886000
11360281395000
11360299902000
11360318406000
11360336913000
11360355419000
11360373927000
11360392435000
11360410941000
11360429449000
11360447956000
11360466462000
11360484968000
11360503474000
11360521981000
11360540487000
11360558995000
11360577502000
11360596010000
11360614519000
11360633024000
11360651529000
11360670038000
11360688545000
11360707050000
11360725557000
11360744064000
11360762571000
11360781079000
11360799585000
11360818091000
11360836598000
11360855105000
11360873611000
11360892119000
11360910625000
11360929134000
11360947640000
11360966147000
11360984655000
11361003160000
11361021666000
11361040173000
11361058680000
11361077189000
11361095695000
11361114204000
11361132709000
11361151214000
11361169721000
11361188229000
11361206735000
11361225243000
11361243749000
11361262257000
11361280769000
11361299270000
11361317778000
11361336286000
11361354790000
11361373297000
11361391806000
11361410311000
11361428818000
11361447326000
11361465835000
11361484340000
11361502845000
11361521353000
11361539859000
11361558365000
11361576872000
11361595379000
11361613887000
11361632393000
11361650900000
11361669408000
11361687916000
11361706419000
11361724927000
11361743434000
11361761941000
11361780447000
11361798955000
11361817463000
11361835968000
11361854474000
11361872982000
11361891488000
11361909996000
11361928502000
11361947010000
11361965516000
11361984023000
11362002531000
11362021038000
11362039543000
11362058052000
11362076558000
11362095065000
11362113572000
11362132078000
11362150586000
11362169094000
11362187599000
11362206105000
11362224613000
11362243120000
11362261626000
11362280133000
11362298638000
11362317146000
11362335653000
11362354161000
11362372668000
11362391175000
11362409680000
11362428190000
11362446694000
11362465201000
11362483708000
11362502217000
11362520725000
11362539229000
11362557736000
11362576242000
11362594749000
11362613257000
11362631765000
11362650270000
11362668775000
11362687285000
11362705792000
11362724302000
11362742805000
11362761311000
11362779818000
11362798325000
11362816831000
11362835339000
11362853847000
11362872352000
11362890860000
11362909366000
11362927873000
11362946380000
11362964886000
11362983394000
11363001899000
11363020406000
11363038915000
11363057422000
11363075929000
11363094434000
11363112945000
11363131449000
11363149956000
11363168461000
11363186969000
11363205477000
11363223983000
11363242490000
11363260998000
11363279504000
11363298010000
11363316517000
11363335025000
11363353529000
11363372037000
11363390545000
11363409055000
11363427557000
11363446065000
11363464572000
11363483078000
11363501585000
11363520092000
11363538600000
11363557108000
11363575613000
11363594120000
11363612627000
11363631136000
11363649639000
11363668148000
11363686655000
11363705161000
11363723667000
11363742176000
11363760683000
11363779191000
11363797695000
11363816202000
11363834709000
11363853216000
11363871722000
11363890231000
11363908739000
11363927244000
11363945749000
11363964259000
11363982763000
11364001270000
11364019777000
11364038286000
11364056790000
11364075299000
11364093812000
11364112315000
11364130818000
11364149326000
11364167832000
11364186339000
11364204846000
11364223355000
11364241861000
11364260366000
11364278874000
11364297380000
11364315886000
11364334393000
11364352901000
11364371408000
11364389916000
11364408420000
11364426928000
11364445437000
11364463942000
11364482449000
11364500956000
11364519462000
11364537970000
11364556476000
11364574984000
11364593493000
11364611997000
11364630504000
11364649010000
11364667516000
11364686024000
11364704531000
11364723039000
11364741547000
11364760052000
11364778557000
11364797068000
11364815572000
11364834079000
11364852586000
11364871093000
11364889599000
11364908106000
11364926613000
11364945123000
11364963628000
11364982134000
11365000641000
11365019147000
11365037655000
11365056163000
11365074669000
11365093178000
11365111682000
11365130189000
11365148698000
11365167203000
11365185710000
11365204216000
11365222722000
11365241230000
11365259737000
11365278245000
11365296753000
11365315261000
11365333765000
11365389286000
11365407792000
11365426300000
11365444805000
11365463312000
11365481818000
11365500328000
11365518833000
11365537340000
11365555846000
11365574353000
11365592862000
11365611368000
11365629876000
11365648381000
11365666887000
11365685394000
11365703901000
11365722407000
11365740915000
11365759424000
11365777931000
11365796436000
11365814942000
11365833448000
11365851957000
11365870463000
11365888970000
11365907478000
11365925983000
11365944490000
11365963000000
11365981507000
11366000011000
11366018517000
11366037024000
11366055533000
11366074039000
11366092545000
11366111053000
11366129561000
11366148066000
11366166571000
11366185078000
11366203587000
11366222093000
11366240599000
11366259107000
11366277614000
11366296121000
11366314628000
11366333137000
11366351641000
11366370147000
11366388654000
11366407161000
11366425668000
11366444177000
11366462685000
11366481190000
11366499695000
11366518202000
11366536710000
11366555217000
11366573724000
11366592230000
11366610737000
11366629245000
11366647752000
11366666259000
11366684764000
11366703271000
11366721778000
11366740287000
11366758792000
11366777301000
11366795808000
11366814315000
11366832820000
11366851326000
11366869832000
11366888339000
11366906853000
11366925355000
11366943865000
11366962368000
11366980875000
11366999383000
11367017889000
11367036396000
11367054901000
11367073409000
11367091916000
11367110424000
11367128930000
11367147437000
11367165946000
11367184449000
11367202956000
11367221462000
11367239971000
11367258476000
11367276984000
11367295491000
11367313999000
11367332505000
11367351012000
11367369520000
11367388026000
11367406533000
11367425039000
11367443546000
11367462053000
11367480560000
11367499068000
11367517576000
11367536080000
11367554587000
11367573093000
11367591600000
11367610107000
11367628615000
11367647121000
11367665628000
11367684136000
11367702642000
11367721152000
11367739655000
11367758163000
11367776668000
11367795175000
11367813681000
11367832190000
11367850698000
11367869203000
11367887710000
11367906218000
11367924722000
11367943230000
11367961738000
11367980245000
11367998751000
11368017258000
11368035766000
11368054274000
11368072778000
11368091286000
11368109792000
11368128299000
11368146806000
11368165314000
11368183820000
11368202330000
11368220834000
11368239341000
11368257847000
11368276354000
11368294860000
11368313368000
11368331891000
11368350382000
11368368888000
11368387398000
11368405905000
11368424409000
11368442916000
11368461424000
11368479930000
11368498436000
11368516944000
11368535452000
11368553960000
11368572464000
11368590971000
11368609478000
11368627986000
11368646490000
11368664998000
11368683505000
11368702012000
11368720519000
11368739027000
11368757534000
11368776039000
11368794545000
11368813054000
11368831560000
11368850066000
11368868573000
11368887082000
11368905589000
11368924095000
11368942600000
11368961109000
11368979614000
11368998121000
11369016627000
11369035135000
11369053643000
11369072149000
11369090657000
11369109165000
11369127670000
11369146177000
11369164683000
11369183191000
11369201696000
11369220205000
11369238713000
11369257217000
11369275724000
11369294232000
11369312738000
11369331246000
11369349750000
11369368259000
11369386765000
11369405272000
11369423781000
11369442287000
11369460795000
11369479300000
11369497806000
11369516313000
11369534820000
11369553327000
11369571834000
11369590348000
11369608848000
11369627355000
11369645862000
11369664368000
11369682874000
11369701383000
11369719891000
11369738397000
11369756912000
11369775410000
11369793918000
11369812425000
11369830930000
11369849437000
11369867944000
11369886452000
11369904958000
11369923465000
11369941974000
11369960479000
11369978984000
11369997491000
11370015998000
11370034504000
11370053011000
11370071518000
11370090026000
11370108533000
11370127041000
11370145549000
11370164053000
11370182559000
11370201067000
11370219580000
11370238081000
11370256590000
11370275096000
11370293600000
11370312110000
11370330615000
11370349122000
11370367628000
11370386135000
11370404642000
11370423148000
11370441655000
11370460164000
11370478674000
11370497179000
11370515685000
11370534191000
11370552697000
11370571204000
11370589712000
11370608218000
11370626727000
11370645233000
11370663739000
11370682246000
11370700751000
11370719259000
11370737766000
11370756272000
11370774779000
11370793288000
11370811795000
11370830301000
11370848807000
11370867313000
11370885820000
11370904330000
11370922835000
11370941342000
11370959849000
11370978358000
11370996862000
11371015369000
11371033875000
11371052382000
11371070890000
11371089398000
11371107902000
11371126409000
11371144925000
11371163426000
11371181933000
11371200438000
11371218945000
11371237452000
11371255959000
11371274465000
11371292972000
11371311479000
11371329989000
11371348492000
11371366999000
11371385505000
11371404012000
11371422520000
11371441027000
11371459533000
11371478040000
11371496548000
11371515056000
11371533563000
11371552067000
11371570573000
11371589082000
11371607588000
11371626096000
11371644604000
11371663111000
11371681615000
11371700123000
11371718628000
11371737137000
11371755643000
11371774150000
11371792658000
11371811163000
11371829671000
11371848178000
11371866686000
11371885193000
11371903697000
11371922205000
11371940711000
11371959218000
11371977744000
11371996233000
11372014740000
11372033247000
11372051753000
11372070260000
11372088766000
11372107273000
11372125781000
11372144289000
11372162794000
11372181300000
11372199809000
11372218317000
11372236820000
11372255327000
11372273836000
11372292341000
11372310847000
11372329356000
11372347866000
11372366371000
11372384875000
11372403382000
11372421889000
11372440396000
11372458903000
11372477412000
11372495920000
11372514423000
11372532929000
11372551441000
11372569947000
11372588451000
11372606958000
11372625465000
11372643973000
11372662480000
11372680986000
11372699494000
11372718001000
11372736506000
11372755014000
11372773521000
11372792027000
11372810536000
11372829042000
11372847550000
11372866053000
11372884560000
11372903070000
11372921577000
11372940084000
11372958589000
11372977096000
11372995604000
11373014109000
11373032616000
11373051125000
11373069630000
11373088136000
11373106643000
11373125150000
11373143657000
11373162165000
11373180671000
11373199179000
11373217683000
11373236191000
11373254699000
11373273206000
11373291712000
11373310221000
11373328726000
11373347233000
11373365739000
11373384248000
11373402755000
11373421261000
11373439767000
11373458273000
11373476781000
11373495288000
11373513795000
11373532302000
11373550810000
11373569314000
11373587822000
11373606330000
11373624835000
11373643344000
11373661851000
11373680356000
11373698863000
11373717371000
11373735877000
11373754385000
11373772889000
11373791398000
11373809906000
11373828412000
11373846917000
11373865426000
11373883932000
11373902441000
11373920944000
11373939451000
11373957966000
11373976467000
11373994980000
11374013480000
11374031986000
11374050494000
11374069001000
11374087508000
11374106016000
11374124521000
11374143028000
11374161534000
11374180041000
11374198548000
11374217055000
11374235563000
11374254069000
11374272575000
11374291082000
11374309593000
11374328097000
11374346603000
11374365109000
11374383617000
11374402123000
11374420632000
11374457646000
11374476152000
11374513166000
11374531671000
11374550178000
11374568686000
11374587194000
11374605699000
11374624205000
11374642711000
11374661222000
11374679725000
11374698233000
11374716740000
11374735248000
11374753754000
11374772263000
11374790769000
11374809275000
11374827780000
11374846289000
11374864794000
11374883302000
11374901809000
11374920317000
11374938824000
11374957329000
11374975837000
11374994342000
11375012855000
11375031357000
11375049864000
11375068370000
11375086878000
11375105385000
11375123891000
11375142401000
11375160904000
11375179412000
11375197919000
11375216424000
11375234933000
11375253440000
11375271946000
11375290455000
11375308959000
11375327465000
11375345972000
11375364480000
11375382993000
11375401494000
11375420001000
11375438508000
11375457015000
11375475523000
11375494030000
11375512535000
11375531042000
11375549548000
11375568056000
11375586563000
11375605070000
11375623578000
11375642082000
11375660589000
11375679095000
11375697602000
11375716109000
11375734617000
11375753123000
11375771630000
11375790137000
11375808644000
11375827153000
11375845658000
11375864167000
11375882672000
11375901180000
11375919685000
11375938192000
11375956701000
11375975208000
11375993713000
11376012220000
11376030725000
11376049235000
11376067740000
11376086247000
11376104754000
11376123262000
11376141768000
11376160276000
11376178783000
11376197289000
11376215795000
11376234302000
11376252809000
11376271316000
11376289822000
11376308330000
11376326838000
11376345344000
11376363849000
11376382357000
11376400863000
11376419370000
11376437879000
11376456385000
11376474890000
11376493399000
11376511906000
11376530416000
11376548921000
11376567425000
11376585932000
11376604440000
11376622945000
11376641454000
11376659961000
11376678467000
11376696974000
11376715481000
11376733988000
11376752494000
11376771004000
11376789509000
11376808015000
11376826521000
11376845029000
11376863538000
11376882045000
11376900548000
11376919057000
11376937563000
11376956070000
11376974578000
11376993084000
11377011591000
11377030099000
11377048603000
11377067111000
11377085617000
11377104125000
11377122630000
11377141138000
11377159645000
11377178152000
11377196660000
11377215168000
11377233672000
11377252180000
11377270685000
11377289194000
11377307699000
11377326207000
11377344714000
11377363222000
11377381727000
11377400234000
11377418740000
11377437247000
11377455753000
11377474261000
11377492769000
11377511275000
11377529782000
11377548291000
11377566797000
11377585302000
11377603810000
11377622316000
11377640823000
11377659330000
11377677837000
11377696347000
11377714853000
11377733358000
11377751864000
11377770371000
11377788877000
11377807384000
11377825893000
11377844398000
11377862924000
11377881412000
11377899921000
11377918428000
11377936933000
11377955439000
11377973947000
11377992453000
11378010959000
11378029468000
11378047975000
11378066481000
11378084988000
11378103496000
11378122002000
11378140508000
11378159014000
11378177520000
11378196036000
11378214535000
11378233050000
11378251551000
11378270056000
11378288564000
11378307070000
11378325578000
11378344083000
11378362591000
11378381099000
11378399606000
11378418111000
11378436618000
11378455125000
11378473631000
11378492138000
11378510644000
11378529152000
11378547659000
11378566166000
11378584673000
11378603182000
11378621686000
11378640193000
11378658700000
11378677208000
11378695714000
11378714221000
11378732730000
11378751236000
11378769741000
11378788249000
11378806755000
11378825262000
11378843767000
11378862275000
11378880781000
11378899290000
11378917795000
11378936304000
11378954813000
11378973318000
11378991824000
11379010330000
11379028838000
11379047344000
11379065852000
11379084359000
11379102869000
11379121372000
11379139878000
11379158385000
11379176892000
11379195399000
11379213904000
11379232412000
11379250919000
11379269428000
11379287935000
11379306442000
11379324946000
11379343454000
11379361961000
11379380468000
11379398974000
11379417482000
11379435990000
11379454496000
11379473002000
11379491508000
11379510016000
11379528523000
11379547031000
11379565538000
11379584047000
11379602549000
11379621057000
11379639566000
11379658070000
11379676577000
11379695084000
11379713592000
11379732098000
11379750604000
11379769112000
11379787620000
11379806124000
11379824631000
11379843139000
11379861647000
11379880153000
11379898660000
11379917166000
11379935672000
11379954180000
11379972687000
11379991196000
11380009700000
11380028208000
11380046713000
11380065221000
11380083729000
11380102235000
11380120742000
11380139251000
11380157755000
11380176262000
11380194770000
11380213276000
11380231783000
11380250290000
11380268795000
11380287303000
11380305810000
11380324318000
11380342826000
11380361332000
11380379839000
11380398344000
11380416853000
11380435358000
11380453866000
11380472374000
11380490881000
11380509387000
11380527893000
11380546400000
11380564905000
11380583413000
11380601920000
11380620426000
11380638933000
11380657442000
11380675952000
11380694459000
11380712960000
11380731468000
11380749974000
11380768481000
11380786989000
11380805497000
11380824006000
11380842509000
11380861016000
11380879523000
11380898029000
11380916536000
11380935043000
11380953551000
11380972056000
11380990563000
11381009079000
11381027579000
11381046084000
11381064592000
11381083097000
11381101605000
11381120111000
11381138618000
11381157127000
11381175635000
11381194140000
11381212646000
11381231152000
11381249659000
11381268167000
11381286673000
11381305182000
11381323686000
11381342196000
11381360703000
11381379210000
11381397714000
11381416222000
11381434728000
11381453236000
11381471743000
11381490250000
11381508757000
11381527266000
11381545770000
11381564277000
11381582783000
11381601291000
11381619797000
11381638305000
11381656812000
11381675318000
11381693824000
11381712332000
11381730839000
11381749345000
11381767852000
11381786359000
11381804865000
11381823372000
11381841880000
11381860389000
11381878895000
11381897399000
11381915907000
11381934414000
11381952920000
11381971427000
11381989936000
11382008443000
11382026947000
11382045455000
11382063962000
11382082471000
11382100975000
11382119482000
11382137989000
11382156497000
11382175003000
11382193512000
11382212018000
11382230523000
11382249030000
11382267537000
11382286043000
11382304552000
11382323057000
11382341566000
11382360074000
11382378578000
11382397084000
11382415594000
11382434110000
11382452607000
11382471112000
11382489621000
11382508126000
11382526634000
11382545141000
11382563650000
11382582153000
11382600660000
11382619167000
11382637673000
11382656181000
11382674689000
11382693196000
11382711704000
11382730208000
11382748715000
11382767224000
11382785729000
11382804236000
11382822742000
11382841250000
11382859757000
11382878265000
11382896771000
11382915279000
11382933783000
11382952291000
11382970797000
11382989304000
11383007813000
11383026321000
11383044827000
11383063335000
11383081838000
11383100346000
11383118854000
11383137360000
11383155866000
11383174374000
11383192880000
11383211387000
11383229893000
11383248402000
11383266909000
11383285414000
11383303921000
11383322429000
11383340934000
11383359442000
11383377950000
11383396458000
11383414963000
11383433469000
11383451974000
11383470485000
11383488989000
11383507497000
11383526003000
11383544510000
11383563016000
11383581526000
11383600032000
11383618538000
11383637045000
11383655552000
11383674057000
11383692565000
11383711072000
11383729580000
11383748087000
11383766593000
11383785099000
11383803607000
11383822119000
11383840621000
11383859136000
11383877633000
11383896140000
11383914647000
11383933156000
11383951664000
11383970168000
11383988675000
11384007181000
11384025689000
11384044195000
11384062702000
11384081210000
11384099718000
11384118223000
11384136728000
11384155236000
11384173743000
11384192250000
11384210757000
11384229264000
11384247770000
11384266279000
11384284785000
11384303294000
11384321798000
11384340306000
11384358813000
11384377321000
11384395825000
11384414333000
11384432840000
11384451348000
11384469852000
11384488360000
11384506865000
11384525373000
11384543879000
11384562388000
11384580894000
11384599402000
11384617908000
11384636417000
11384654925000
11384673429000
11384691935000
11384710442000
11384728950000
11384747455000
11384765964000
11384784471000
11384802976000
11384821483000
11384839989000
11384858496000
11384877004000
11384895510000
11384914018000
11384932524000
11384951030000
11384969539000
11384988047000
11385006552000
11385025058000
11385043565000
11385062072000
11385080579000
11385099086000
11385117594000
11385136101000
11385154607000
11385173113000
11385191621000
11385210127000
11385228634000
11385247143000
11385265649000
11385284155000
11385302662000
11385321170000
11385339677000
11385358182000
11385376691000
11385395197000
11385413702000
11385432209000
11385450716000
11385469225000
11385487733000
11385506237000
11385524744000
11385543252000
11385561756000
11385580264000
11385598771000
11385617278000
11385635785000
11385654292000
11385672800000
11385691307000
11385709812000
11385728320000
11385746826000
11385765333000
11385783841000
11385802347000
11385820859000
11385839363000
11385857867000
11385876374000
11385894882000
11385913387000
11385931894000
11385950401000
11385968908000
11385987415000
11386005923000
11386024430000
11386042939000
11386061443000
11386079949000
11386098456000
11386116962000
11386135470000
11386153978000
11386172486000
11386190990000
11386209499000
11386228005000
11386246511000
11386265017000
11386283525000
11386302032000
11386320539000
11386339046000
11386357553000
11386376062000
11386394566000
11386413072000
11386431580000
11386450086000
11386468593000
11386487100000
11386505609000
11386524115000
11386542621000
11386561129000
11386579635000
11386598141000
11386616649000
11386635157000
11386653663000
11386672168000
11386690676000
11386709184000
11386727691000
11386746196000
11386764703000
11386783210000
11386801717000
11386820224000
11386838732000
11386875748000
11386894251000
11386912757000
11386931265000
11386949770000
11386968277000
11386986786000
11387005292000
11387023800000
11387042307000
11387060813000
11387079322000
11387097825000
11387116333000
11387134839000
11387153348000
11387171854000
11387190361000
11387208869000
11387227377000
11387245881000
11387264389000
11387282895000
11387301401000
11387319908000
11387338414000
11387356922000
11387375429000
11387393938000
11387412446000
11387430952000
11387449457000
11387467963000
11387486471000
11387504977000
11387523484000
11387541993000
11387560499000
11387579004000
11387597512000
11387616018000
11387634525000
11387653032000
11387671541000
11387690045000
11387708555000
11387727059000
11387745568000
11387764075000
11387782580000
11387801086000
11387819594000
11387838101000
11387856608000
11387875114000
11387893622000
11387912130000
11387930636000
11387949141000
11387967650000
11387986156000
11388004663000
11388023168000
11388041677000
11388060201000
11388078690000
11388097197000
11388115706000
11388134210000
11388152717000
11388171224000
11388189732000
11388208238000
11388226746000
11388245253000
11388263761000
11388282268000
11388300771000
11388319278000
11388337786000
11388356292000
11388374800000
11388393306000
11388411814000
11388430321000
11388448829000
11388467336000
11388485840000
11388504348000
11388522854000
11388541362000
11388559868000
11388578376000
11388596882000
11388615393000
11388633896000
11388652402000
11388670909000
11388689416000
11388707922000
11388726430000
11388744935000
11388763445000
11388781950000
11388800460000
11388818966000
11388837471000
11388855977000
11388874485000
11388892993000
11388911500000
11388930006000
11388948516000
11388967018000
11388985526000
11389004033000
11389022539000
11389041047000
11389059555000
11389078059000
11389096568000
11389115074000
11389133582000
11389152088000
11389170595000
11389189100000
11389207609000
11389226115000
11389244623000
11389263130000
11389281637000
11389300144000
11389318649000
11389337156000
11389355663000
11389374170000
11389392678000
11389411184000
11389429690000
11389448196000
11389466704000
11389485211000
11389503721000
11389522226000
11389540731000
11389559238000
11389577746000
11389596251000
11389614760000
11389633267000
11389651776000
11389670279000
11389688786000
11389707294000
11389725799000
11389744307000
11389762814000
11389781321000
11389799826000
11389818335000
11389836843000
11389855351000
11389873855000
11389892362000
11389910868000
11389929376000
11389947883000
11389966390000
11389984897000
11390003406000
11390021910000
11390040418000
11390058923000
11390077431000
11390095937000
11390114445000
11390132950000
11390151457000
11390169965000
11390188473000
11390206981000
11390225486000
11390243993000
11390262499000
11390281005000
11390299513000
11390318020000
11390336529000
11390355034000
11390373540000
11390392047000
11390410553000
11390429060000
11390447568000
11390466076000
11390484580000
11390503088000
11390521595000
11390540104000
11390558609000
11390577117000
11390595622000
11390614128000
11390632637000
11390651142000
11390669653000
11390688158000
11390706665000
11390725171000
11390743679000
11390762183000
11390780691000
11390799198000
11390817707000
11390836210000
11390854719000
11390873231000
11390891734000
11390910245000
11390928746000
11390947253000
11390965760000
11390984266000
11391002773000
11391021282000
11391039790000
11391058294000
11391076802000
11391095307000
11391113815000
11391132321000
11391150829000
11391169337000
11391187840000
11391206348000
11391224865000
11391243365000
11391261869000
11391280376000
11391298882000
11391317390000
11391335896000
11391354404000
11391372911000
11391391420000
11391409925000
11391428431000
11391446938000
11391465444000
11391483951000
11391502460000
11391520967000
11391539472000
11391557978000
11391576487000
11391594995000
11391613500000
11391632007000
11391650513000
11391669021000
11391687527000
11391706034000
11391724543000
11391743049000
11391761555000
11391780062000
11391798568000
11391817075000
11391835582000
11391854089000
11391872598000
11391891101000
11391909612000
11391928119000
11391946623000
11391965129000
11391983637000
11392002143000
11392020650000
11392039157000
11392057665000
11392076173000
11392094678000
11392113184000
11392131692000
11392150199000
11392168705000
11392187211000
11392205720000
11392224229000
11392242734000
11392261239000
11392279748000
11392298254000
11392316761000
11392335266000
11392353776000
11392372280000
11392390788000
11392409296000
11392427804000
11392446308000
11392464816000
11392483322000
11392501829000
11392520335000
11392538843000
11392557352000
11392575860000
11392594363000
11392612868000
11392631380000
11392649884000
11392668391000
11392686897000
11392705404000
11392723912000
11392742419000
11392760926000
11392779434000
11392797937000
11392816445000
11392834952000
11392853458000
11392871966000
11392890474000
11392908981000
11392927486000
11392945993000
11392964500000
11392983009000
11393001514000
11393020021000
11393038527000
11393057034000
11393075542000
11393094049000
11393112558000
11393131062000
11393149569000
11393168076000
11393186584000
11393205089000
11393223596000
11393242103000
11393260613000
11393279116000
11393297622000
11393316129000
11393334637000
11393353144000
11393371652000
11393390158000
11393408666000
11393427171000
11393445679000
11393464187000
11393482693000
11393501200000
11393519706000
11393538213000
11393556721000
11393575227000
11393593735000
11393612242000
11393630748000
11393649254000
11393667761000
11393686274000
11393704776000
11393723286000
11393741788000
11393760295000
11393778802000
11393797309000
11393815819000
11393834322000
11393852830000
11393871336000
11393889846000
11393908350000
11393926857000
11393945365000
11393963872000
11393982377000
11394000883000
11394019390000
11394037897000
11394056405000
11394074912000
11394093418000
11394111926000
11394130432000
11394148942000
11394167449000
11394185952000
11394204461000
11394222967000
11394241474000
11394259982000
11394278488000
11394296995000
11394315501000
11394334007000
11394352513000
11394371022000
11394389527000
11394408035000
11394426541000
11394445048000
11394463557000
11394482063000
11394500572000
11394519079000
11394537584000
11394556089000
11394574596000
11394593104000
11394611611000
11394630118000
11394648627000
11394667130000
11394685638000
11394704144000
11394722651000
11394741158000
11394759666000
11394778172000
11394796679000
11394815186000
11394833693000
11394852201000
11394870707000
11394889213000
11394907722000
11394926227000
11394944736000
11394963242000
11394981750000
11395000256000
11395018761000
11395037267000
11395055774000
11395074282000
11395092789000
11395111296000
11395129802000
11395148308000
11395166816000
11395185324000
11395203833000
11395222336000
11395240843000
11395259351000
11395277857000
11395296364000
11395314870000
11395333378000
11395351886000
11395370392000
11395388898000
11395407405000
11395425912000
11395444418000
11395462925000
11395481433000
11395499939000
11395518446000
11395536954000
11395555462000
11395573967000
11395592474000
11395610981000
11395629488000
11395647994000
11395666501000
11395685009000
11395703515000
11395722021000
11395740529000
11395759036000
11395777542000
11395796048000
11395814556000
11395833063000
11395851571000
11395870077000
11395888585000
11395907090000
11395925597000
11395944104000
11395962610000
11395981117000
11395999625000
11396018132000
11396036640000
11396055144000
11396073653000
11396092159000
11396110665000
11396129173000
11396147679000
11396166187000
11396184693000
11396203200000
11396221708000
11396240215000
11396258721000
11396277229000
11396295734000
11396314241000
11396332748000
11396351254000
11396369763000
11396388270000
11396406775000
11396425284000
11396443789000
11396462295000
11396480802000
11396499308000
11396517817000
11396536327000
11396554831000
11396573338000
11396591846000
11396610351000
11396628863000
11396647365000
11396665872000
11396684378000
11396702886000
11396721393000
11396739901000
11396758405000
11396776911000
11396795419000
11396813924000
11396832432000
11396850938000
11396869447000
11396887953000
11396906460000
11396924969000
11396943477000
11396961980000
11396980488000
11396998994000
11397017502000
11397036008000
11397054516000
11397073024000
11397091530000
11397110036000
11397128543000
11397147049000
11397165556000
11397184063000
11397202570000
11397221077000
11397239584000
11397258091000
11397276599000
11397295106000
11397313611000
11397332118000
11397350624000
11397369132000
11397387639000
11397406146000
11397424655000
11397443160000
11397461666000
11397480174000
11397498682000
11397517185000
11397535694000
11397554201000
11397572707000
11397591215000
11397609723000
11397628230000
11397646735000
11397665242000
11397683751000
11397702256000
11397720763000
11397739269000
11397757777000
11397776284000
11397794791000
11397813296000
11397831803000
11397850310000
11397868816000
11397887324000
11397905831000
11397924352000
11397942845000
11397961353000
11397979861000
11397998365000
11398016872000
11398035380000
11398053887000
11398072392000
11398090900000
11398109409000
11398127917000
11398146420000
11398164926000
11398183433000
11398201940000
11398220446000
11398238953000
11398257461000
11398275968000
11398294475000
11398312983000
11398331491000
11398349995000
11398368502000
11398387008000
11398405516000
11398424023000
11398442531000
11398461038000
11398479543000
11398498050000
11398516557000
11398535064000
11398553572000
11398572077000
11398590586000
11398609092000
11398627598000
11398646105000
11398664613000
11398683121000
11398701626000
11398720132000
11398738640000
11398757146000
11398775653000
11398794161000
11398812668000
11398831173000
11398849680000
11398868188000
11398886695000
11398905202000
11398923709000
11398942215000
11398960723000
11398979228000
11398997736000
11399016243000
11399034750000
11399053256000
11399071764000
11399090270000
11399108777000
11399127282000
11399145791000
11399164300000
11399182804000
11399201311000
11399219819000
11399238325000
11399256831000
11399275338000
11399293845000
11399312350000
11399330859000
11399349366000
11399367874000
11399386379000
11399404887000
11399423394000
11399441900000
11399460407000
11399478914000
11399497422000
11399515930000
11399534434000
11399552941000
11399571448000
11399589954000
11399608461000
11399626969000
11399645474000
11399663981000
11399682489000
11399700997000
11399719505000
11399738009000
11399756516000
11399775024000
11399793532000
11399812037000
11399830544000
11399849052000
11399867561000
11399886064000
11399904571000
11399923077000
11399941585000
11399960091000
11399978599000
11399997105000
11400015611000
11400034119000
11400052629000
11400071136000
11400089641000
11400108147000
11400126653000
11400145160000
11400163667000
11400182174000
11400200682000
11400219188000
11400237695000
11400256201000
11400274709000
11400293216000
11400311723000
11400330230000
11400348735000
11400367241000
11400385750000
11400404259000
11400422764000
11400441269000
11400459777000
11400478284000
11400496792000
11400515297000
11400533805000
11400552313000
11400570818000
11400589327000
11400607834000
11400626338000
11400644846000
11400663353000
11400681861000
11400700365000
11400718872000
11400737388000
11400755890000
11400774398000
11400792901000
11400811407000
11400829914000
11400848421000
11400866928000
11400885436000
11400903944000
11400922448000
11400940956000
11400959463000
11400977969000
11400996475000
11401014983000
11401033491000
11401051996000
11401070502000
11401089010000
11401107519000
11401126024000
11401144530000
11401163037000
11401181544000
11401200052000
11401218559000
11401237067000
11401255576000
11401274079000
11401292586000
11401311092000
11401329600000
11401348106000
11401366614000
11401385121000
11401403625000
11401422133000
11401440641000
11401459149000
11401477654000
11401496161000
11401514668000
11401533174000
11401551682000
11401570189000
11401588699000
11401607203000
11401625709000
11401644216000
11401662722000
11401681229000
11401699737000
11401718245000
11401736752000
11401755255000
11401773764000
11401792272000
11401810780000
11401829284000
11401847792000
11401866297000
11401884806000
11401903312000
11401921821000
11401940327000
11401958832000
11401977341000
11401995846000
11402014353000
11402032864000
11402051367000
11402069875000
11402088382000
11402106887000
11402125394000
11402143903000
11402162412000
11402180914000
11402199421000
11402217930000
11402236434000
11402254942000
11402273451000
11402291959000
11402310462000
11402328970000
11402347476000
11402365982000
11402384490000
11402402997000
11402421506000
11402440014000
11402458517000
11402477023000
11402495533000
11402514038000
11402532544000
11402551051000
11402569558000
11402588066000
11402606591000
11402625080000
11402643589000
11402662092000
11402680600000
11402699106000
11402717616000
11402736120000
11402754628000
11402773137000
11402791641000
11402810147000
11402828654000
11402847164000
11402865668000
11402884175000
11402902682000
11402921188000
11402939696000
11402958204000
11402976712000
11402995216000
11403013723000
11403032231000
11403050737000
11403069244000
11403087752000
11403106259000
11403124769000
11403143272000
11403161777000
11403180285000
11403198795000
11403217299000
11403235808000
11403254312000
11403272820000
11403291326000
11403309833000
11403328342000
11403346847000
11403365353000
11403383860000
11403402367000
11403420874000
11403439382000
11403457888000
11403476396000
11403494901000
11403513408000
11403531915000
11403550428000
11403568929000
11403587437000
11403605943000
11403624450000
11403642957000
11403661465000
11403679973000
11403698477000
11403716984000
11403735491000
11403753998000
11403772505000
11403791012000
11403809519000
11403828027000
11403846532000
11403865037000
11403883546000
11403902051000
11403920559000
11403939066000
11403957574000
11403976080000
11403994587000
11404013094000
11404031603000
11404050106000
11404068613000
11404087122000
11404105628000
11404124134000
11404142646000
11404161151000
11404179655000
11404198161000
11404216668000
11404235175000
11404253682000
11404272189000
11404290697000
11404309204000
11404327710000
11404346217000
11404364725000
11404383233000
11404401737000
11404420245000
11404438751000
11404457259000
11404475765000
11404494273000
11404512780000
11404531285000
11404549793000
11404568298000
11404586805000
11404605313000
11404623821000
11404642327000
11404660834000
11404679340000
11404697850000
11404716355000
11404734863000
11404753368000
11404771875000
11404790381000
11404808889000
11404827396000
11404845903000
11404864410000
11404882915000
11404901422000
11404919929000
11404938435000
11404956943000
11404975460000
11404993957000
11405012463000
11405030971000
11405049479000
11405067986000
11405086491000
11405104998000
11405123506000
11405142014000
11405160519000
11405179025000
11405197534000
11405216041000
11405234545000
11405253053000
11405271559000
11405290067000
11405308573000
11405327080000
11405345587000
11405364094000
11405382601000
11405401110000
11405419617000
11405438121000
11405456630000
11405475134000
11405493642000
11405512148000
11405530656000
11405549164000
11405567670000
11405586176000
11405604684000
11405623190000
11405641696000
11405660202000
11405678710000
11405697217000
11405715725000
11405734231000
11405752740000
11405771247000
11405789753000
11405808258000
11405826765000
11405845273000
11405863780000
11405882286000
11405900795000
11405919300000
11405937807000
11405956314000
11405974819000
11405993326000
11406011834000
11406030341000
11406048847000
11406067356000
11406085863000
11406104370000
11406122877000
11406141382000
11406159890000
11406178395000
11406196903000
11406215409000
11406233918000
11406252425000
11406270930000
11406289439000
11406307944000
11406326450000
11406344957000
11406363466000
11406381972000
11406400478000
11406418984000
11406437492000
11406456002000
11406474505000
11406493012000
11406511519000
11406530026000
11406548533000
11406567040000
11406585548000
11406604056000
11406622562000
11406641067000
11406659574000
11406678081000
11406696587000
11406715093000
11406733601000
11406752110000
11406770615000
11406789123000
11406807632000
11406826137000
11406844643000
11406863149000
11406881656000
11406900163000
11406918670000
11406937178000
11406955688000
11406974190000
11406992698000
11407011204000
11407029711000
11407048217000
11407066725000
11407085231000
11407103738000
11407122246000
11407140754000
11407159261000
11407177769000
11407233287000
11407251793000
11407270300000
11407288810000
11407307313000
11407325822000
11407344327000
11407362836000
11407381340000
11407399848000
11407418354000
11407436861000
11407455369000
11407473878000
11407492384000
11407510890000
11407529395000
11407547903000
11407566409000
11407584917000
11407603423000
11407621933000
11407640442000
11407658944000
11407677451000
11407695958000
11407714464000
11407732971000
11407751478000
11407769985000
11407788514000
11407807001000
11407825510000
11407844017000
11407862520000
11407881026000
11407899533000
11407918041000
11407936547000
11407955055000
11407973565000
11407992070000
11408010575000
11408029082000
11408047588000
11408066095000
11408084601000
11408103107000
11408121615000
11408140123000
11408158629000
11408177137000
11408195645000
11408214149000
11408232657000
11408251164000
11408269670000
11408288177000
11408306686000
11408325192000
11408343702000
11408362205000
11408380712000
11408399218000
11408417726000
11408436231000
11408454738000
11408473246000
11408491753000
11408510261000
11408528767000
11408547277000
11408565781000
11408584286000
11408602794000
11408621300000
11408639808000
11408658316000
11408676823000
11408695328000
11408713836000
11408732342000
11408750849000
11408769355000
11408787863000
11408806370000
11408824876000
11408843383000
11408861890000
11408880399000
11408898903000
11408917410000
11408935919000
11408954424000
11408972932000
11408991437000
11409009947000
11409028452000
11409046959000
11409065465000
11409083974000
11409102478000
11409120986000
11409139494000
11409157999000
11409176505000
11409195013000
11409213521000
11409232029000
11409250534000
11409269041000
11409287548000
11409306055000
11409324561000
11409343068000
11409361576000
11409380084000
11409398589000
11409417096000
11409435602000
11409454110000
11409472616000
11409491123000
11409509630000
11409528138000
11409546645000
11409565152000
11409583660000
11409602164000
11409620671000
11409639179000
11409657684000
11409676190000
11409694698000
11409713207000
11409731714000
11409750219000
11409768726000
11409787231000
11409805739000
11409824246000
11409842754000
11409861260000
11409879766000
11409898273000
11409916782000
11409935290000
11409953795000
11409972302000
11409990808000
11410009315000
11410027823000
11410046329000
11410064839000
11410083344000
11410101849000
11410120355000
11410138864000
11410157370000
11410175876000
11410194384000
11410212890000
11410231397000
11410249906000
11410268414000
11410286921000
11410305425000
11410323934000
11410342441000
11410360945000
11410379452000
11410397961000
11410416470000
11410434973000
11410453479000
11410471987000
11410490494000
11410509000000
11410527508000
11410546016000
11410564521000
11410583026000
11410601541000
11410620043000
11410638552000
11410657057000
11410675561000
11410694069000
11410712575000
11410731084000
11410749590000
11410768098000
11410786602000
11410805111000
11410823617000
11410842123000
11410860630000
11410879137000
11410897646000
11410916151000
11410934657000
11410953165000
11410971673000
11410990177000
11411008685000
11411027192000
11411045699000
11411064207000
11411082724000
11411101222000
11411119730000
11411138233000
11411156741000
11411175247000
11411193754000
11411212260000
11411230768000
11411249277000
11411267781000
11411286287000
11411304797000
11411323305000
11411341808000
11411360315000
11411378823000
11411397328000
11411415836000
11411434344000
11411452859000
11411471360000
11411489864000
11411508371000
11411526878000
11411545383000
11411563891000
11411582399000
11411600908000
11411619410000
11411637918000
11411656428000
11411674935000
11411693438000
11411711947000
11411730452000
11411748959000
11411767467000
11411785974000
11411804482000
11411822987000
11411841493000
11411860001000
11411878508000
11411897014000
11411915521000
11411934030000
11411952536000
11411971042000
11411989548000
11412008057000
11412026565000
11412045070000
11412063583000
11412082083000
11412100590000
11412119099000
11412137605000
11412156114000
11412174618000
11412193124000
11412211631000
11412230137000
11412248645000
11412267153000
11412285659000
11412304168000
11412322671000
11412341178000
11412359689000
11412378192000
11412396699000
11412415207000
11412433713000
11412452221000
11412470728000
11412489235000
11412507744000
11412526248000
11412544756000
11412563261000
11412581769000
11412600275000
11412618783000
11412637290000
11412655798000
11412674301000
11412692810000
11412711318000
11412729824000
11412748331000
11412766836000
11412785343000
11412803850000
11412822359000
11412840866000
11412859374000
11412877878000
11412896385000
11412914892000
11412933399000
11412951905000
11412970412000
11412988921000
11413007426000
11413025932000
11413044438000
11413062949000
11413081454000
11413099961000
11413118466000
11413136974000
11413155480000
11413173988000
11413192496000
11413211001000
11413229507000
11413248016000
11413266521000
11413285029000
11413303536000
11413322043000
11413340551000
11413359057000
11413377562000
11413396069000
11413414582000
11413433084000
11413451590000
11413470097000
11413488604000
11413507111000
11413525619000
11413544126000
11413562633000
11413581138000
11413599645000
11413618152000
11413636659000
11413655165000
11413673674000
11413692182000
11413710687000
11413729192000
11413747699000
11413766205000
11413784714000
11413803221000
11413821729000
11413840234000
11413858741000
11413877250000
11413895757000
11413914263000
11413932769000
11413951274000
11413969782000
11413988289000
11414006797000
11414025305000
11414043812000
11414062316000
11414080823000
11414099329000
11414117836000
11414136344000
11414154850000
11414173357000
11414191864000
11414210372000
11414228880000
11414247388000
11414265892000
11414284398000
11414302906000
11414321413000
11414339919000
11414358428000
11414376936000
11414395440000
11414413947000
11414432453000
11414450960000
11414469466000
11414487974000
11414506482000
11414524989000
11414543496000
11414562003000
11414580511000
11414599016000
11414617522000
11414636030000
11414654536000
11414673043000
11414691551000
11414710057000
11414728567000
11414747072000
11414765577000
11414784085000
11414802589000
11414821097000
11414839613000
11414858111000
11414876618000
11414895125000
11414913633000
11414932141000
11414950646000
11414969153000
11414987659000
11415006166000
11415024674000
11415043181000
11415061688000
11415080197000
11415098701000
11415154220000
11415172727000
11415191235000
11415209742000
11415228249000
11415246756000
11415265263000
11415283772000
11415302278000
11415320783000
11415339290000
11415357796000
11415376304000
11415394812000
11415413319000
11415431826000
11415450330000
11415468839000
11415487344000
11415505852000
11415524358000
11415542866000
11415561372000
11415579880000
11415598387000
11415616894000
11415635401000
11415653907000
11415672412000
11415690920000
11415709427000
11415727934000
11415746442000
11415764950000
11415783457000
11415801963000
11415820468000
11415838974000
11415857481000
11415875988000
11415894495000
11415913002000
11415931509000
11415950017000
11415968524000
11415987033000
11416005537000
11416024044000
11416042552000
11416061058000
11416079564000
11416098071000
11416116579000
11416135085000
11416153593000
11416172098000
11416190604000
11416209112000
11416227621000
11416246126000
11416264632000
11416283139000
11416301648000
11416320156000
11416338660000
11416357167000
11416375675000
11416394181000
11416412689000
11416431196000
11416449702000
11416468209000
11416486714000
11416505221000
11416523730000
11416542235000
11416560742000
11416579248000
11416597755000
11416616262000
11416634770000
11416653279000
11416671786000
11416690290000
11416708797000
11416727305000
11416745811000
11416764317000
11416782827000
11416801332000
11416819841000
11416838345000
11416856855000
11416875359000
11416893866000
11416912372000
11416930879000
11416949386000
11416967893000
11416986399000
11417004908000
11417023416000
11417041921000
11417060428000
11417078935000
11417097442000
11417115948000
11417134455000
11417152963000
11417171470000
11417189975000
11417208483000
11417226990000
11417245495000
11417264004000
11417282509000
11417301017000
11417319523000
11417338032000
11417356538000
11417375048000
11417393552000
11417412059000
11417467579000
11417486087000
11417504594000
11417523100000
11417541606000
11417560112000
11417578619000
11417597127000
11417615633000
11417634140000
11417652652000
11417671153000
11417689662000
11417708170000
11417726675000
11417745182000
11417763688000
11417782195000
11417800702000
11417819209000
11417837717000
11417856224000
11417874729000
11417893236000
11417911743000
11417930250000
11417948757000
11417967262000
11417985769000
11418004276000
11418022785000
11418041292000
11418059800000
11418078305000
11418096812000
11418115318000
11418133826000
11418152332000
11418170839000
11418189346000
11418207856000
11418226360000
11418244867000
11418263374000
11418281879000
11418300386000
11418318894000
11418337400000
11418355907000
11418374414000
11418392922000
11418411430000
11418429936000
11418448441000
11418466949000
11418485456000
11418503962000
11418522469000
11418540978000
11418559485000
11418577990000
11418596497000
11418615004000
11418633510000
11418652018000
11418670524000
11418689030000
11418707539000
11418726046000
11418744553000
11418763061000
11418781565000
11418800072000
11418818579000
11418837086000
11418855592000
11418874101000
11418892609000
11418911114000
11418929623000
11418948128000
11418966634000
11418985142000
11419003647000
11419022154000
11419040665000
11419059170000
11419077680000
11419096184000
11419114690000
11419133196000
11419151702000
11419170209000
11419188717000
11419207223000
11419225732000
11419244238000
11419262744000
11419281251000
11419299757000
11419318264000
11419336771000
11419355277000
11419373783000
11419392290000
11419410799000
11419429307000
11419447814000
11419466318000
11419484825000
11419503333000
11419521839000
11419540346000
11419558853000
11419577363000
11419595870000
11419614373000
11419632880000
11419651387000
11419669894000
11419688401000
11419706908000
11419725415000
11419743921000
11419762431000
11419780936000
11419799445000
11419817949000
11419836456000
11419854963000
11419873470000
11419891976000
11419910484000
11419928994000
11419947499000
11419966004000
11419984510000
11420003017000
11420021524000
11420040031000
11420058539000
11420077046000
11420095551000
11420114059000
11420132566000
11420151075000
11420169580000
11420188086000
11420206593000
11420225100000
11420243607000
11420262115000
11420280623000
11420299127000
11420317634000
11420336141000
11420354648000
11420373155000
11420391661000
11420410170000
11420428676000
11420447183000
11420465692000
11420484198000
11420502702000
11420521210000
11420539716000
11420558225000
11420576731000
11420595238000
11420613746000
11420632252000
11420650757000
11420669264000
11420687771000
11420706278000
11420724785000
11420743292000
11420761801000
11420780305000
11420798812000
11420817320000
11420835829000
11420854332000
11420872840000
11420891346000
11420909854000
11420928360000
11420946867000
11420965375000
11420983883000
11421002388000
11421020895000
11421039401000
11421057909000
11421076415000
11421094923000
11421113431000
11421131935000
11421150441000
11421168950000
11421187458000
11421205964000
11421224469000
11421242976000
11421261484000
11421279990000
11421298498000
11421317005000
11421335513000
11421354018000
11421372525000
11421391032000
11421409538000
11421428046000
11421446553000
11421465061000
11421483565000
11421502072000
11421520580000
11421539089000
11421557595000
11421576101000
11421594607000
11421613114000
11421631622000
11421650128000
11421668636000
11421687142000
11421705648000
11421724156000
11421742661000
11421761169000
11421779678000
11421798184000
11421816691000
11421835196000
11421853703000
11421872211000
11421890719000
11421909223000
11421927731000
11421946238000
11421964745000
11421983254000
11422001759000
11422020267000
11422038772000
11422057279000
11422075786000
11422094292000
11422112799000
11422131306000
11422149814000
11422168322000
11422186826000
11422205333000
11422223842000
11422242346000
11422260862000
11422279361000
11422297867000
11422316374000
11422334882000
11422353389000
11422371897000
11422390402000
11422408909000
11422427417000
11422445924000
11422464429000
11422482937000
11422501445000
11422519953000
11422538455000
11422556963000
11422575474000
11422593977000
11422612484000
11422630991000
11422649498000
11422668005000
11422686512000
11422705020000
11422723528000
11422742033000
11422760540000
11422779046000
11422797553000
11422816060000
11422834568000
11422853077000
11422871584000
11422890086000
11422908593000
11422927104000
11422945607000
11422964115000
11422982621000
11423001128000
11423019636000
11423038142000
11423056650000
11423075158000
11423093663000
11423112169000
11423130677000
11423149183000
11423167689000
11423186198000
11423204707000
11423223212000
11423241717000
11423260225000
11423278744000
11423297238000
11423315754000
11423334252000
11423352759000
11423371267000
11423389773000
11423408281000
11423426786000
11423445294000
11423463800000
11423482307000
11423500813000
11423519321000
11423537829000
11423556336000
11423574841000
11423593347000
11423611855000
11423630361000
11423648868000
11423667374000
11423685883000
11423704388000
11423722896000
11423741404000
11423759911000
11423778416000
11423796923000
11423815430000
11423833936000
11423852444000
11423870952000
11423889458000
11423907966000
11423926471000
11423944978000
11423963484000
11423981992000
11424000498000
11424019006000
11424037513000
11424056021000
11424074526000
11424093034000
11424111542000
11424130047000
11424148553000
11424167060000
11424185566000
11424204077000
11424222582000
11424241090000
11424259597000
11424278101000
11424296607000
11424315115000
11424333622000
11424352130000
11424370637000
11424389144000
11424407649000
11424426159000
11424444667000
11424463173000
11424481677000
11424500184000
11424518691000
11424537199000
11424555704000
11424574212000
11424592720000
11424611224000
11424629733000
11424648238000
11424666746000
11424685253000
11424703774000
11424722267000
11424740773000
11424759282000
11424777788000
11424796296000
11424814805000
11424833307000
11424851814000
11424870322000
11424888829000
11424907335000
11424925842000
11424944354000
11424962855000
11424981362000
11424999868000
11425018376000
11425036882000
11425055389000
11425073897000
11425092403000
11425110910000
11425129417000
11425147925000
11425166431000
11425184938000
11425203445000
11425221952000
11425240458000
11425258965000
11425277472000
11425295980000
11425314485000
11425332992000
11425351499000
11425370005000
11425388512000
11425407021000
11425425526000
11425444033000
11425462540000
11425481049000
11425499557000
11425518061000
11425536569000
11425555075000
11425573581000
11425592089000
11425610595000
11425629103000
11425647611000
11425666116000
11425684623000
11425703130000
11425721637000
11425740144000
11425758649000
11425777156000
11425795663000
11425814172000
11425832679000
11425851187000
11425869692000
11425888198000
11425906705000
11425925212000
11425943719000
11425962227000
11425980733000
11425999241000
11426017746000
11426036254000
11426054759000
11426073266000
11426091775000
11426110280000
11426128789000
11426147294000
11426165802000
11426184309000
11426202815000
11426221321000
11426239828000
11426258337000
11426276842000
11426295350000
11426313857000
11426332365000
11426350870000
11426369376000
11426387883000
11426406389000
11426424896000
11426443404000
11426461910000
11426480418000
11426498926000
11426517432000
11426535940000
11426554444000
11426572952000
11426591459000
11426609965000
11426628473000
11426646979000
11426665486000
11426683995000
11426702501000
11426721006000
11426739513000
11426758020000
11426776527000
11426795033000
11426813540000
11426832048000
11426850554000
11426869064000
11426887571000
11426906076000
11426924582000
11426943090000
11426961595000
11426980103000
11426998611000
11427017118000
11427035625000
11427054130000
11427072636000
11427091143000
11427109650000
11427128156000
11427146663000
11427165172000
11427183678000
11427202186000
11427220694000
11427239201000
11427257705000
11427276212000
11427294718000
11427313226000
11427331733000
11427350241000
11427368748000
11427387254000
11427405761000
11427424267000
11427442773000
11427461281000
11427479787000
11427498294000
11427516816000
11427535310000
11427553817000
11427572324000
11427590833000
11427609336000
11427627843000
11427646350000
11427664863000
11427683364000
11427701872000
11427720381000
11427738884000
11427757390000
11427775897000
11427794403000
11427812910000
11427831417000
11427849924000
11427868433000
11427886939000
11427905446000
11427923954000
11427942458000
11427960966000
11427979472000
11427997981000
11428016486000
11428034994000
11428053503000
11428072009000
11428090513000
11428109021000
11428127528000
11428146037000
11428164541000
11428183047000
11428201555000
11428220062000
11428238569000
11428257078000
11428275584000
11428294090000
11428312596000
11428331104000
11428349610000
11428368117000
11428386625000
11428405132000
11428423639000
11428442144000
11428460651000
11428479159000
11428497664000
11428516172000
11428534678000
11428553186000
11428571693000
11428590199000
11428608707000
11428627215000
11428645719000
11428664230000
11428682734000
11428701241000
11428719747000
11428738254000
11428756762000
11428775270000
11428793774000
11428812282000
11428830788000
11428849295000
11428867801000
11428886308000
11428904814000
11428923322000
11428941835000
