10534338318000
10534356827000
10534375331000
10534393837000
10534412347000
10534430852000
10534449359000
10534467866000
10534486375000
10534504880000
10534523387000
10534541893000
10534560401000
10534578907000
10534597414000
10534615922000
10534634430000
10534652934000
10534671442000
10534689948000
10534708455000
10534726962000
10534745470000
10534763976000
10534782483000
10534800990000
10534819498000
10534838006000
10534856511000
10534875018000
10534893525000
10534912031000
10534930539000
10534949046000
10534967553000
10534986061000
10535004567000
10535023074000
10535041581000
10535060086000
10535078593000
10535097099000
10535115607000
10535134114000
10535152621000
10535171130000
10535189639000
10535208144000
10535226649000
10535245155000
10535263662000
10535282170000
10535300676000
10535319184000
10535337694000
10535356196000
10535374704000
10535393210000
10535411718000
10535430224000
10535448732000
10535467247000
10535485745000
10535504253000
10535522760000
10535541269000
10535559773000
10535578279000
10535596787000
10535615293000
10535633800000
10535652309000
10535670817000
10535689321000
10535707827000
10535726334000
10535744841000
10535763347000
10535781855000
10535800362000
10535818869000
10535837376000
10535855884000
10535874391000
10535892897000
10535911404000
10535929911000
10535948418000
10535966923000
10535985431000
10536003939000
10536022447000
10536040951000
10536059458000
10536077965000
10536096472000
10536114979000
10536133485000
10536151992000
10536170500000
10536189008000
10536207515000
10536226023000
10536244528000
10536263035000
10536281541000
10536300047000
10536318556000
10536337062000
10536355570000
10536374079000
10536392584000
10536411089000
10536429596000
10536448103000
10536466610000
10536485116000
10536503624000
10536522130000
10536540638000
10536559147000
10536577655000
10536596159000
10536614665000
10536633172000
10536651680000
10536670185000
10536688694000
10536707202000
10536725707000
10536744212000
10536762721000
10536781227000
10536799735000
10536818241000
10536836748000
10536855254000
10536873762000
10536892273000
10536910779000
10536929282000
10536947789000
10536966296000
10536984804000
10537003309000
10537021818000
10537040325000
10537058834000
10537077337000
10537095845000
10537114351000
10537132861000
10537151365000
10537169872000
10537188378000
10537206884000
10537225393000
10537243900000
10537262409000
10537280913000
10537299420000
10537317927000
10537336434000
10537354940000
10537373449000
10537391956000
10537410464000
10537428968000
10537447475000
10537465981000
10537484489000
10537502997000
10537521503000
10537540009000
10537558517000
10537577024000
10537595532000
10537614039000
10537632545000
10537651053000
10537669558000
10537688065000
10537706573000
10537725079000
10537743587000
10537762092000
