10892409394000
10892427901000
10892446408000
10892464915000
10892483422000
10892501930000
10892520438000
10892538942000
10892557449000
10892575956000
10892594463000
10892612970000
10892631477000
10892649984000
10892668495000
10892686997000
10892705505000
10892724012000
10892742518000
10892761024000
10892779532000
10892798039000
10892816545000
10892835052000
10892853560000
10892872067000
10892890573000
10892909082000
10892927586000
10892946094000
10892964602000
10892983107000
10893001615000
10893020124000
10893038628000
10893057134000
10893075641000
10893094148000
10893112655000
10893131161000
10893149669000
10893168177000
10893186683000
10893205191000
10893223700000
10893242203000
10893260713000
10893279216000
10893297725000
10893316231000
10893334738000
10893353245000
10893371754000
10893390258000
10893408764000
10893427271000
10893445779000
10893464290000
10893482794000
10893501303000
10893519807000
10893538314000
10893556823000
10893575330000
10893593833000
10893612342000
10893630848000
10893649355000
10893667862000
10893686369000
10893704876000
10893723382000
10893741889000
10893760395000
10893778901000
10893797408000
10893815915000
10893834423000
10893852930000
10893871438000
10893889945000
10893908454000
10893926957000
10893945464000
10893963970000
10893982478000
10894000985000
10894019492000
10894038000000
10894056508000
10894075013000
10894093519000
10894112026000
10894130533000
10894149040000
10894167546000
10894186054000
10894204563000
10894223067000
10894241575000
10894260083000
10894278588000
10894297095000
10894315601000
10894334108000
10894352615000
10894371122000
10894389630000
10894408139000
10894426644000
10894445151000
10894463658000
10894482162000
10894500671000
10894519177000
10894537685000
10894556190000
10894574698000
10894593206000
10894611714000
10894630217000
10894648726000
10894667232000
10894685741000
10894704246000
10894722753000
10894741263000
10894759767000
10894778273000
10894796781000
10894815287000
10894833793000
10894852303000
10894870809000
10894889314000
10894907824000
10894926329000
10894944838000
10894963342000
10894981850000
10895000356000
10895018863000
10895037370000
10895055876000
10895074384000
10895092892000
10895111397000
10895129904000
10895148412000
10895166917000
10895185425000
10895203932000
10895222438000
10895240945000
10895259452000
10895277960000
10895296469000
10895314973000
10895333479000
10895351986000
10895370494000
10895389000000
10895407507000
10895426015000
10895444523000
10895463027000
10895481535000
10895500041000
10895518548000
10895537054000
10895555562000
10895574068000
10895592576000
10895611082000
10895629590000
10895648099000
10895666603000
10895685111000
10895703618000
10895722123000
10895740630000
10895759137000
10895777648000
10895796154000
10895814659000
10895833165000
10895851673000
10895870179000
10895888685000
10895907192000
10895925700000
10895944205000
10895962714000
10895981222000
10895999729000
10896018233000
10896036740000
10896055247000
10896073754000
10896092261000
10896110769000
10896129277000
10896147783000
10896166288000
10896184797000
10896203302000
10896221809000
10896240315000
10896258822000
10896277333000
10896295836000
10896314346000
10896332860000
10896351357000
10896369865000
10896388371000
10896406877000
10896425384000
10896443892000
10896462399000
10896480909000
10896499412000
10896517919000
10896536427000
10896554932000
10896573439000
10896591947000
10896610453000
10896628960000
10896647470000
10896665975000
10896684484000
10896702989000
10896721496000
10896740002000
10896758509000
10896777015000
10896795523000
10896814030000
10896832538000
10896851043000
10896869551000
10896888057000
10896906563000
10896925069000
10896943576000
10896962083000
10896980591000
10896999098000
10897017606000
10897036114000
10897054619000
10897073125000
10897091632000
10897110138000
10897128646000
10897147153000
10897165661000
10897184168000
10897202673000
10897221180000
10897239687000
10897258196000
10897276700000
10897295206000
10897313714000
10897332223000
10897350729000
10897369236000
10897387744000
10897406248000
10897424756000
10897443262000
10897461769000
10897480276000
10897498785000
10897517292000
10897535798000
10897554303000
10897572811000
10897591317000
10897609824000
10897628331000
10897646837000
10897665344000
10897683852000
10897702360000
10897720869000
10897739373000
10897757881000
10897776387000
10897794894000
10897813400000
10897831906000
10897850415000
10897868923000
10897887427000
10897905934000
10897924442000
10897942948000
10897961456000
10897979963000
10897998469000
10898016975000
10898035482000
10898053989000
10898072499000
10898091003000
10898109511000
10898128018000
10898146523000
10898165030000
10898183538000
10898202046000
10898220554000
10898239058000
10898257565000
10898276071000
10898294578000
10898313085000
10898331593000
10898350098000
10898368605000
10898387112000
10898405622000
10898424129000
10898442635000
10898461142000
10898479648000
10898498153000
10898516661000
10898535167000
10898553676000
10898572183000
10898590690000
10898609195000
10898627702000
10898646210000
10898664716000
10898683224000
10898701730000
10898720237000
10898738744000
10898757251000
10898775761000
10898794264000
10898812772000
10898831277000
10898849785000
10898868292000
10898886799000
10898905306000
10898923812000
10898942319000
10898960827000
10898979332000
10898997842000
10899016347000
10899034854000
10899053358000
10899071866000
10899090378000
10899108883000
10899127387000
10899145896000
10899164400000
10899182908000
10899201415000
10899219923000
10899238429000
10899256937000
10899275442000
10899293949000
10899312457000
10899330964000
10899349471000
10899367977000
10899386485000
10899404992000
10899423497000
10899442006000
10899460513000
10899479018000
10899497525000
10899516031000
10899534539000
10899553045000
10899571553000
10899590061000
10899608569000
10899627074000
10899645580000
10899664087000
10899682594000
10899701100000
10899719608000
10899738116000
10899756621000
10899775128000
10899793637000
10899812144000
10899830649000
10899849155000
10899867663000
10899886169000
10899904677000
10899923184000
10899941692000
10899960199000
10899978704000
10899997211000
10900015717000
10900034223000
10900052732000
10900071239000
10900089747000
10900108251000
10900126759000
10900145267000
10900163775000
10900182279000
10900200786000
10900219292000
10900237799000
10900256306000
10900274815000
10900293322000
10900311827000
10900330333000
10900348841000
10900367347000
10900385855000
10900404361000
10900422871000
10900441378000
10900459882000
10900478389000
10900496898000
10900515406000
10900533909000
10900552416000
10900570924000
10900589430000
10900607937000
10900626445000
10900644953000
10900663458000
10900681966000
10900700471000
10900718978000
10900737485000
10900755993000
10900774501000
10900793011000
10900811513000
10900830018000
10900848528000
10900867032000
10900885540000
10900904046000
10900922555000
10900941062000
10900959571000
10900978076000
10900996583000
10901015088000
10901033596000
10901052102000
10901070609000
10901089115000
10901107623000
10901126131000
10901144638000
10901163142000
10901181650000
10901200159000
10901218663000
10901237172000
10901255677000
10901274183000
10901292692000
10901311199000
10901329706000
10901348211000
10901366718000
10901385225000
10901403732000
10901422238000
10901440746000
10901459257000
10901477763000
10901496267000
10901514774000
10901533280000
10901551790000
10901570294000
10901588801000
10901607308000
10901625818000
10901644322000
10901662829000
10901681337000
10901699843000
10901718350000
10901736864000
10901755362000
10901773870000
10901792379000
10901810886000
10901829392000
10901847899000
10901866403000
10901884910000
10901903421000
10901921925000
10901940431000
10901958939000
10901977445000
10901995953000
10902014460000
10902032983000
10902051473000
10902069979000
10902088486000
10902106994000
10902125501000
10902144008000
10902162516000
10902181023000
10902199527000
10902218033000
10902236541000
10902255047000
10902273555000
10902292063000
10902310569000
10902329076000
10902347584000
10902366092000
10902384598000
10902403102000
10902421611000
10902440117000
10902458624000
10902477131000
10902495639000
10902514146000
10902532652000
10902551157000
10902569664000
10902588171000
10902606679000
10902625185000
10902643692000
10902662200000
10902680706000
10902699213000
10902717722000
10902736230000
10902754734000
10902773240000
10902791749000
10902810257000
10902828762000
10902847270000
10902865777000
10902884281000
10902902790000
10902921295000
10902939802000
10902958308000
10902976817000
10902995323000
10903013831000
10903032337000
10903050844000
10903069352000
10903087858000
10903106364000
10903124871000
10903143379000
10903161885000
10903180391000
10903198900000
10903217408000
10903235913000
10903254418000
10903272926000
10903291433000
10903309940000
10903328457000
10903346954000
10903365460000
10903383967000
10903402475000
10903420984000
10903439487000
10903457995000
10903476501000
10903495009000
10903513516000
10903532022000
10903550531000
10903569038000
10903587543000
10903606049000
10903624556000
10903643063000
10903661569000
10903680077000
10903698584000
10903717091000
10903735598000
10903754107000
10903772614000
10903791117000
10903809626000
10903828132000
10903846639000
10903865146000
10903883654000
10903902162000
10903920667000
10903939173000
10903957680000
10903976187000
10903994694000
10904013200000
10904031707000
10904050214000
10904068722000
10904087229000
10904105739000
10904124245000
10904142750000
10904161257000
10904179763000
10904198269000
10904216776000
10904235284000
10904253792000
10904272297000
10904290803000
10904309311000
10904327817000
10904346324000
10904364830000
10904383338000
10904401845000
10904420352000
10904438861000
10904457369000
10904475874000
10904494378000
10904512887000
10904531393000
10904549901000
10904568406000
10904586915000
10904605423000
10904623928000
10904642435000
10904660941000
10904679447000
10904697956000
10904716464000
10904734968000
10904753479000
10904771984000
10904790490000
10904808999000
10904827503000
10904846012000
10904864517000
10904883024000
10904901531000
10904920040000
10904938545000
10904957058000
10904975560000
10904994064000
10905012573000
10905031079000
10905049585000
10905068092000
10905086599000
10905105106000
10905123614000
10905142120000
10905160629000
10905179134000
10905197641000
10905216150000
10905234655000
10905253160000
10905271669000
10905290177000
10905308683000
10905327189000
10905345695000
10905364202000
10905382708000
10905401215000
10905419722000
10905438231000
10905456737000
10905475244000
10905493751000
10905512260000
10905530764000
10905549270000
10905567778000
10905586285000
10905604792000
10905623299000
10905641807000
10905660314000
10905678819000
10905697326000
10905715832000
10905734339000
10905752845000
10905771353000
10905789863000
10905808368000
10905826875000
10905845383000
10905863888000
10905882395000
10905900903000
10905919409000
10905937915000
10905956423000
10905974930000
10905993437000
10906011944000
10906030449000
10906048956000
10906067464000
10906085970000
10906104476000
10906122984000
10906141500000
10906159999000
10906178506000
10906197013000
10906215518000
10906234025000
10906252532000
10906271040000
10906289546000
10906308055000
10906326561000
10906345069000
10906363573000
10906382079000
10906400588000
10906419093000
10906437601000
10906456106000
10906474614000
10906493121000
10906511630000
10906530136000
10906548644000
10906567148000
10906585656000
10906604163000
10906622669000
10906641176000
10906659683000
10906678191000
10906696699000
10906715203000
10906733711000
10906752217000
10906770725000
10906789232000
10906807737000
10906826247000
10906844753000
10906863259000
10906881768000
10906900275000
10906918779000
10906937286000
10906955793000
10906974300000
10906992808000
10907011314000
10907029823000
10907048328000
10907066834000
10907085341000
10907103849000
10907122354000
10907140862000
10907159368000
10907177875000
10907196383000
10907214891000
10907233398000
10907251903000
10907270410000
10907288917000
10907307423000
10907325931000
10907344437000
10907362945000
10907381453000
10907399958000
10907418464000
10907436972000
10907455478000
10907473985000
10907492492000
10907510999000
10907529505000
10907548013000
10907566531000
10907585029000
10907603533000
10907622041000
10907640547000
10907659055000
10907677560000
10907696069000
10907714576000
10907733084000
10907751588000
10907770096000
10907788602000
10907807108000
10907825616000
10907844124000
10907862629000
10907881136000
10907899644000
10907918154000
10907936660000
10907955164000
10907973671000
10907992179000
10908010685000
10908029191000
10908047700000
10908066206000
10908084712000
10908103218000
10908121726000
10908140234000
10908158740000
10908177246000
10908195755000
10908214259000
10908232767000
10908251274000
10908269783000
10908288290000
10908306795000
10908325301000
10908343808000
10908362315000
10908380822000
10908399329000
10908417838000
10908436343000
10908454849000
10908473355000
10908491864000
10908510372000
10908528878000
10908547386000
10908565890000
10908584397000
10908602906000
10908621413000
10908639921000
10908658424000
10908676933000
10908695439000
10908713947000
10908732452000
10908750960000
10908769467000
10908787973000
10908806479000
10908824988000
10908843493000
10908862001000
10908880507000
10908899015000
10908917521000
10908936028000
10908954540000
10908973044000
10908991548000
10909010057000
10909028562000
10909047069000
10909065576000
10909084084000
10909102591000
10909121099000
10909139604000
10909158112000
10909176618000
10909195124000
10909213631000
10909232139000
10909250646000
10909269151000
10909287658000
10909306167000
10909324675000
10909343179000
10909361686000
10909380193000
10909398700000
10909417206000
10909435715000
10909454222000
10909472730000
10909491234000
10909509741000
10909528248000
10909546755000
10909565262000
10909583769000
10909602277000
10909620782000
10909639288000
10909657799000
10909676306000
10909694809000
10909713316000
10909731823000
10909750330000
10909768837000
10909787345000
10909805853000
10909824357000
10909842866000
10909861372000
10909879878000
10909898384000
10909916892000
10909935399000
10909953908000
10909972411000
10909990920000
10910009429000
10910027934000
10910046442000
10910064947000
10910083453000
10910101961000
10910120468000
10910138977000
10910157484000
10910175988000
10910194495000
10910213002000
10910231508000
10910250016000
10910268523000
10910287031000
10910305539000
10910324042000
10910342550000
10910361059000
10910379572000
10910398071000
10910416577000
10910435085000
10910453591000
10910472099000
10910490606000
10910509115000
10910527619000
10910546127000
10910564632000
10910583139000
10910601646000
10910620154000
10910638662000
10910657169000
10910675674000
10910694179000
10910712690000
10910731193000
10910749702000
10910768207000
10910786715000
10910805222000
10910823730000
10910842238000
10910860745000
10910879249000
10910897756000
10910916263000
10910934769000
10910953278000
10910971785000
10910990293000
10911008798000
10911027303000
10911045811000
10911064321000
10911082825000
10911101331000
10911119839000
10911138345000
10911156856000
10911175360000
10911193869000
10911212373000
10911230879000
10911249387000
10911267893000
10911286401000
10911304908000
10911323415000
10911341924000
10911360428000
10911378934000
10911397441000
10911415948000
10911434455000
10911452964000
10911471469000
10911489976000
10911508483000
10911526990000
10911545498000
10911564003000
10911582509000
10911601018000
10911619525000
10911638031000
10911656539000
10911675047000
10911693554000
10911712058000
10911730564000
10911749072000
10911767586000
10911786086000
10911804593000
10911823100000
10911841607000
10911860114000
10911878622000
10911897130000
10911915633000
10911934140000
10911952648000
10911971155000
10911989663000
10912008170000
10912026677000
10912045185000
10912063690000
10912082195000
10912100703000
10912119208000
10912137716000
10912156223000
10912174731000
10912193238000
10912211744000
10912230252000
10912248760000
10912267265000
10912285771000
10912304278000
10912322788000
10912341293000
10912359800000
10912378307000
10912396813000
10912415320000
10912433826000
10912452333000
10912470840000
10912489347000
10912507854000
10912526360000
10912544869000
10912563376000
10912581883000
10912600388000
10912618895000
10912637402000
10912655909000
10912674415000
10912692922000
10912711430000
10912729938000
10912748443000
10912766950000
10912785456000
10912803963000
10912822469000
10912840977000
10912859484000
10912877992000
10912896497000
10912915005000
10912933514000
10912952019000
10912970526000
10912989032000
10913007538000
10913026046000
10913044554000
10913063061000
10913081569000
10913100075000
10913118580000
10913137087000
10913155594000
10913174101000
10913192613000
10913211115000
10913229623000
10913248129000
10913266637000
10913285144000
10913303649000
10913322157000
10913340664000
10913359169000
10913377677000
10913396184000
10913414692000
10913433200000
10913451703000
10913470211000
10913488717000
10913507223000
10913525731000
10913544238000
10913562746000
10913581252000
10913599759000
10913618268000
10913636776000
10913655279000
10913673786000
10913692293000
10913710801000
10913729307000
10913747815000
10913766324000
10913784828000
10913803334000
10913821841000
10913840347000
10913858854000
10913877362000
10913895869000
10913914377000
10913932883000
10913951390000
10913969898000
10913988405000
10914006910000
10914025417000
10914043926000
10914062430000
10914080938000
10914099445000
10914117954000
10914136458000
10914154965000
10914173472000
10914191978000
10914210485000
10914228992000
10914247499000
10914266008000
10914284514000
10914303021000
10914321528000
10914340034000
10914358540000
10914377048000
10914395555000
10914414062000
10914432569000
10914451077000
10914469583000
10914488089000
10914506596000
10914525103000
10914543609000
10914562116000
10914580625000
10914599131000
10914617647000
10914636144000
10914654652000
10914673160000
10914691665000
10914710174000
10914728678000
10914747186000
10914765692000
10914784200000
10914802707000
10914821216000
10914839719000
10914858227000
10914876733000
10914895240000
10914913748000
10914932254000
10914950761000
10914969268000
10914987776000
10915006281000
10915024790000
10915043295000
10915061802000
10915080310000
10915098816000
10915117323000
10915135830000
10915154338000
10915172844000
10915191350000
10915209856000
10915228365000
10915246869000
10915265376000
10915283885000
10915302392000
10915320898000
10915339405000
10915357913000
10915376418000
10915394925000
10915413432000
10915431940000
10915450446000
10915468953000
10915487461000
10915505970000
10915524473000
10915542980000
10915561488000
10915579994000
10915598501000
10915617008000
10915635514000
10915654021000
10915672528000
10915691035000
10915709544000
10915728050000
10915746555000
10915765063000
10915783571000
10915802077000
10915820583000
10915839091000
10915857598000
10915876104000
10915894611000
10915913118000
10915931625000
10915950132000
10915968637000
10915987145000
10916005653000
10916024159000
10916042666000
10916061175000
10916079679000
10916098186000
10916116693000
10916135200000
10916153707000
10916172215000
10916190722000
10916209231000
10916227735000
10916246241000
10916264748000
10916283255000
10916301762000
10916320269000
10916338775000
10916357282000
10916375790000
10916394297000
10916412805000
10916431311000
10916449818000
10916468323000
10916486830000
10916505338000
10916523845000
10916542354000
10916560862000
10916579364000
10916597871000
10916616379000
10916634885000
10916653392000
10916671899000
10916690405000
10916708914000
10916727421000
10916745929000
10916764436000
10916782942000
10916801447000
10916819954000
10916838460000
10916856968000
10916875477000
10916893984000
10916912488000
10916930995000
10916949503000
10916968010000
10916986515000
10917005025000
10917023529000
10917042036000
10917060543000
10917079051000
10917097559000
10917116065000
10917134570000
10917153078000
10917171585000
10917190092000
10917208598000
10917227107000
10917245614000
10917264119000
10917282626000
10917301133000
10917319639000
10917338148000
10917356653000
10917375161000
10917393672000
10917412174000
10917430693000
10917449190000
10917467695000
10917486202000
10917504708000
10917523215000
10917541722000
10917560230000
10917578737000
10917597245000
10917615750000
10917634258000
10917652763000
10917671270000
10917689777000
10917708285000
10917726790000
10917745296000
10917763806000
10917782313000
10917800820000
10917819325000
10917837833000
10917856338000
10917874847000
10917893353000
10917911860000
10917930368000
10917948876000
10917967381000
10917985889000
10918004394000
10918022901000
10918041407000
10918059917000
10918078422000
10918096929000
10918115437000
10918133943000
10918152452000
10918170956000
10918189463000
10918207970000
10918226476000
10918244984000
10918263491000
10918282000000
10918300505000
10918319010000
10918337518000
10918356024000
10918374530000
10918393038000
10918411546000
10918430053000
10918448559000
10918467068000
10918485575000
10918504083000
10918522586000
10918541093000
10918559600000
10918578108000
10918596614000
10918615122000
10918633629000
10918652134000
10918670640000
10918689147000
10918707656000
10918726162000
10918744668000
10918763176000
10918781682000
10918800189000
10918818700000
10918837204000
10918855710000
10918874217000
10918892723000
10918911231000
10918929737000
10918948245000
10918966753000
10918985260000
10919003765000
10919022272000
10919040778000
10919059286000
10919077792000
10919096300000
10919114807000
10919133312000
10919151819000
10919170327000
10919188835000
10919207340000
10919225849000
10919244355000
10919262861000
10919281368000
10919299876000
10919318383000
10919336891000
10919355396000
10919373902000
10919392408000
10919410916000
10919429424000
10919447930000
10919466439000
10919484944000
10919503449000
10919521961000
10919540466000
10919558971000
10919577478000
10919595985000
10919614491000
10919632998000
10919651507000
10919670014000
10919688518000
10919707026000
10919725532000
10919744039000
10919762546000
10919781053000
10919799562000
10919818069000
10919836573000
10919855080000
10919873588000
10919892099000
10919910601000
10919929109000
10919947615000
10919966124000
10919984629000
10920003137000
10920021645000
10920040149000
10920058656000
10920077163000
10920095669000
10920114177000
10920132685000
10920151193000
10920169700000
10920188204000
10920206711000
10920225221000
10920243730000
10920262232000
10920280739000
10920299247000
10920317752000
10920336259000
10920354767000
10920373277000
10920391780000
10920410288000
10920428794000
10920447301000
10920465807000
10920484315000
10920502822000
10920521330000
10920539835000
10920558341000
10920576855000
10920595355000
10920613864000
10920632372000
10920650877000
10920669383000
10920687890000
10920706397000
10920724907000
10920743410000
10920761918000
10920780426000
10920798931000
10920817437000
10920835945000
10920854454000
10920872958000
10920891464000
10920909971000
10920928482000
10920946987000
10920965493000
10920984010000
10921002506000
10921021013000
10921039520000
10921058028000
10921076537000
10921095041000
10921113549000
10921132055000
10921150562000
10921169069000
10921187576000
10921206086000
10921224588000
10921243096000
10921261602000
10921280112000
10921298618000
10921317123000
10921335630000
10921354138000
10921372643000
10921391151000
10921409661000
10921428165000
10921446672000
10921465180000
10921483685000
10921502192000
10921520699000
10921539208000
10921557715000
10921576220000
10921594726000
10921613235000
10921631748000
10921650247000
10921668753000
10921687261000
10921705767000
10921724275000
10921742784000
10921761291000
10921779795000
10921798303000
10921816809000
10921835316000
10921853822000
10921872329000
10921890837000
10921909346000
10921927850000
10921946356000
10921964863000
10921983371000
10922001877000
10922020384000
10922038892000
10922057397000
10922075905000
10922094413000
10922112921000
10922131426000
10922149933000
10922168440000
10922186946000
10922205455000
10922223961000
10922242470000
10922260977000
10922279480000
10922297987000
10922316495000
10922335001000
10922353509000
10922372016000
10922390521000
10922409028000
10922427535000
10922446045000
10922464552000
10922483056000
10922501563000
10922520070000
10922538577000
10922557085000
10922575592000
10922594100000
10922612605000
10922631111000
10922649618000
10922668124000
10922686631000
10922705139000
10922723646000
10922742153000
10922760659000
10922779167000
10922797675000
10922816180000
10922834687000
10922853193000
10922871701000
10922890207000
10922908714000
10922927223000
10922945731000
10922964235000
10922982742000
10923001249000
10923019755000
10923038261000
10923056774000
10923075277000
10923093788000
10923112291000
10923130798000
10923149307000
10923167810000
10923186318000
10923204824000
10923223331000
10923241839000
10923260345000
10923278853000
10923297360000
10923315866000
10923334372000
10923353198000
10923371385000
10923389893000
10923408400000
10923426915000
10923445417000
10923463921000
10923482429000
10923500937000
10923519441000
10923537948000
10923556455000
10923574961000
10923593467000
10923611975000
10923630483000
10923648991000
10923667496000
10923686003000
10923704508000
10923723018000
10923741524000
10923760031000
10923778536000
10923797044000
10923815552000
10923834059000
10923852568000
10923871072000
10923889578000
10923908086000
10923926592000
10923945100000
10923963606000
10923982115000
10924000619000
10924019127000
10924037633000
10924056139000
10924074649000
10924093153000
10924111660000
10924130168000
10924148675000
10924167182000
10924185689000
10924204198000
10924222702000
10924241209000
10924259715000
10924278223000
10924296730000
10924315237000
10924333746000
10924352251000
10924370756000
10924389264000
10924407770000
10924426277000
10924444786000
10924463291000
10924481802000
10924500307000
10924518813000
10924537322000
10924555826000
10924574332000
10924592839000
10924611346000
10924629853000
10924648361000
10924666868000
10924685376000
10924703881000
10924722389000
10924740894000
10924759400000
10924777907000
10924796414000
10924814921000
10924833429000
10924851936000
10924870443000
10924888951000
10924907457000
10924925962000
10924944469000
10924962977000
10924981483000
10924999990000
10925018498000
10925037006000
10925055511000
10925074018000
10925092525000
10925111030000
10925129537000
10925148044000
10925166552000
10925185061000
10925203566000
10925222075000
10925240584000
10925259088000
10925277593000
10925296101000
10925314610000
10925333114000
10925351622000
10925370130000
10925388637000
10925407142000
10925425648000
10925444156000
10925462662000
10925481169000
10925499675000
10925518184000
10925536690000
10925555198000
10925573705000
10925592213000
10925610716000
10925629224000
10925647730000
10925666238000
10925684744000
10925703252000
10925721759000
10925740266000
10925758771000
10925777280000
10925795785000
10925814292000
10925832798000
10925851306000
10925869824000
10925888320000
10925906833000
10925925336000
10925943841000
10925962352000
10925980861000
10925999362000
10926017868000
10926036375000
10926054883000
10926073392000
10926091895000
10926110402000
10926128911000
10926147416000
10926165923000
10926184434000
10926202939000
10926221444000
10926239951000
10926258459000
10926276967000
10926295471000
10926313978000
10926332484000
10926350993000
10926369498000
10926388006000
10926406513000
10926425023000
10926443526000
10926462034000
10926480540000
10926499047000
10926517554000
10926536060000
10926554566000
10926573076000
10926591584000
10926610089000
10926628596000
10926647102000
10926665608000
10926684117000
10926702623000
10926721129000
10926739636000
10926758145000
10926776651000
10926795157000
10926813664000
10926832170000
10926850678000
10926869185000
10926887690000
10926906199000
10926924705000
10926943213000
10926961719000
10926980228000
10926998733000
10927017240000
10927035745000
10927054253000
10927072760000
10927091267000
10927109775000
10927128280000
10927146787000
10927165294000
10927183802000
10927202307000
10927220814000
10927239321000
10927257827000
10927276335000
10927294843000
10927313352000
10927331855000
10927350363000
10927368872000
10927387376000
10927405883000
10927424390000
10927442898000
10927461406000
10927479911000
10927498417000
10927516924000
10927535431000
10927553939000
10927572446000
10927590952000
10927609459000
10927627966000
10927646473000
10927664982000
10927683544000
10927701994000
10927720501000
10927739007000
10927757513000
10927776021000
10927794530000
10927813037000
10927831540000
10927850048000
10927868555000
10927887063000
10927905569000
10927924076000
10927942583000
10927961089000
10927979597000
10927998105000
10928016612000
10928035117000
10928053624000
10928072131000
10928090637000
10928109144000
10928127651000
10928146162000
10928164666000
10928183171000
10928201680000
10928220186000
10928238693000
10928257201000
10928275708000
10928294212000
10928312719000
10928331227000
10928349734000
10928368243000
10928386747000
10928405255000
10928423761000
10928442269000
10928460775000
10928479282000
10928497790000
10928516300000
10928534802000
10928553336000
10928571816000
10928590325000
10928608830000
10928627337000
10928645843000
10928664350000
10928682868000
10928701366000
10928738379000
10928775393000
10928793898000
10928812406000
10928830914000
10928849422000
10928867926000
10928886433000
10928904940000
10928923446000
10928941954000
10928960461000
10928978969000
10928997474000
10929015981000
10929034489000
10929052998000
10929071502000
10929090008000
10929108516000
10929127023000
10929145529000
10929164037000
10929182545000
10929201051000
10929219556000
10929238064000
10929256570000
10929275079000
10929293587000
10929312093000
10929330598000
10929349104000
10929367611000
10929386119000
10929404627000
10929423133000
10929441639000
10929460146000
10929478653000
10929497160000
10929515668000
10929534175000
10929552684000
10929571189000
10929589694000
10929608201000
10929626708000
10929645215000
10929663722000
10929682231000
10929700736000
10929719241000
10929737749000
10929756258000
10929774764000
10929793270000
10929811776000
10929830284000
10929848790000
10929867298000
10929885805000
10929904314000
10929922817000
10929941325000
10929959832000
10929978338000
10929996846000
10930015353000
10930033862000
10930052364000
10930070871000
10930089381000
10930107889000
10930126395000
10930144899000
10930163408000
10930181914000
10930200420000
10930218928000
10930237437000
10930255941000
10930274448000
10930292955000
10930311462000
10930329969000
10930348475000
10930366983000
10930385491000
10930403995000
10930422501000
10930441013000
10930459519000
10930478023000
10930496530000
10930515040000
10930533547000
10930552051000
10930570559000
10930589067000
10930607572000
10930626079000
10930644585000
10930663094000
10930681599000
10930700107000
10930718613000
10930737124000
10930755625000
10930774133000
10930792644000
10930811148000
10930829655000
10930848162000
10930866668000
10930885175000
10930903683000
10930922190000
10930940698000
10930959203000
10930977709000
10930996217000
10931014722000
10931033229000
10931051737000
10931070245000
10931088752000
10931107256000
10931125764000
10931144272000
10931162778000
10931181285000
10931199791000
10931218299000
10931236804000
10931255313000
10931273821000
10931292330000
10931310833000
10931329340000
10931347847000
10931366354000
10931384861000
10931403368000
10931421876000
10931440380000
10931458888000
10931477394000
10931495910000
10931514409000
10931532915000
10931551421000
10931569929000
10931588435000
10931606943000
10931625452000
10931643960000
10931662463000
10931680971000
10931699477000
10931717984000
10931736490000
10931754998000
10931773507000
10931792012000
10931810517000
10931829025000
10931847535000
10931866040000
10931884545000
10931903053000
10931921559000
10931940066000
10931958575000
10931977083000
10931995587000
10932014095000
10932032601000
10932051107000
10932069615000
10932088122000
10932106629000
10932125137000
10932143642000
10932162148000
10932180656000
10932199166000
10932217670000
10932236177000
10932254683000
10932273191000
10932291698000
10932310205000
10932328714000
10932347218000
10932365725000
10932384231000
10932402738000
10932421245000
10932439752000
10932458261000
10932476771000
10932495272000
10932513778000
10932532286000
10932550793000
10932569299000
10932587806000
10932606314000
10932624821000
10932643328000
10932661835000
10932680344000
10932698848000
10932717356000
10932735862000
10932754370000
10932772881000
10932791384000
10932809891000
10932828399000
10932846903000
10932865410000
10932883915000
10932902422000
10932920943000
10932939437000
10932957945000
10932976453000
10932994958000
10933013470000
10933031974000
10933050479000
10933068985000
10933087492000
10933105999000
10933124506000
10933143014000
10933161522000
10933180027000
10933198533000
10933217040000
10933235547000
10933254053000
10933272560000
10933291069000
10933309575000
10933328081000
10933346589000
10933365097000
10933383604000
10933402109000
10933420615000
10933439125000
10933457629000
10933476136000
10933494645000
10933513153000
10933531657000
10933550164000
10933568671000
10933587177000
10933605684000
10933624191000
10933642699000
10933661206000
10933679713000
10933698220000
10933716728000
10933735232000
10933753739000
10933772246000
10933790754000
10933809260000
10933827767000
10933846276000
10933864783000
10933883288000
10933901795000
10933920302000
10933938807000
10933957316000
10933975822000
10933994329000
10934012836000
10934031343000
10934049850000
10934068359000
10934086862000
10934105370000
10934123876000
10934142385000
10934160891000
10934179398000
10934197905000
10934216414000
10934234918000
10934253425000
10934271931000
10934290438000
10934308947000
10934327454000
10934345972000
10934364467000
10934382973000
10934401482000
10934419989000
10934438494000
10934457001000
10934475509000
10934494014000
10934512522000
10934531030000
10934549536000
10934568041000
10934586548000
10934605055000
10934623562000
10934642069000
10934660575000
10934679083000
10934697590000
10934716097000
10934734603000
10934753112000
10934771619000
10934790124000
10934808632000
10934827138000
10934845645000
10934864153000
10934882660000
10934901168000
10934919671000
10934938179000
10934956686000
10934975192000
10934993699000
10935012206000
10935030714000
10935049222000
10935067729000
10935086235000
10935104743000
10935123248000
10935141755000
10935160261000
10935178768000
10935197275000
10935215782000
10935234290000
10935252798000
10935271304000
10935289809000
10935308317000
10935326822000
10935345332000
10935363837000
10935382344000
10935400856000
10935419357000
10935437865000
10935456373000
10935474880000
10935493385000
10935511893000
10935530401000
10935548905000
10935567415000
10935585925000
10935604429000
10935622933000
10935641440000
10935659946000
10935678453000
10935696959000
10935715467000
10935733980000
10935752481000
10935770989000
10935789497000
10935808005000
10935826509000
10935845015000
10935863523000
10935882029000
10935900537000
10935919043000
10935937552000
10935956059000
10935974564000
10935993070000
10936011579000
10936030085000
10936048590000
10936067097000
10936085604000
10936104112000
10936122618000
10936141128000
10936159638000
10936178140000
10936196645000
10936215153000
10936233659000
10936252166000
10936270674000
10936289183000
10936307688000
10936326195000
10936344701000
10936363210000
10936381713000
10936400221000
10936418727000
10936437237000
10936455743000
10936474250000
10936492758000
10936511263000
10936529770000
10936548277000
10936566783000
10936585291000
10936603798000
10936622305000
10936640814000
10936659320000
10936677825000
10936696333000
10936714838000
10936733345000
10936751851000
10936770359000
10936788866000
10936807373000
10936825881000
10936844389000
10936862894000
10936881401000
10936899907000
10936918415000
10936936921000
10936955429000
10936973937000
10936992445000
10937010948000
10937029456000
10937047962000
10937066471000
10937084977000
10937103482000
10937121992000
10937140497000
10937159009000
10937177513000
10937196020000
10937214524000
10937233032000
10937251538000
10937270044000
10937288551000
10937307059000
10937325567000
10937344074000
10937362580000
10937381087000
10937399592000
10937418100000
10937436606000
10937455113000
10937473621000
10937492127000
10937510635000
10937529143000
10937547651000
10937566156000
10937584661000
10937603169000
10937621675000
10937640183000
10937658690000
10937677198000
10937695703000
10937714211000
10937732717000
10937751223000
10937769731000
10937788237000
10937806743000
10937825251000
10937843758000
10937862265000
10937880774000
10937899281000
10937917785000
10937936292000
10937954799000
10937973306000
10937991814000
10938010322000
10938028829000
10938047334000
10938065839000
10938084347000
10938102854000
10938121360000
10938139867000
10938158374000
10938176880000
10938195388000
10938213896000
10938232404000
10938250908000
10938269416000
10938287922000
10938306429000
10938324937000
10938343443000
10938361952000
10938380460000
10938398962000
10938417471000
10938435977000
10938454485000
10938472991000
10938491499000
10938510004000
10938528512000
10938547027000
10938565527000
10938584034000
10938602539000
10938621046000
10938639553000
10938658060000
10938676566000
10938695074000
10938713582000
10938732091000
10938750595000
10938769101000
10938787609000
10938806115000
10938824623000
10938843129000
10938861635000
10938880143000
10938898649000
10938917157000
10938935664000
10938954169000
10938972676000
10938991184000
10939009691000
10939028199000
10939046706000
10939065212000
10939083722000
10939102225000
10939120731000
10939139240000
10939157745000
10939176251000
10939194759000
10939213265000
10939231771000
10939250280000
10939268788000
10939287295000
10939305800000
10939324308000
10939342814000
10939361321000
10939379828000
10939398336000
10939416844000
10939435348000
10939453855000
10939472363000
10939490869000
10939509377000
10939527883000
10939546392000
10939564896000
10939583404000
10939601910000
10939620419000
10939638926000
10939657433000
10939675939000
10939694445000
10939712952000
10939731458000
10939749966000
10939768474000
10939786979000
10939805486000
10939823992000
10939842499000
10939861007000
10939879513000
10939898021000
10939916527000
10939935034000
10939953542000
10939972056000
10939990555000
10940009062000
10940027570000
10940046075000
10940064583000
10940083089000
10940101601000
10940120105000
10940138609000
10940157117000
10940175622000
10940194130000
10940212637000
10940231145000
10940249651000
10940268157000
10940286664000
10940305172000
10940323679000
10940342185000
10940360692000
10940379199000
10940397706000
10940416212000
10940434719000
10940453227000
10940471734000
10940490241000
10940508748000
10940527256000
10940545761000
10940564268000
10940582774000
10940601283000
10940619787000
10940638294000
10940656802000
10940675311000
10940693816000
10940712322000
10940730828000
10940749337000
10940767844000
10940786350000
10940804859000
10940823367000
10940841871000
10940860378000
10940878885000
10940897393000
10940915897000
10940934407000
10940952914000
10940971417000
10940989924000
10941008435000
10941026941000
10941045446000
10941063954000
10941082459000
10941100967000
10941119473000
10941137981000
10941156489000
10941174994000
10941193501000
10941212007000
10941230516000
10941249022000
10941267529000
10941286035000
10941304545000
10941323047000
10941341558000
10941360071000
10941378570000
10941397081000
10941415583000
10941434090000
10941452598000
10941471103000
10941489613000
10941508120000
10941526625000
10941545133000
10941563638000
10941582146000
10941600653000
10941619159000
10941637667000
10941656175000
10941674679000
10941693186000
10941711695000
10941730202000
10941748708000
10941767214000
10941785721000
10941804228000
10941822735000
10941841243000
10941859750000
10941878256000
10941896763000
10941915269000
10941933776000
10941952283000
10941970789000
10941989298000
10942007806000
10942026309000
10942044816000
10942063326000
10942081831000
10942100338000
10942118845000
10942137353000
10942155857000
10942174367000
10942192874000
10942211383000
10942229885000
10942248394000
10942266899000
10942285407000
10942303913000
10942322420000
10942340929000
10942359433000
10942377939000
10942396448000
10942414957000
10942433461000
10942451968000
10942470475000
10942488981000
10942507488000
10942525995000
10942544504000
10942563010000
10942581517000
10942600023000
10942618531000
10942637037000
10942655544000
10942674050000
10942692560000
10942711065000
10942729573000
10942748076000
10942766588000
10942785098000
10942803598000
10942822105000
10942840613000
10942859120000
10942877629000
10942896136000
10942914641000
10942933146000
10942951654000
10942970160000
10942988666000
10943007175000
10943025684000
10943044191000
10943062695000
10943081201000
10943099708000
10943118216000
10943136722000
10943155229000
10943173736000
10943192244000
10943210749000
10943229258000
10943247765000
10943266271000
10943284776000
10943303285000
10943321790000
10943340298000
10943358804000
10943377313000
10943395821000
10943414325000
10943432831000
10943451338000
10943469845000
10943488353000
10943506859000
10943525366000
10943543873000
10943562381000
10943580889000
10943599396000
10943617903000
10943636408000
10943654914000
10943673422000
10943691928000
10943710436000
10943728944000
10943747452000
10943765955000
10943784463000
10943802968000
10943821477000
10943839983000
10943858491000
10943876998000
10943895505000
10943914011000
10943932519000
10943951026000
10943969531000
10943988038000
10944006545000
10944025052000
10944043559000
10944062066000
10944080576000
10944099080000
10944117586000
10944136092000
10944154600000
10944173108000
10944191614000
10944210129000
10944228629000
10944247135000
10944265643000
10944284150000
10944302655000
10944321162000
10944339669000
10944358176000
10944376683000
10944395189000
10944413697000
10944432205000
10944450709000
10944469217000
10944487724000
10944506231000
10944524736000
10944543245000
10944561751000
10944580258000
10944598764000
10944617272000
10944635781000
10944654285000
10944672793000
10944691299000
10944709805000
10944728315000
10944746821000
10944765328000
10944783835000
10944802340000
10944820847000
10944839353000
10944857861000
10944876367000
10944894875000
10944913382000
10944931888000
10944950396000
10944968903000
10944987411000
10945005916000
10945024423000
10945042928000
10945061436000
10945079945000
10945098450000
10945116958000
10945135466000
10945153970000
10945172477000
10945190985000
10945209490000
10945227998000
10945246506000
10945265012000
10945283521000
10945302026000
10945320534000
10945339042000
10945357546000
10945376054000
10945394561000
10945413068000
10945431574000
10945450082000
10945468590000
10945487095000
10945505602000
10945524108000
10945542615000
10945561122000
10945579628000
10945598151000
10945616643000
10945635150000
10945653658000
10945672164000
10945690673000
10945709177000
10945727684000
10945746192000
10945764699000
10945783204000
10945801712000
10945820220000
10945838726000
10945857233000
10945875738000
10945894245000
10945912753000
10945931259000
10945949767000
10945968274000
10945986780000
10946005288000
10946023795000
10946042301000
10946060807000
10946079315000
10946097821000
10946116328000
10946134835000
10946153343000
10946171849000
10946190356000
10946208863000
10946227370000
10946245876000
10946264382000
10946282890000
10946301397000
10946319902000
10946338410000
10946356918000
10946375427000
10946393930000
10946412439000
10946430946000
10946449451000
10946467960000
10946486466000
10946504973000
10946523483000
10946541987000
10946560493000
10946579001000
10946597506000
10946616012000
10946634520000
10946653027000
10946671534000
10946690041000
10946708550000
10946727057000
10946745562000
10946764069000
10946782576000
10946801082000
10946819590000
10946838096000
10946856605000
10946875112000
10946893616000
10946912123000
10946930630000
10946949136000
10946967644000
10946986155000
10947004658000
10947023165000
10947041673000
10947060180000
10947078689000
10947097192000
10947115699000
10947134205000
10947152713000
10947171220000
10947189728000
10947208236000
10947226740000
10947245247000
10947263753000
10947282260000
10947300767000
10947319274000
10947337782000
10947356288000
10947374795000
10947393303000
10947411810000
10947430318000
10947448822000
10947467329000
10947485836000
10947504343000
10947522850000
10947541359000
10947559867000
10947578371000
10947596878000
10947615384000
10947633890000
10947652397000
10947670904000
10947689412000
10947707918000
10947726426000
10947744934000
10947763442000
10947781945000
10947800453000
10947818959000
10947837467000
10947855974000
10947874482000
10947892989000
10947911497000
10947930002000
10947948508000
10947967015000
10947985521000
10948004027000
10948022535000
10948041042000
10948059549000
10948078056000
10948096565000
10948115072000
10948133577000
10948152083000
10948170591000
10948189098000
10948207604000
10948226112000
10948244620000
10948263127000
10948281633000
10948300139000
10948318646000
10948337153000
10948355659000
10948374165000
10948392674000
10948411187000
10948429688000
10948448195000
10948466703000
10948485208000
10948503714000
10948522222000
10948540730000
10948559235000
10948577742000
10948596252000
10948614756000
10948633262000
10948651770000
10948670276000
10948688783000
10948707290000
10948725795000
10948744304000
10948762811000
10948781318000
10948799825000
10948818333000
10948836838000
10948855345000
10948873853000
10948892358000
10948910866000
10948929374000
10948947881000
10948966386000
10948984892000
10949003400000
10949021906000
10949040414000
10949058920000
10949077427000
10949095934000
10949114442000
10949132948000
10949151456000
10949169960000
10949188468000
10949206975000
10949225482000
10949243989000
10949262497000
10949281003000
10949299514000
10949318016000
10949336523000
10949355032000
10949373537000
10949392044000
10949410551000
10949429057000
10949447563000
10949466070000
10949484579000
10949503087000
10949521594000
10949540099000
10949558606000
10949577113000
10949595619000
10949614128000
10949632635000
10949651142000
10949669647000
10949688153000
10949706661000
10949725167000
10949743675000
10949762185000
10949780688000
10949799194000
10949817702000
10949836215000
10949854718000
10949873225000
10949891731000
10949910237000
10949928744000
10949947250000
10949965759000
10949984265000
10950002773000
10950021278000
10950039785000
10950058291000
10950076797000
10950095305000
10950113812000
10950132318000
10950150824000
10950169333000
10950187840000
10950206349000
10950224857000
10950243360000
10950261867000
10950280374000
10950298880000
10950317388000
10950335897000
10950354401000
10950372908000
10950391415000
10950409922000
10950428428000
10950446936000
10950465443000
10950483949000
10950502455000
10950520963000
10950539472000
10950557979000
10950576484000
10950594991000
10950613497000
10950632005000
10950650511000
10950669019000
10950687527000
10950706032000
10950724540000
10950743046000
10950761552000
10950780059000
10950798566000
10950817073000
10950835579000
10950854086000
10950872595000
10950891101000
10950909607000
10950928115000
10950946622000
10950965129000
10950983635000
10951002141000
10951020650000
10951039157000
10951057662000
10951076170000
10951094677000
10951113182000
10951131689000
10951150197000
10951168705000
10951187209000
10951205719000
10951224229000
10951242733000
10951261241000
10951279746000
10951298250000
10951316758000
10951335265000
10951353773000
10951372281000
10951390789000
10951409293000
10951427800000
10951446307000
10951464815000
10951483320000
10951501827000
10951520336000
10951538841000
10951557347000
10951575857000
10951594363000
10951612868000
10951631375000
10951649881000
10951668389000
10951686895000
10951705404000
10951723911000
10951742420000
10951760924000
10951779430000
10951797938000
10951816443000
10951834950000
10951853458000
10951871965000
10951890471000
10951908978000
10951927488000
10951945994000
10951964498000
10951983006000
10952001512000
10952020018000
10952038526000
10952057033000
10952075543000
10952094047000
10952112554000
10952131060000
10952149569000
10952168073000
10952186581000
10952205088000
10952223598000
10952242101000
10952260609000
10952279117000
10952297622000
10952316128000
10952334636000
10952353142000
10952371650000
10952390156000
10952408665000
10952427172000
10952445678000
10952464185000
10952482691000
10952501198000
10952519705000
10952538211000
10952556722000
10952575228000
10952593732000
10952612239000
10952630748000
10952649258000
10952667759000
10952686266000
10952704775000
10952723280000
10952741787000
10952760296000
10952778805000
10952797308000
10952815814000
10952834322000
10952852829000
10952871335000
10952889842000
10952908352000
10952926858000
10952945362000
10952963869000
10952982380000
10953000882000
10953019391000
10953037898000
10953056404000
10953074911000
10953093419000
10953111927000
10953130433000
10953148938000
10953167444000
10953185951000
10953204459000
10953222965000
10953241473000
10953259983000
10953278487000
10953296992000
10953315500000
10953334009000
10953352514000
10953371021000
10953389528000
10953408034000
10953426541000
10953445049000
10953463557000
10953482061000
10953500568000
10953519077000
10953537582000
10953556089000
10953574597000
10953593105000
10953611612000
10953630117000
10953648623000
10953667130000
10953685640000
10953704143000
10953722650000
10953741158000
10953759665000
10953778171000
10953796679000
10953815188000
10953833692000
10953852198000
10953870710000
10953889213000
10953907720000
10953926227000
10953944735000
10953963243000
10953981748000
10954000253000
10954018760000
10954037282000
10954055776000
10954074286000
10954092790000
10954111295000
10954129803000
10954148310000
10954166818000
10954185323000
10954203829000
10954222337000
10954240844000
10954259351000
10954277857000
10954296365000
10954314872000
10954333379000
10954351884000
10954370391000
10954388898000
10954407405000
10954425912000
10954444420000
10954462926000
10954481433000
10954499940000
10954518448000
10954536953000
10954555460000
10954573968000
10954592476000
10954610981000
10954629490000
10954647996000
10954666504000
10954685009000
10954703515000
10954722021000
10954740528000
10954759035000
10954777543000
10954796050000
10954814556000
10954833064000
10954851571000
10954870079000
10954888583000
10954907090000
10954925598000
10954944108000
10954962613000
10954981119000
10954999627000
10955018133000
10955036640000
10955055146000
10955073652000
10955092159000
10955110667000
10955129173000
10955147680000
10955166187000
10955184694000
10955203203000
10955221708000
10955240214000
10955258721000
10955277228000
10955295734000
10955314243000
10955332749000
10955351257000
10955369762000
10955388269000
10955406776000
10955425282000
10955443789000
10955462308000
10955480803000
10955499310000
10955517817000
10955536325000
10955554834000
10955573338000
10955591845000
10955610351000
10955628862000
10955647365000
10955665872000
10955684380000
10955702888000
10955721394000
10955739900000
10955758406000
10955776913000
10955795421000
10955813926000
10955832434000
10955850940000
10955869448000
10955887956000
10955906464000
10955924968000
10955943476000
10955961982000
10955980489000
10955998996000
10956017504000
10956036010000
10956054520000
10956073023000
10956091530000
10956110037000
10956128543000
10956147050000
10956165558000
10956184066000
10956202571000
10956221079000
10956239586000
10956258094000
10956276599000
10956295105000
10956313613000
10956332119000
10956350627000
10956369134000
10956387642000
10956406146000
10956424655000
10956443160000
10956461669000
10956480174000
10956498682000
10956517189000
10956535695000
10956554203000
10956572709000
10956591217000
10956609725000
10956628229000
10956646736000
10956665242000
10956683750000
10956702257000
10956720766000
10956739274000
10956757778000
10956776285000
10956794792000
10956813298000
10956831805000
10956850313000
10956868819000
10956887327000
10956905833000
10956924340000
10956942848000
10956961353000
10956979860000
10956998367000
10957016873000
10957035380000
10957053888000
10957072395000
10957090902000
10957109408000
10957127916000
10957146423000
10957164928000
10957183437000
10957201941000
10957220449000
10957238957000
10957257463000
10957275971000
10957294479000
10957312985000
10957331491000
10957349997000
10957368504000
10957387012000
10957405519000
10957424026000
10957442534000
10957461039000
10957479545000
10957498051000
10957516558000
10957535066000
10957553572000
10957572080000
10957590587000
10957609095000
10957627602000
10957646109000
10957664614000
10957683120000
10957701628000
10957720134000
10957738642000
10957757149000
10957775656000
10957794164000
10957812670000
10957831175000
10957849683000
10957868189000
10957886697000
10957905203000
10957923711000
10957942217000
10957960725000
10957979233000
10957997741000
10958016244000
10958034751000
10958053259000
10958071766000
10958090271000
10958108780000
10958127287000
10958145792000
10958164298000
10958182808000
10958201313000
10958219820000
10958238327000
10958256833000
10958275346000
10958293847000
10958312355000
10958330864000
10958349371000
10958367875000
10958386382000
10958404889000
10958423396000
10958441903000
10958460410000
10958478919000
10958497424000
10958515930000
10958534437000
10958552943000
10958571450000
10958589957000
10958608465000
10958626970000
10958645478000
10958663985000
10958682494000
10958700999000
10958719505000
10958738013000
10958756519000
10958775026000
10958793533000
10958812042000
10958830549000
10958849054000
10958867560000
10958886067000
10958904576000
10958923081000
10958941588000
10958960095000
10958978602000
10958997108000
10959015616000
10959034124000
10959052629000
10959071136000
10959089643000
10959108150000
10959126658000
10959145165000
10959163672000
10959182179000
10959200684000
10959219192000
10959237698000
10959256205000
10959274711000
10959293219000
10959311725000
10959330233000
10959348740000
10959367247000
10959385757000
10959404259000
10959422766000
10959441273000
10959459782000
10959478288000
10959496795000
10959515302000
10959533812000
10959552316000
10959570822000
10959589328000
10959607837000
10959626342000
10959644848000
10959663354000
10959681863000
10959700380000
10959718878000
10959737387000
10959755890000
10959774397000
10959792904000
10959811411000
10959829918000
10959848425000
10959866935000
10959885439000
10959903945000
10959922452000
10959940958000
10959959465000
10959977973000
10959996479000
10960014985000
10960033493000
10960052002000
10960070509000
10960089015000
10960107520000
10960126028000
10960144534000
10960163041000
10960181548000
10960200057000
10960218565000
10960237069000
10960255576000
10960274084000
10960292589000
10960311096000
10960329604000
10960348109000
10960366616000
10960385124000
10960403632000
10960422139000
10960440644000
10960459152000
10960477659000
10960496165000
10960514672000
10960533179000
10960551688000
10960570195000
10960588699000
10960607207000
10960625714000
10960644219000
10960662728000
10960681234000
10960699740000
10960718247000
10960736756000
10960755264000
10960773771000
10960792274000
10960810781000
10960829290000
10960847795000
10960866302000
10960884811000
10960903318000
10960921825000
10960940329000
10960958837000
10960977344000
10960995851000
10961014358000
10961032867000
10961051371000
10961069877000
10961088385000
10961106893000
10961125401000
10961143907000
10961162412000
10961180919000
10961199427000
10961217933000
10961236440000
10961254948000
10961273454000
10961291961000
10961310467000
10961328975000
10961347480000
10961365988000
10961384496000
10961403000000
10961421508000
10961440017000
10961458525000
10961477031000
10961495538000
10961514043000
10961532551000
10961551058000
10961569564000
10961588070000
10961606579000
10961625084000
10961643590000
10961662099000
10961680604000
10961699111000
10961717619000
10961736125000
10961754632000
10961773137000
10961791648000
10961810154000
10961828660000
10961847166000
10961865673000
10961884179000
10961902687000
10961921194000
10961939702000
10961958210000
10961976715000
10961995222000
10962013728000
10962032235000
10962050742000
10962069248000
10962087757000
10962106261000
10962124769000
10962143277000
10962161787000
10962180289000
10962198797000
10962217304000
10962235811000
10962254317000
10962272824000
10962291333000
10962309840000
10962328346000
10962346852000
10962365360000
10962383867000
10962402373000
10962420880000
10962439387000
10962457892000
10962476399000
10962494908000
10962513415000
10962531922000
10962550427000
10962568935000
10962587441000
10962605948000
10962624456000
10962642963000
10962661471000
10962679977000
10962698482000
10962716990000
10962735496000
10962754003000
10962772510000
10962791018000
10962809522000
10962828029000
10962846540000
10962865046000
10962883551000
10962902058000
10962920565000
10962939072000
10962957578000
10962976085000
10962994594000
10963013098000
10963031606000
10963050113000
10963068620000
10963087127000
10963105634000
10963124141000
10963142649000
10963161155000
10963179661000
10963198169000
10963216679000
10963235188000
10963253688000
10963272195000
10963290703000
10963309209000
10963327717000
10963346226000
10963364729000
10963383237000
10963401745000
10963420251000
10963438758000
10963457264000
10963475773000
10963494280000
10963512784000
10963531291000
10963549800000
10963568307000
10963586812000
10963605318000
10963623826000
10963642333000
10963660840000
10963679347000
10963697855000
10963716361000
10963734868000
10963753373000
10963771881000
10963790387000
10963808895000
10963827404000
10963845910000
10963864414000
10963882923000
10963901439000
10963919935000
10963938442000
10963956949000
10963975457000
10963993964000
10964012470000
10964030979000
10964049486000
10964067991000
10964086497000
10964105004000
10964123511000
10964142019000
10964160527000
10964179034000
10964197538000
10964216044000
10964234552000
10964253061000
10964271566000
10964290073000
10964308580000
10964327086000
10964345594000
10964364101000
10964382611000
10964401119000
10964419622000
10964438127000
10964456634000
10964475141000
10964493649000
10964512158000
10964530664000
10964549171000
10964567678000
10964586183000
10964604698000
10964623197000
10964641704000
10964660211000
10964678719000
10964697224000
10964715732000
10964734239000
10964752745000
10964771251000
10964789759000
10964808265000
10964826772000
10964845280000
10964863786000
10964882294000
10964900800000
10964919306000
10964937813000
10964956319000
10964974828000
10964993338000
10965011842000
10965030347000
10965048872000
10965067362000
10965085870000
10965104374000
10965122882000
10965141389000
10965159898000
10965178402000
10965196910000
10965215418000
10965233926000
10965252430000
10965270936000
10965289443000
10965307950000
10965326466000
10965344964000
10965363471000
10965381979000
10965400485000
10965418994000
10965437501000
10965456005000
10965474513000
10965493021000
10965511526000
10965530032000
10965548541000
10965567047000
10965585556000
10965604060000
10965622568000
10965641074000
10965659582000
10965678089000
10965696595000
10965715102000
10965733608000
10965752115000
10965770624000
10965789132000
10965807636000
10965826144000
10965844650000
10965863156000
10965881664000
10965900172000
10965918680000
10965937186000
10965955691000
10965974197000
10965992705000
10966011212000
10966029719000
10966048227000
10966066735000
10966085241000
10966103748000
10966122255000
10966140761000
10966159267000
10966177773000
10966196280000
10966214789000
10966233294000
10966251802000
10966270311000
10966288816000
10966307322000
10966325829000
10966344334000
10966362842000
10966381349000
10966399857000
10966418362000
10966436871000
10966455377000
10966473886000
10966492390000
10966510897000
10966529404000
10966547910000
10966566417000
10966584925000
10966603433000
10966621940000
10966640446000
10966658953000
10966677458000
10966695966000
10966714474000
10966732980000
10966751486000
10966769993000
10966788500000
10966807011000
10966825517000
10966844022000
10966862528000
10966881035000
10966899541000
10966918050000
10966936557000
10966955064000
10966973574000
10966992076000
10967010584000
10967029088000
10967047596000
10967066103000
10967084610000
10967103117000
10967121625000
10967140131000
10967158639000
10967177148000
10967195652000
10967214157000
10967232665000
10967251173000
10967269681000
10967288186000
10967306694000
10967325202000
10967343707000
10967362214000
10967380720000
10967399225000
10967417733000
10967436240000
10967454747000
10967473260000
10967491763000
10967510271000
10967528778000
10967547281000
10967565788000
10967584295000
10967602802000
10967621309000
10967639817000
10967658328000
10967676830000
10967695336000
10967713845000
10967732350000
10967750857000
10967769364000
10967787871000
10967806377000
10967824885000
10967843393000
10967861902000
10967880406000
10967898912000
10967917420000
10967935927000
10967954433000
10967972940000
10967991448000
10968009956000
10968028461000
10968046968000
10968065475000
10968083980000
10968102487000
10968120994000
10968139506000
10968158009000
10968176515000
10968195024000
10968213531000
10968232036000
10968250543000
10968269050000
10968287557000
10968306064000
10968324571000
10968343077000
10968361587000
10968380090000
10968398597000
10968417104000
10968435611000
10968454117000
10968472625000
10968491133000
10968509640000
10968528146000
10968546654000
10968565161000
10968583666000
10968602173000
10968620680000
10968639187000
10968657696000
10968676200000
10968694710000
10968713217000
10968731723000
10968750229000
10968768735000
10968787241000
10968805748000
10968824254000
10968842762000
10968861269000
10968879776000
10968898284000
10968916792000
10968935297000
10968953804000
10968972311000
10968990818000
10969009323000
10969027832000
10969046341000
10969064845000
10969083352000
10969101858000
10969120366000
10969138872000
10969157379000
10969175886000
10969194393000
10969212900000
10969231407000
10969249916000
10969268422000
10969286927000
10969305434000
10969323942000
10969342449000
10969360956000
10969379463000
10969397971000
10969416477000
10969434983000
10969453489000
10969471997000
10969490502000
10969509010000
10969527521000
10969546023000
10969564530000
10969583038000
10969601546000
10969620052000
10969638558000
10969657066000
10969675571000
10969694080000
10969712586000
10969731094000
10969749601000
10969768106000
10969786613000
10969805119000
10969823626000
10969842133000
10969860640000
10969879147000
10969897654000
10969916161000
10969934668000
10969953177000
10969971682000
10969990188000
10970008696000
10970027202000
10970045709000
10970064215000
10970082724000
10970101233000
10970119737000
10970138242000
10970156752000
10970175258000
10970193763000
10970212270000
10970230778000
10970249284000
10970267791000
10970286300000
10970304807000
10970323312000
10970341819000
10970360326000
10970378832000
10970397339000
10970415847000
10970434355000
10970452863000
10970471366000
10970489874000
10970508380000
10970526887000
10970545395000
10970563901000
10970582409000
10970600915000
10970619423000
10970637930000
10970656438000
10970674943000
10970693450000
10970711956000
10970730463000
10970748971000
10970767477000
10970785986000
10970804490000
10970823000000
10970841506000
10970860013000
10970878519000
10970897025000
10970915531000
10970934038000
10970952552000
10970971053000
10970989561000
10971008070000
10971026573000
10971045082000
10971063586000
10971082093000
10971100600000
10971119109000
10971137616000
10971156122000
10971174628000
10971193134000
10971211642000
10971230149000
10971248658000
10971267161000
10971285670000
10971304176000
10971322684000
10971341193000
10971359697000
10971378203000
10971396710000
10971415217000
10971433724000
10971452230000
10971470739000
10971489247000
10971507754000
10971526259000
10971544765000
10971563273000
10971581779000
10971600286000
10971618793000
10971637299000
10971655807000
10971674314000
10971692824000
10971711328000
10971729834000
10971748341000
10971766849000
10971785356000
10971803862000
10971822369000
10971840877000
10971859384000
10971877890000
10971896397000
10971914903000
10971933409000
10971951917000
10971970423000
10971988930000
10972007438000
10972025945000
10972044452000
10972062957000
10972081464000
10972099971000
10972118478000
10972136985000
10972155492000
10972174001000
10972192507000
10972211012000
10972229519000
10972248026000
10972266534000
10972285040000
10972303548000
10972322054000
10972340561000
10972359069000
10972377577000
10972396084000
10972414588000
10972433096000
10972451602000
10972470110000
10972488616000
10972507123000
10972525632000
10972544137000
10972562644000
10972581149000
10972599657000
10972618163000
10972636671000
10972655179000
10972673684000
10972692193000
10972710699000
10972729206000
10972747711000
10972766218000
10972784726000
10972803233000
10972821741000
10972840247000
10972858755000
10972877263000
10972895766000
10972914274000
10972932781000
10972951287000
10972969794000
10972988300000
10973006809000
10973025313000
10973043822000
10973062329000
10973080838000
10973099342000
10973117849000
10973136356000
10973154863000
10973173371000
10973191877000
10973210386000
10973228892000
10973247398000
10973265905000
10973284412000
10973302918000
10973321425000
10973339933000
10973358440000
10973376946000
10973395452000
10973413960000
10973432467000
10973450973000
10973469480000
10973487986000
10973506493000
10973525001000
10973543507000
10973562018000
10973580523000
10973599029000
10973617534000
10973636041000
10973654548000
10973673055000
10973691563000
10973710071000
10973728577000
10973747082000
10973765597000
10973784099000
10973802603000
10973821110000
10973839617000
10973858124000
10973876631000
10973895140000
10973913646000
10973932152000
10973950659000
10973969167000
10973987672000
10974006178000
10974024686000
10974043193000
10974061702000
10974080205000
10974098713000
10974117222000
10974135727000
10974154233000
10974172741000
10974191247000
10974209756000
10974228263000
10974246769000
10974265278000
10974283783000
10974302288000
10974320796000
10974339302000
10974357810000
10974376317000
10974394825000
10974413333000
10974431837000
10974450344000
10974468857000
10974487358000
10974505864000
10974524371000
10974542878000
10974561385000
10974579892000
10974598401000
10974616908000
10974635412000
10974653919000
10974672427000
10974690933000
10974709440000
10974727949000
10974746454000
10974764963000
10974783467000
10974838989000
10974857495000
10974876001000
10974894508000
10974913015000
10974931522000
10974950031000
10974968539000
10974987043000
10975005550000
10975024058000
10975042563000
10975061071000
10975079578000
10975098085000
10975116594000
10975135099000
10975153605000
10975172115000
10975190625000
10975209127000
10975227633000
10975246139000
10975264645000
10975283154000
10975301662000
10975320169000
10975338674000
10975357181000
10975375687000
10975394193000
10975412700000
10975431208000
10975449716000
10975468220000
10975486728000
10975505234000
10975523746000
10975542248000
10975560755000
10975579264000
10975597770000
10975616276000
10975634784000
10975653292000
10975671798000
10975690304000
10975708811000
10975727318000
10975745824000
10975764330000
10975782840000
10975801350000
10975819852000
10975838358000
10975856865000
10975875373000
10975893879000
10975912386000
10975930892000
10975949401000
10975967907000
10975986415000
10976004924000
10976023426000
10976041934000
10976060442000
10976078948000
10976097457000
10976115965000
10976134469000
10976152978000
10976171482000
10976189990000
10976208495000
10976227002000
10976245510000
10976264017000
10976282523000
10976301030000
10976319538000
10976338046000
10976356553000
10976375059000
10976393565000
10976412072000
10976430578000
10976449085000
10976467592000
10976486101000
10976504609000
10976523113000
10976541620000
10976560126000
10976578642000
10976597141000
10976615655000
10976634154000
10976652662000
10976671168000
10976689676000
10976708187000
10976726688000
10976745195000
10976763702000
10976782209000
10976800716000
10976819223000
10976837733000
10976856236000
10976874743000
10976893248000
10976911756000
10976930263000
10976948770000
10976967277000
10976985784000
10977004291000
10977022800000
10977041308000
10977059812000
10977078318000
10977096826000
10977115333000
10977133840000
10977152346000
10977170854000
10977189362000
10977207867000
10977226375000
10977244881000
10977263386000
10977281894000
10977300402000
10977318909000
10977337415000
10977355922000
10977374430000
10977392940000
10977411443000
10977429949000
10977448456000
10977466963000
10977485469000
10977503978000
10977522484000
10977540993000
10977559498000
10977578005000
10977596510000
10977615017000
10977633524000
10977652033000
10977670538000
10977689045000
10977707553000
10977726061000
10977744567000
10977763073000
10977781579000
10977800087000
10977818596000
10977837100000
10977855608000
10977874117000
10977892623000
10977911128000
10977929635000
10977948141000
10977966647000
10977985156000
10978003677000
10978022169000
10978040681000
10978059184000
10978077691000
10978096199000
10978114711000
10978133210000
10978151717000
10978170225000
10978188731000
10978207239000
10978225746000
10978244255000
10978262758000
10978281265000
10978299772000
10978318278000
10978336785000
10978355295000
10978373801000
10978392307000
10978410814000
10978429321000
10978447830000
10978466334000
10978484841000
10978503348000
10978521854000
10978540361000
10978558869000
10978577378000
10978595882000
10978614388000
10978632896000
10978651402000
10978669909000
10978688415000
10978706925000
10978725432000
10978743937000
10978762445000
10978780952000
10978799459000
10978817964000
10978836472000
10978854979000
10978873486000
10978891994000
10978910499000
10978929009000
10978947512000
10978966019000
10978984526000
10979003034000
10979021539000
10979040047000
10979058554000
10979077061000
10979095567000
10979114076000
10979132584000
10979151089000
10979169594000
10979188102000
10979206610000
10979225117000
10979243624000
10979262131000
10979280638000
10979299143000
10979317651000
10979336158000
10979354665000
10979373171000
10979391694000
10979410184000
10979428691000
10979447198000
10979465706000
10979484215000
10979502719000
10979521228000
10979539733000
10979558240000
10979576746000
10979595253000
10979613761000
10979632268000
10979650775000
10979669281000
10979687787000
10979706293000
10979724801000
10979743307000
10979761816000
10979780321000
10979798829000
10979817336000
10979835844000
10979854350000
10979872866000
10979891362000
10979909870000
10979928386000
10979946884000
10979965392000
10979983901000
10980002405000
10980020911000
10980039418000
10980057923000
10980076430000
10980094937000
10980113445000
10980131953000
10980150460000
10980168967000
10980187476000
10980205980000
10980224487000
10980242994000
10980261500000
10980280007000
10980298515000
10980317023000
10980335527000
10980354035000
10980372542000
10980391049000
10980409555000
10980428061000
10980446567000
10980465075000
10980483582000
10980502091000
10980520598000
10980539103000
10980557609000
10980576118000
10980594624000
10980613131000
10980631638000
10980650145000
10980668653000
10980687159000
10980705667000
10980724171000
10980742679000
10980761187000
10980779691000
10980798201000
10980816712000
10980835214000
10980853722000
10980872229000
10980890734000
10980909241000
10980927748000
10980946255000
10980964761000
10980983268000
10981001776000
10981020284000
10981038789000
10981057296000
10981075802000
10981094308000
10981112815000
10981131321000
10981149830000
10981168336000
10981186844000
10981205352000
10981223860000
10981242364000
10981260871000
10981279378000
10981297885000
10981316391000
10981334900000
10981353407000
10981371915000
10981390420000
10981408926000
10981427432000
10981445940000
10981464446000
10981482953000
10981501460000
10981519969000
10981538474000
10981556983000
10981575489000
10981593996000
10981612501000
10981631010000
10981649515000
10981668022000
10981686530000
10981705039000
10981723542000
10981742050000
10981760556000
10981779063000
10981797571000
10981816077000
10981834583000
10981853091000
10981871598000
10981890105000
10981908613000
10981927121000
10981945626000
10981964133000
10981982638000
10982001147000
10982019653000
10982038161000
10982056668000
10982075175000
10982093681000
10982112188000
10982130693000
10982149201000
10982167707000
10982186216000
10982204721000
10982223230000
10982241740000
10982260244000
10982278749000
10982297257000
10982315762000
10982334270000
10982352777000
10982371285000
10982389792000
10982408300000
10982426804000
10982445311000
10982463818000
10982482324000
10982500831000
10982519339000
10982537844000
10982556351000
10982574859000
10982593366000
10982611874000
10982630379000
10982648886000
10982667394000
10982685902000
10982704407000
10982722914000
10982741422000
10982759930000
10982778436000
10982796941000
10982815447000
10982833955000
10982852462000
10982870969000
10982889475000
10982907983000
10982926489000
10982944999000
10982963505000
10982982010000
10983000517000
10983019023000
10983037532000
10983056038000
10983074544000
10983093054000
10983111561000
10983130066000
10983148571000
10983167079000
10983185585000
10983204093000
10983222601000
10983241106000
10983259612000
10983278120000
10983296627000
10983315136000
10983333640000
10983352147000
10983370654000
10983389162000
10983407667000
10983426175000
10983444684000
10983463189000
10983481695000
10983500202000
10983518708000
10983537216000
10983555722000
10983574231000
10983592736000
10983611243000
10983629759000
10983648259000
10983666767000
10983685271000
10983703778000
10983722286000
10983740792000
10983759299000
10983777806000
10983796314000
10983814819000
10983833326000
10983851833000
10983870339000
10983888847000
10983907353000
10983925861000
10983944365000
10983962873000
10983981381000
10983999890000
10984018394000
10984036901000
10984055408000
10984073915000
10984092422000
10984110929000
10984129437000
10984147945000
10984166449000
10984184956000
10984203463000
10984221971000
10984240476000
10984258985000
10984277492000
10984295997000
10984314504000
10984333013000
10984351521000
10984370025000
10984388532000
10984407039000
10984425545000
10984444054000
10984462559000
10984481067000
10984499575000
10984518080000
10984536587000
10984555094000
10984573601000
10984592108000
10984610615000
10984629123000
10984647626000
10984666134000
10984684642000
10984703152000
10984721655000
10984740162000
10984758671000
10984777176000
10984795682000
10984814191000
10984832698000
10984851207000
10984869711000
10984888217000
10984906724000
10984925232000
10984943738000
10984962246000
10984980754000
10984999258000
10985017764000
10985036275000
10985054786000
10985073286000
10985091792000
10985110299000
10985128806000
10985147313000
10985165821000
10985184331000
10985202835000
10985221343000
10985239848000
10985258356000
10985276861000
10985295369000
10985313876000
10985332383000
10985350888000
10985369395000
10985387904000
10985406409000
10985424919000
10985443423000
10985461930000
10985480437000
10985498944000
10985517452000
10985535960000
10985554464000
10985572973000
10985591479000
10985609985000
10985628492000
10985646999000
10985665507000
10985684016000
10985702520000
10985721026000
10985739537000
10985758040000
10985776546000
10985795055000
10985813560000
10985832067000
10985850575000
10985869085000
10985887591000
10985906096000
10985924601000
10985943109000
10985961616000
10985980122000
10985998629000
10986017138000
10986035645000
10986054149000
10986072655000
10986091166000
10986109672000
10986128178000
10986146684000
10986165191000
10986183698000
10986202205000
10986220713000
10986239221000
10986257725000
10986276233000
10986294739000
10986313248000
10986331752000
10986350261000
10986368767000
10986387275000
10986405781000
10986424286000
10986442806000
10986461301000
10986479807000
10986498314000
10986516821000
10986535328000
10986553836000
10986572344000
10986590851000
10986609356000
10986627863000
10986646369000
10986664877000
10986683383000
10986701891000
10986720399000
10986738904000
10986757409000
10986775917000
10986794427000
10986812932000
10986831438000
10986849946000
10986868451000
10986886959000
10986905467000
10986923975000
10986942479000
10986960986000
10986979494000
10986998000000
10987016507000
10987035016000
10987053521000
10987072029000
10987090534000
10987109042000
10987127548000
10987146054000
10987164561000
10987183070000
10987201575000
10987220082000
10987238590000
10987257099000
10987275605000
10987294111000
10987312617000
10987331123000
10987349630000
10987368137000
10987386645000
10987405154000
10987423660000
10987442167000
10987460671000
10987479178000
10987497685000
10987516193000
10987534699000
10987553206000
10987571713000
10987590221000
10987608728000
10987627236000
10987645742000
10987664248000
10987682755000
10987701262000
10987719768000
10987738276000
10987756782000
10987775291000
10987793795000
10987812303000
10987830808000
10987849316000
10987867827000
10987886331000
10987904837000
10987923345000
10987941852000
10987960358000
10987978866000
10987997372000
10988015878000
10988034385000
10988052892000
10988071398000
10988089906000
10988108414000
10988126919000
10988145425000
10988163932000
10988182440000
10988200946000
10988219454000
10988237960000
10988256467000
10988274974000
10988293481000
10988311989000
10988330496000
10988349004000
10988367509000
10988386016000
10988404524000
10988423029000
10988441537000
10988460044000
10988478548000
10988497057000
10988515563000
10988534069000
10988552576000
10988571084000
10988589592000
10988608098000
10988626605000
10988645112000
10988663619000
10988682125000
10988700632000
10988719139000
10988737645000
10988756153000
10988774658000
10988793167000
10988811675000
10988830180000
10988848687000
10988867193000
10988885700000
10988904207000
10988922716000
10988941222000
10988959727000
10988978235000
10988996744000
10989015251000
10989033756000
10989052263000
10989070770000
10989089278000
10989107782000
10989126290000
10989144798000
10989163306000
10989181811000
10989200317000
10989218823000
10989237331000
10989255850000
10989274345000
10989292856000
10989311359000
10989329867000
10989348374000
10989366881000
10989385387000
10989403894000
10989422401000
10989440907000
10989459415000
10989477921000
10989496428000
10989514937000
10989533441000
10989551947000
10989570454000
10989588962000
10989607467000
10989625976000
10989644482000
10989662988000
10989681497000
10989700005000
10989718511000
10989737016000
10989755524000
10989774030000
10989792536000
10989811044000
10989829552000
10989848059000
10989866565000
10989885071000
10989903578000
10989922085000
10989940592000
10989959098000
10989977606000
10989996112000
10990014619000
10990033128000
10990051635000
10990070140000
10990088647000
10990107156000
10990125664000
10990144170000
10990162675000
10990199692000
10990218195000
10990236702000
10990255209000
10990273714000
10990292222000
10990310728000
10990329236000
10990347743000
10990366251000
10990384757000
10990403266000
10990421771000
10990440277000
10990458784000
10990477292000
10990495797000
10990514305000
10990532812000
10990551321000
10990569825000
10990588333000
10990606840000
10990625346000
10990643851000
10990662359000
10990680873000
10990699374000
10990717880000
10990736388000
10990754897000
10990773401000
10990791908000
10990810416000
10990828922000
10990847429000
10990865936000
10990884444000
10990902951000
10990921456000
10990939964000
10990958469000
10990976976000
10990995482000
10991013990000
10991032497000
10991051004000
10991069511000
10991088019000
10991106526000
10991125033000
10991143538000
10991162045000
10991180552000
10991199059000
10991217567000
10991236074000
10991254581000
10991273086000
10991291593000
10991310100000
10991328606000
10991347114000
10991365621000
10991384128000
10991402634000
10991421144000
10991439651000
10991458158000
10991476662000
10991495168000
10991513677000
10991532182000
10991550690000
10991569197000
10991587706000
10991606211000
10991624716000
10991643224000
10991661730000
10991680237000
10991698743000
10991717250000
10991735758000
10991754266000
10991772774000
10991791280000
10991809785000
10991828292000
10991846799000
10991865310000
10991883814000
10991902320000
10991920827000
10991939337000
10991957841000
10991976347000
10991994853000
10992013361000
10992031867000
10992050374000
10992068881000
10992087389000
10992105895000
10992124403000
10992142912000
10992161417000
10992179923000
10992198430000
10992216938000
10992235444000
10992253951000
10992272458000
10992290966000
10992309471000
10992327978000
10992346484000
10992364992000
10992383497000
10992402004000
10992420512000
10992439019000
10992457527000
10992476034000
10992494541000
10992513047000
10992531553000
10992550061000
10992568567000
10992587074000
10992605582000
10992624089000
10992642597000
10992661102000
10992679608000
10992698115000
10992716622000
10992735128000
10992753635000
10992772143000
10992790650000
10992809158000
10992827664000
10992846173000
10992864676000
10992883184000
10992901691000
10992920198000
10992938706000
10992957212000
10992975722000
10992994225000
10993012732000
10993031239000
10993049746000
10993068253000
10993086760000
10993105267000
10993123773000
10993142281000
10993160788000
10993179296000
10993197802000
10993216307000
10993234814000
10993253323000
10993271828000
10993290336000
10993308842000
10993327352000
10993345857000
10993364363000
10993382869000
10993401378000
10993419883000
10993438390000
10993456896000
10993475403000
10993493916000
10993512418000
10993530926000
10993549431000
10993567939000
10993586445000
10993604953000
10993623459000
10993641966000
10993660474000
10993678982000
10993697486000
10993715993000
10993734499000
10993753007000
10993771514000
10993790022000
10993808527000
10993827035000
10993845541000
10993864049000
10993882557000
10993901061000
10993919569000
10993938075000
10993956582000
10993975089000
10993993596000
10994012104000
10994030611000
10994049116000
10994067624000
10994086130000
10994104638000
10994123144000
10994141652000
10994160158000
10994178663000
10994197173000
10994215680000
10994234189000
10994252692000
10994271199000
10994289706000
10994308214000
10994326719000
10994345228000
10994363734000
10994382244000
10994400746000
10994419254000
10994437760000
10994456268000
10994474775000
10994493284000
10994511788000
10994530294000
10994548802000
10994567311000
10994585818000
10994604322000
10994622829000
10994641336000
10994659842000
10994678350000
10994696858000
10994715367000
10994733871000
10994752379000
10994770885000
10994789393000
10994807898000
10994826406000
10994844912000
10994863418000
10994881926000
10994900435000
10994918942000
10994937447000
10994955955000
10994974461000
10994992967000
10995011475000
10995029980000
10995048489000
10995066996000
10995085502000
10995104008000
10995122515000
10995141022000
10995159528000
10995178036000
10995196544000
10995215049000
10995233556000
10995252065000
10995270573000
10995289078000
10995307585000
10995326091000
10995344598000
10995363104000
10995381613000
10995400120000
10995418626000
10995437132000
10995455639000
10995474145000
10995492652000
10995511159000
10995529666000
10995548174000
10995566679000
10995585187000
10995603695000
10995622203000
10995640708000
10995659215000
10995677720000
10995696228000
10995714735000
10995733242000
10995751749000
10995770258000
10995788763000
10995807269000
10995825776000
10995844283000
10995862790000
10995881298000
10995899806000
10995918309000
10995936816000
10995955326000
10995973834000
10995992339000
10996010845000
10996029352000
10996047858000
10996066365000
10996084873000
10996103382000
10996121885000
10996140392000
10996158899000
10996177407000
10996195912000
10996214420000
10996232928000
10996251435000
10996269940000
10996288448000
10996306964000
10996325464000
10996343972000
10996362475000
10996380982000
10996399490000
10996417996000
10996436504000
10996455012000
10996473517000
10996492024000
10996510530000
10996529037000
10996547543000
10996566052000
10996584558000
10996603067000
10996621571000
10996640078000
10996658586000
10996677091000
10996695599000
10996714105000
10996732612000
10996751119000
10996769627000
10996788135000
10996806641000
10996825147000
10996843654000
10996862160000
10996880668000
10996899174000
10996917680000
10996936189000
10996954698000
10996973201000
10996991709000
10997010218000
10997028722000
10997047229000
10997065736000
10997084243000
10997102749000
10997121256000
10997139765000
10997158273000
10997176777000
10997195284000
10997213790000
10997232299000
10997250806000
10997269312000
10997287820000
10997306328000
10997324831000
10997343338000
10997361847000
10997380352000
10997398860000
10997417366000
10997435873000
10997454381000
10997472888000
10997491395000
10997509904000
10997528408000
10997546914000
10997565422000
10997583928000
10997602436000
10997620943000
10997639451000
10997657956000
10997676462000
10997694968000
10997713479000
10997731991000
10997750490000
10997768997000
10997787505000
10997806010000
10997824519000
10997843026000
10997861531000
10997880039000
10997898547000
10997917052000
10997935559000
10997954066000
10997972573000
10997991083000
10998009586000
10998028092000
10998046600000
10998065107000
10998083614000
10998102121000
10998120627000
10998139135000
10998157640000
10998176149000
10998194657000
10998213162000
10998231668000
10998250175000
10998268682000
10998287190000
10998305697000
10998324204000
10998342711000
10998361217000
10998379722000
10998398230000
10998416737000
10998435246000
10998453752000
10998472258000
10998490765000
10998509271000
10998527779000
10998546287000
10998564792000
10998583300000
10998601806000
10998620332000
10998638820000
10998657328000
10998675834000
10998694342000
10998712847000
10998731354000
10998749860000
10998768368000
10998786875000
10998805383000
10998823889000
10998842397000
10998860903000
10998879410000
10998897918000
10998916423000
10998934930000
10998953437000
10998971942000
10998990450000
10999008958000
10999027466000
10999045970000
10999064479000
10999082984000
10999101491000
10999120006000
10999138505000
10999157011000
10999175519000
10999194025000
10999212534000
10999231041000
10999249550000
10999268053000
10999286561000
10999305067000
10999323574000
10999342080000
10999360588000
10999379096000
10999397602000
10999416108000
10999434615000
10999453121000
10999471628000
10999490135000
10999508642000
10999527150000
10999545655000
10999564164000
10999582671000
10999601177000
10999619685000
10999638192000
10999656697000
10999675205000
10999693712000
10999712220000
10999730728000
10999749232000
10999767740000
10999786245000
10999804751000
10999823258000
10999841765000
10999860273000
10999878780000
10999897287000
10999915794000
10999934303000
10999952808000
10999971316000
10999989821000
11000008328000
11000026834000
11000045342000
11000063849000
11000082358000
11000100862000
11000119370000
11000137876000
11000156383000
11000174888000
11000193397000
11000211902000
11000230410000
11000248918000
11000267425000
11000285933000
11000304439000
11000322944000
11000341452000
11000359959000
11000378466000
11000396972000
11000415481000
11000433988000
11000452493000
11000471000000
11000489506000
11000508012000
11000526520000
11000545032000
11000563534000
11000582040000
11000600548000
11000619056000
11000637565000
11000656069000
11000674575000
11000693082000
11000711589000
11000730096000
11000748603000
11000767112000
11000785616000
11000804123000
11000822629000
11000841136000
11000859643000
11000878149000
11000896657000
11000915168000
11000933671000
11000952179000
11000970687000
11000989194000
11001007699000
11001026205000
11001044711000
11001063219000
11001081726000
11001100234000
11001118741000
11001137248000
11001155754000
11001174260000
11001192766000
11001211273000
11001229780000
11001248288000
11001266795000
11001285303000
11001303810000
11001322318000
11001340823000
11001359329000
11001377835000
11001396342000
11001414849000
11001433357000
11001451865000
11001470373000
11001488877000
11001507385000
11001525890000
11001544397000
11001562903000
11001581411000
11001599918000
11001618426000
11001636932000
11001655440000
11001673947000
11001692456000
11001710960000
11001729467000
11001747972000
11001766480000
11001784987000
11001803496000
11001822004000
11001840508000
11001859014000
11001877522000
11001896027000
11001914535000
11001933044000
11001951550000
11001970073000
11001988564000
11002007070000
11002025580000
11002044083000
11002062590000
11002081098000
11002099604000
11002118111000
11002136620000
11002155126000
11002173633000
11002192138000
11002210645000
11002229158000
11002247658000
11002266165000
11002284671000
11002303179000
11002321686000
11002340193000
11002358701000
11002377209000
11002395713000
11002414220000
11002432727000
11002451235000
11002469742000
11002488249000
11002506757000
11002525262000
11002543768000
11002562276000
11002580783000
11002599289000
11002617795000
11002636302000
11002654809000
11002673317000
11002691826000
11002710333000
11002728836000
11002747344000
11002765852000
11002784358000
11002802865000
11002821372000
11002839879000
11002858388000
11002876892000
11002895399000
11002913906000
11002932413000
11002950919000
11002969426000
11002987934000
11003006440000
11003024947000
11003043456000
11003061963000
11003080468000
11003098974000
11003117482000
11003135989000
11003154495000
11003173003000
11003191511000
11003210017000
11003228523000
11003247030000
11003265536000
11003284044000
11003302550000
11003321056000
11003339563000
11003358075000
11003376579000
11003395085000
11003413594000
11003432098000
11003450606000
11003469117000
11003487619000
11003506126000
11003524635000
11003543141000
11003561649000
11003580153000
11003598660000
11003617167000
11003635674000
11003654180000
11003672686000
11003691194000
11003709700000
11003728208000
11003746718000
11003765224000
11003783729000
11003802238000
11003820743000
11003839249000
11003857756000
11003876263000
11003894771000
11003913280000
11003931784000
11003950290000
11003968797000
11003987305000
11004005811000
11004024318000
11004042823000
11004061331000
11004079840000
11004098348000
11004116861000
11004135359000
11004153867000
11004172372000
11004190879000
11004209388000
11004227894000
11004246402000
11004264907000
11004283414000
11004301921000
11004320427000
11004338935000
11004357442000
11004375948000
11004394454000
11004412962000
11004431470000
11004449978000
11004468483000
11004486991000
11004505497000
11004524003000
11004542510000
11004561017000
11004579526000
11004598033000
11004616538000
11004635045000
11004653552000
11004672058000
11004690565000
11004709074000
11004727578000
11004746085000
11004764593000
11004783100000
11004801609000
11004820113000
11004838621000
11004857127000
11004875634000
11004894140000
11004912648000
11004931156000
11004949663000
11004968167000
11004986677000
11005005182000
11005023688000
11005042196000
11005060703000
11005079209000
11005097716000
11005116223000
11005134730000
11005153239000
11005171744000
11005190251000
11005208757000
11005227265000
11005245771000
11005264280000
11005282786000
11005301294000
11005319798000
11005338306000
11005356812000
11005375319000
11005393826000
11005412335000
11005430839000
11005449347000
11005467853000
11005486362000
11005504870000
11005523379000
11005541881000
11005560389000
11005578895000
11005597402000
11005615910000
11005634418000
11005652921000
11005671430000
11005689936000
11005708443000
11005726950000
11005745456000
11005763965000
11005782469000
11005800977000
11005819485000
11005837993000
11005856500000
11005875006000
11005893511000
11005912017000
11005930525000
11005949032000
11005967540000
11005986049000
11006004552000
11006023060000
11006041568000
11006060074000
11006078581000
11006097087000
11006115596000
11006171119000
11006189625000
11006208128000
11006226637000
11006245142000
11006263651000
11006282155000
11006300664000
11006319170000
11006337679000
11006356183000
11006374690000
11006393197000
11006411703000
11006430211000
11006448717000
11006467226000
11006485730000
11006504238000
11006522746000
11006541254000
11006559758000
11006578266000
11006596773000
11006615279000
11006633786000
11006652294000
11006670800000
11006689310000
11006707813000
11006726322000
11006744828000
11006763334000
11006781841000
11006800349000
11006818856000
11006837361000
11006855868000
11006874377000
11006892884000
11006911390000
11006929896000
11006948404000
11006966911000
11006985417000
11007003923000
11007022433000
11007040939000
11007059445000
11007077952000
11007096459000
11007114965000
11007133472000
11007151979000
11007170488000
11007188992000
11007207498000
11007226006000
11007244516000
11007263020000
11007281527000
11007300033000
11007318541000
11007337047000
11007355555000
11007374063000
11007392568000
11007411074000
11007429582000
11007448089000
11007466595000
11007485102000
11007503615000
11007522119000
11007540622000
11007559128000
11007577639000
11007596146000
11007614651000
11007633157000
11007651666000
11007670171000
11007688680000
11007707185000
11007725693000
11007744198000
11007762706000
11007781212000
11007799719000
11007818226000
11007836734000
11007855242000
11007873748000
11007892253000
11007910759000
11007929268000
11007947774000
11007966280000
11007984787000
11008003294000
11008021801000
11008040309000
11008058817000
11008077324000
11008095830000
11008114336000
11008132842000
11008151350000
11008169856000
11008188364000
11008206871000
11008225379000
11008243883000
11008262390000
11008280899000
11008299404000
11008317912000
11008336418000
11008354924000
11008373432000
11008391939000
11008410448000
11008428954000
11008447459000
11008465966000
11008484474000
11008502979000
11008521489000
11008539995000
11008558502000
11008577009000
11008595513000
11008614021000
11008632530000
11008651035000
11008669543000
11008688050000
11008706556000
11008725062000
11008743572000
11008762076000
11008780586000
11008799089000
11008817598000
11008836103000
11008854610000
11008873116000
11008891626000
11008910133000
11008928638000
11008947144000
11008965652000
11008984165000
11009002665000
11009021176000
11009039679000
11009058186000
11009076694000
11009095200000
11009113708000
11009132213000
11009150720000
11009169227000
11009187734000
11009206240000
11009224748000
11009243256000
11009261764000
11009280268000
11009298774000
11009317281000
11009335792000
11009354295000
11009372802000
11009391310000
11009409816000
11009428324000
11009446832000
11009465340000
11009483844000
11009502351000
11009520864000
11009539364000
11009557871000
11009576378000
11009594886000
11009613395000
11009631898000
11009650406000
11009668912000
11009687419000
11009705926000
11009724434000
11009742940000
11009761447000
11009779955000
11009798462000
11009816969000
11009835475000
11009853981000
11009872488000
11009890995000
11009909502000
11009928008000
11009946518000
11009965024000
11009983529000
11010002036000
11010020542000
11010039050000
11010057557000
11010076065000
11010094570000
11010113078000
11010131586000
11010150093000
11010168602000
11010187105000
11010205611000
11010224118000
11010242625000
11010261132000
11010279640000
11010298147000
11010316652000
11010335160000
11010353667000
11010372173000
11010390679000
11010409191000
11010427694000
11010446200000
11010464709000
11010483215000
11010501724000
11010520230000
11010538735000
11010557242000
11010575749000
11010594256000
11010612762000
11010631270000
11010649778000
11010668284000
11010686790000
11010705296000
11010723803000
11010742311000
11010760818000
11010779325000
11010797832000
11010816338000
11010834847000
11010853354000
11010871858000
11010890366000
11010908874000
11010927380000
11010945887000
11010964395000
11010982900000
11011001409000
11011019914000
11011038420000
11011056927000
11011075434000
11011093940000
11011112449000
11011130955000
11011149464000
11011167970000
11011186476000
11011204984000
11011223489000
11011241996000
11011260503000
11011279011000
11011297516000
11011316024000
11011334532000
11011353039000
11011371544000
11011390052000
11011408559000
11011427064000
11011445573000
11011464079000
11011482585000
11011501093000
11011519599000
11011538107000
11011556615000
11011575120000
11011593628000
11011612134000
11011630643000
11011649147000
11011667656000
11011686162000
11011704671000
11011723174000
11011741683000
11011760189000
11011778695000
11011797221000
11011815710000
11011834226000
11011852724000
11011871230000
11011889737000
11011908246000
11011926751000
11011945259000
11011963765000
11011982271000
11012000779000
11012019286000
11012037792000
11012056298000
11012074806000
11012093313000
11012111817000
11012130326000
11012148832000
11012167340000
11012185846000
11012204353000
11012222860000
11012241369000
11012259874000
11012278381000
11012296887000
11012315394000
11012333902000
11012352408000
11012370916000
11012389424000
11012407928000
11012426437000
11012444942000
11012463449000
11012481956000
11012500465000
11012518970000
11012537478000
11012555983000
11012574492000
11012593000000
11012611504000
11012630011000
11012648518000
11012667024000
11012685533000
11012704038000
11012722547000
11012741054000
11012759559000
11012778066000
11012796573000
11012815079000
11012833586000
11012852093000
11012870601000
11012889107000
11012907613000
11012926122000
11012944630000
11012963134000
11012981642000
11013000148000
11013018657000
11013037163000
11013055670000
11013074177000
11013092686000
11013111191000
11013129698000
11013148204000
11013166710000
11013185218000
11013203723000
11013222236000
11013240737000
11013259244000
11013277753000
11013296260000
11013314767000
11013333272000
11013351780000
11013370286000
11013388793000
11013407300000
11013425809000
11013444316000
11013462820000
11013481327000
11013499834000
11013518341000
11013536847000
11013555355000
11013573862000
11013592368000
11013610875000
11013629383000
11013647890000
11013666396000
11013684903000
11013703410000
11013721916000
11013740423000
11013758930000
11013777439000
11013795944000
11013814451000
11013832958000
11013851465000
11013869972000
11013888477000
11013906984000
11013925491000
11013943998000
11013962506000
11013981014000
11013999526000
11014018026000
11014036534000
11014055039000
11014073547000
11014092053000
11014110561000
11014129070000
11014147574000
11014166082000
11014184589000
11014203094000
11014221603000
11014240108000
11014258615000
11014277122000
11014295629000
11014314138000
11014332645000
11014351149000
11014369658000
11014388164000
11014406671000
11014425177000
11014443684000
11014462191000
11014480700000
11014499205000
11014517713000
11014536217000
11014554725000
11014573231000
11014591738000
11014610249000
11014628756000
11014647261000
11014665768000
11014684275000
11014702780000
11014721287000
11014739794000
11014758301000
11014776808000
11014795315000
11014813824000
11014832332000
11014850835000
11014869342000
11014887849000
11014906356000
