9901900946000
9901919452000
9901937959000
9901956467000
9901974974000
9901993480000
9902011987000
9902030494000
9902049002000
9902067508000
9902086015000
9902104524000
9902123031000
9902141536000
9902160044000
9902178550000
9902197057000
9902215564000
9902234071000
9902252578000
9902271085000
9902289591000
9902308101000
9902326608000
9902345113000
9902363620000
9902382128000
9902400634000
9902419141000
9902437649000
9902456157000
9902474663000
9902493170000
9902511675000
9902530182000
9902548689000
9902567198000
9902585706000
9902604213000
9902622718000
9902641225000
9902659738000
9902678241000
9902696745000
9902715253000
9902733759000
9902752267000
9902770775000
9902789282000
9902807789000
9902826297000
9902844802000
9902863309000
9902881816000
9902900322000
9902918830000
9902937339000
9902955846000
9902974350000
9902992861000
9903011367000
9903029874000
9903048378000
9903066886000
9903085392000
9903103900000
9903122408000
9903140914000
9903159422000
9903177928000
9903196435000
9903214941000
9903233448000
9903251955000
9903270464000
9903288971000
9903307478000
9903325983000
9903344489000
9903363000000
9903381505000
9903400013000
9903418518000
9903437026000
9903455533000
9903474040000
9903492547000
9903511055000
9903529561000
9903548068000
9903566575000
9903585081000
9903603589000
9903622096000
9903640603000
9903659112000
9903677615000
9903696123000
9903714632000
9903733138000
9903751644000
9903770152000
9903788659000
9903807166000
9903825673000
9903844181000
9903862689000
9903881193000
9903899700000
9903918207000
9903936715000
9903955223000
9903973728000
9903992238000
9904010744000
9904029249000
9904047755000
9904066266000
9904084776000
9904103278000
9904121785000
9904140291000
9904158798000
9904177306000
9904195814000
9904214322000
9904232827000
9904251335000
9904269840000
9904288348000
9904306855000
9904325362000
9904343870000
9904362375000
9904380881000
9904399388000
9904417898000
9904436403000
9904454911000
9904473417000
9904491925000
9904510432000
9904528940000
9904547446000
9904565952000
9904584460000
9904602967000
9904621474000
9904639980000
9904658488000
9904676995000
9904695503000
9904714008000
9904732514000
9904751021000
9904769529000
9904788038000
9904806542000
9904825050000
9904843559000
9904862064000
9904880571000
9904899080000
9904917585000
9904936092000
9904954599000
9904973107000
9904991613000
9905010120000
9905028628000
9905047138000
9905065641000
9905084147000
9905102655000
9905121162000
9905139668000
9905158177000
9905176683000
9905195190000
9905213698000
9905232206000
9905250713000
9905269219000
9905287725000
9905306233000
9905324738000
9905343246000
9905361753000
9905380262000
9905398767000
9905417274000
9905435779000
9905454288000
9905472803000
9905491304000
9905509825000
9905528317000
9905546823000
9905565330000
9905583838000
9905602345000
9905620855000
9905639357000
9905657864000
9905676372000
9905694879000
9905713386000
9905731895000
9905750399000
9905768907000
9905787414000
9905805921000
9905824427000
9905842934000
9905861443000
9905879950000
9905898456000
9905916964000
9905935473000
9905953977000
9905972485000
9905990990000
9906009498000
9906028005000
9906046511000
9906065019000
9906083528000
9906102034000
9906120539000
9906139045000
9906157554000
9906176060000
9906194567000
9906213075000
9906231581000
9906250089000
9906268597000
9906287105000
9906305609000
9906324116000
9906342624000
9906361130000
9906379638000
9906398145000
9906416653000
9906435160000
9906453666000
9906472173000
9906490679000
9906509186000
9906527692000
9906546202000
9906564706000
9906583216000
9906601721000
9906620230000
9906638737000
9906657242000
9906675749000
9906694257000
9906712765000
9906731270000
9906749778000
9906768286000
9906786791000
9906805298000
9906823805000
9906842312000
9906860820000
9906879327000
9906897841000
9906916340000
9906934847000
9906953355000
9906971863000
9906990369000
9907008876000
9907027382000
9907045889000
9907064395000
9907082904000
9907101411000
9907119919000
9907138424000
9907156931000
9907175439000
9907193944000
9907212452000
9907230958000
9907249466000
9907267974000
9907286479000
9907304988000
9907323496000
9907342002000
9907360508000
9907379017000
9907397522000
9907416029000
9907434536000
9907453045000
9907471552000
9907490057000
9907508564000
9907527071000
9907545579000
9907564085000
9907582590000
9907601099000
9907619606000
9907638113000
9907656622000
9907675129000
9907693635000
9907712142000
9907730647000
9907749156000
9907767661000
9907786170000
9907804678000
9907823186000
9907841689000
9907860197000
9907878704000
9907897210000
9907915716000
9907934225000
9907952733000
9907971238000
9907989746000
9908008254000
9908026761000
9908045268000
9908063772000
9908082282000
9908100787000
9908119295000
9908137804000
9908156312000
9908174815000
9908193323000
9908211830000
9908230336000
9908248843000
9908267350000
9908285856000
9908304365000
9908322877000
9908341380000
9908359887000
9908378393000
9908396899000
9908415407000
9908433915000
9908452421000
9908470927000
9908489435000
9908507945000
9908526448000
9908544956000
9908563463000
9908581969000
9908600475000
9908618984000
9908637489000
9908655997000
9908674504000
9908693012000
9908711521000
9908730026000
9908748532000
9908767040000
9908785546000
9908804054000
9908822561000
9908841069000
9908859576000
9908878082000
9908896590000
9908915095000
9908933602000
9908952109000
9908970618000
9908989122000
9909007631000
9909026138000
9909044646000
9909063153000
9909081658000
9909100165000
9909118672000
9909137179000
9909155686000
9909174195000
9909192745000
9909211210000
9909229716000
9909248222000
9909266727000
9909285235000
9909303743000
9909322249000
9909340755000
9909359264000
9909377772000
9909396279000
9909414786000
9909433292000
9909451798000
9909470305000
9909488812000
9909507322000
9909525827000
9909544335000
9909562841000
9909581347000
9909599853000
9909618361000
9909636869000
9909655375000
9909673882000
9909692389000
9909710906000
9909729407000
9909747912000
9909766416000
9909784924000
9909803431000
9909821937000
9909840446000
9909858951000
9909877460000
9909895974000
9909914474000
9909932980000
9909951487000
9909969994000
9909988500000
9910007009000
9910025514000
9910044022000
9910062529000
9910081038000
9910099544000
9910118050000
9910136556000
9910155064000
9910173571000
9910192078000
9910247600000
9910266106000
9910284612000
9910303121000
9910321627000
9910340134000
9910358641000
9910377147000
9910395655000
9910414162000
9910432669000
9910451179000
9910469682000
9910488190000
9910506697000
9910525203000
9910543711000
9910562219000
9910580728000
9910599235000
9910617740000
9910636246000
9910654752000
9910673261000
9910691767000
9910710275000
9910728780000
9910747288000
9910765795000
9910784303000
9910802812000
9910821317000
9910839822000
9910858330000
9910876836000
9910895344000
9910913851000
9910932360000
9910950864000
9910969373000
9910987880000
9911006385000
9911024893000
9911043399000
9911061908000
9911080413000
9911098919000
9911117430000
9911135941000
9911154442000
9911172949000
9911191455000
9911209963000
9911228469000
9911246976000
9911265486000
9911283993000
9911302502000
9911321004000
9911339511000
9911358019000
9911376525000
9911395032000
9911413541000
9911432046000
9911450553000
9911469061000
9911487569000
9911506075000
9911524582000
9911543088000
9911561595000
9911580102000
9911598609000
9911617117000
9911635625000
9911654133000
9911672637000
9911691144000
9911709651000
9911728158000
9911746665000
9911765173000
9911783678000
9911802185000
9911820695000
9911839203000
9911857708000
9911876214000
9911894720000
9911913228000
9911931734000
9911950242000
9911968750000
9911987259000
9912005763000
9912024270000
9912042777000
9912061284000
9912079790000
9912098298000
9912116806000
9912135312000
9912153818000
9912172327000
9912190835000
9912209341000
9912227847000
9912246354000
9912264861000
9912283368000
9912301875000
9912320385000
9912338889000
9912357397000
9912375903000
9912394411000
9912412917000
9912431424000
9912449933000
9912468439000
9912486944000
9912505453000
9912523965000
9912542469000
9912560973000
9912579479000
9912597986000
9912616494000
9912635000000
9912653509000
9912672016000
9912690522000
9912709029000
9912727535000
9912746043000
9912764549000
9912783057000
9912801565000
9912820072000
9912838577000
9912857084000
9912875593000
9912894098000
9912912605000
9912931113000
9912949619000
9912968126000
9912986633000
9913005141000
9913023650000
9913042155000
9913060662000
9913079170000
9913097676000
9913116182000
9913134690000
9913153198000
9913171706000
9913190210000
9913208716000
9913227227000
9913245732000
9913264238000
9913282745000
9913301253000
9913319763000
9913338267000
9913356775000
9913375283000
9913393788000
9913412294000
9913430801000
9913449311000
9913467816000
9913486324000
9913504830000
9913523336000
9913541842000
9913560350000
9913578860000
9913597366000
9913615871000
9913634379000
9913652886000
9913671393000
9913689900000
9913708409000
9913726913000
9913745420000
9913763927000
9913782435000
9913800941000
9913819448000
9913837956000
9913856465000
9913874969000
9913893478000
9913911983000
9913930490000
9913949007000
9913967505000
9913986013000
9914004518000
9914023024000
9914041533000
9914060040000
9914078548000
9914097052000
9914115560000
9914134067000
9914152573000
9914171081000
9914189590000
9914208097000
9914226603000
9914245109000
9914263615000
9914282122000
9914300629000
9914319137000
9914337643000
9914356151000
9914374657000
9914393166000
9914411675000
9914430178000
9914448685000
9914467193000
9914485700000
9914504206000
9914522714000
9914541222000
9914559730000
9914578236000
9914596740000
9914615248000
9914633756000
9914652262000
9914670769000
9914689277000
9914707785000
9914726291000
9914744799000
9914763307000
9914781811000
9914800318000
9914818825000
9914837332000
9914855839000
9914874348000
9914892861000
9914911361000
9914929868000
9914948373000
9914966880000
9914985388000
9915003895000
9915022402000
9915040910000
9915059417000
9915077924000
9915096431000
9915114938000
9915133446000
9915151951000
9915170460000
9915188966000
9915207472000
9915225981000
9915244489000
9915262992000
9915281501000
9915300006000
9915318513000
9915337030000
9915355529000
9915374036000
9915392544000
9915411050000
9915429558000
9915448066000
9915466572000
9915485077000
9915503585000
9915522091000
9915540599000
9915559105000
9915577613000
9915596122000
9915614625000
9915633133000
9915651639000
9915670149000
9915688653000
9915707161000
9915725667000
9915744175000
9915762682000
9915781190000
9915799699000
9915818203000
9915836710000
9915855217000
9915873724000
9915892231000
9915910738000
9915929247000
9915947754000
9915966259000
9915984767000
9916003273000
9916021778000
9916040287000
9916058794000
9916077303000
9916095807000
9916114316000
9916132823000
9916151331000
9916169836000
9916188342000
9916206849000
9916225357000
9916243864000
9916262372000
9916280880000
9916299386000
9916317893000
9916336399000
9916354905000
9916373412000
9916391918000
9916410427000
9916428934000
9916447441000
9916465949000
9916484457000
9916502963000
9916521470000
9916539975000
9916558482000
9916576989000
9916595497000
9916614004000
9916632512000
9916651018000
9916669526000
9916688030000
9916706538000
9916725044000
9916743552000
9916762065000
9916780566000
9916799073000
9916817581000
9916836090000
9916854595000
9916873101000
9916891609000
9916910116000
9916928622000
9916947130000
9916965638000
9916984145000
9917002651000
9917021158000
9917039664000
9917058171000
9917076677000
9917095185000
9917113691000
9917132199000
9917150706000
9917169216000
9917187722000
9917206228000
9917224735000
9917243241000
9917261748000
9917280256000
9917298762000
9917317271000
9917335779000
9917354284000
9917372790000
9917391297000
9917409803000
9917428310000
9917446817000
9917465326000
9917483833000
9917502339000
9917520848000
9917539356000
9917557859000
9917576367000
9917594874000
9917613381000
9917631888000
9917650396000
9917668904000
9917687411000
9917705917000
9917724423000
9917742930000
9917761438000
9917779944000
9917798452000
9917816958000
9917835466000
9917853974000
9917872480000
9917890988000
9917909494000
9917928001000
9917946507000
9917965015000
9917983522000
9918002030000
9918020537000
9918039042000
9918057549000
9918076056000
9918094563000
9918113070000
9918131576000
9918150083000
9918168592000
9918187108000
9918205606000
9918224113000
9918242620000
9918261126000
9918279633000
9918298139000
9918316647000
9918335154000
9918353663000
9918372170000
9918390674000
9918409182000
9918427688000
9918446196000
9918464702000
9918483209000
9918501716000
9918520227000
9918538730000
9918557242000
9918575746000
9918594251000
9918612759000
9918631266000
9918649772000
9918668279000
9918686788000
9918705295000
9918723803000
9918742308000
9918760816000
9918779321000
9918797828000
9918816335000
9918834842000
9918853349000
9918871857000
9918890363000
9918908872000
9918927379000
9918945886000
9918964393000
9918982898000
9919001406000
9919019912000
9919038421000
9919056929000
9919075438000
9919093939000
9919112447000
9919130955000
9919149462000
9919167969000
9919186475000
9919204982000
9919223490000
9919241996000
9919260505000
9919279012000
9919297517000
9919316024000
9919334531000
9919353039000
9919371545000
9919390053000
9919408562000
9919427065000
9919445574000
9919464081000
9919482588000
9919501094000
9919519602000
9919538107000
9919556614000
9919575134000
9919593630000
9919612138000
9919630643000
9919649149000
9919667657000
9919686164000
9919704672000
9919723179000
9919741687000
9919760194000
9919778700000
9919797207000
9919815713000
9919834222000
9919852727000
9919871235000
9919889740000
9919908248000
9919926755000
9919945264000
9919963770000
9919982276000
9920000784000
9920019290000
9920037798000
9920056304000
9920074811000
9920093320000
9920111827000
9920130332000
9920148839000
9920167346000
9920185853000
9920204360000
9920222867000
9920241373000
9920259880000
9920278389000
9920296896000
9920315404000
9920333909000
9920352417000
9920370922000
9920389429000
9920407936000
9920426444000
9920444951000
9920463461000
9920481965000
9920500472000
9920518978000
9920537486000
9920555992000
9920574501000
9920593005000
9920611513000
9920630021000
9920648529000
9920667036000
9920685543000
9920704048000
9920722556000
9920741062000
9920759570000
9920778077000
9920796586000
9920815090000
9920833598000
9920852105000
9920870612000
9920889118000
9920907625000
9920926133000
9920944639000
9920963145000
9920981655000
9921000161000
9921018667000
9921037174000
9921055682000
9921074189000
9921092697000
9921111202000
9921129711000
9921148218000
9921166723000
9921185231000
9921203740000
9921222244000
9921240750000
9921259258000
9921277766000
9921296272000
9921314779000
9921333287000
9921351796000
9921370300000
9921388807000
9921407314000
9921425821000
9921444328000
9921462835000
9921481344000
9921499853000
9921518357000
9921536863000
9921555370000
9921573876000
9921592383000
9921610891000
9921629399000
9921647905000
9921666411000
9921684919000
9921703429000
9921721932000
9921740439000
9921758946000
9921777454000
9921795962000
9921814469000
9921832976000
9921851484000
9921869988000
9921888496000
9921907002000
9921925512000
9921944016000
9921962526000
9921981032000
9921999537000
9922018045000
9922036554000
9922055063000
9922073566000
9922092072000
9922110580000
9922129087000
9922147593000
9922166100000
9922184610000
9922203114000
9922221621000
9922240128000
9922258635000
9922277142000
9922295649000
9922314157000
9922332666000
9922351171000
9922369677000
9922388200000
9922406691000
9922425202000
9922443705000
9922462212000
9922480719000
9922499226000
9922517735000
9922536244000
9922554747000
9922573256000
9922591762000
9922610268000
9922628775000
9922665791000
9922684298000
9922702802000
9922721310000
9922739818000
9922758324000
9922776832000
9922795339000
9922813846000
9922832352000
9922850860000
9922869368000
9922887876000
9922906381000
9922924887000
9922943394000
9922961902000
9922980409000
9922998915000
9923017425000
9923035932000
9923054436000
9923072942000
9923091454000
9923109956000
9923128464000
9923146971000
9923165478000
9923183985000
9923202492000
9923221000000
9923239508000
9923258013000
9923276520000
9923295027000
9923313534000
9923332041000
9923350549000
9923369058000
9923387562000
9923406068000
9923424575000
9923443085000
9923461590000
9923480096000
9923498605000
9923517112000
9923535619000
9923554125000
9923572633000
9923591142000
9923609646000
9923628154000
9923646660000
9923665166000
9923683676000
9923702181000
9923720690000
9923739194000
9923757701000
9923776209000
9923794716000
9923813225000
9923831729000
9923850236000
9923868743000
9923887251000
9923905759000
9923924266000
9923942772000
9923961278000
9923979786000
9923998292000
9924016798000
9924035307000
9924053815000
9924072322000
9924090828000
9924109333000
9924127841000
9924146350000
9924164864000
9924183362000
9924201868000
9924220376000
9924238883000
9924257391000
9924275900000
9924294404000
9924312911000
9924331418000
9924349926000
9924368432000
9924386939000
9924405448000
9924423955000
9924442461000
9924460967000
9924479474000
9924497980000
9924516488000
9924534997000
9924553502000
9924572010000
9924590517000
9924609024000
9924627534000
9924646037000
9924664544000
9924683050000
9924701558000
9924720066000
9924738573000
9924757081000
9924775586000
9924794094000
9924812601000
9924831107000
9924849614000
9924868121000
9924886629000
9924905136000
9924923642000
9924942150000
9924960658000
9924979163000
9924997670000
9925016176000
9925034684000
9925053192000
9925071698000
9925090206000
9925108714000
9925127218000
9925145726000
9925164232000
9925182739000
9925201253000
9925219754000
9925238272000
9925256768000
9925275275000
9925293784000
9925312290000
9925330795000
9925349302000
9925367810000
9925386317000
9925404825000
9925423332000
9925441840000
9925460348000
9925478851000
9925497358000
9925515864000
9925534371000
9925552879000
9925571387000
9925589893000
9925608400000
9925626908000
9925645416000
9925663923000
9925682428000
9925700936000
9925719442000
9925737949000
9925756456000
9925774964000
9925793474000
9925811980000
9925830485000
9925848991000
9925867498000
9925886004000
9925904513000
9925923020000
9925941527000
9925960034000
9925978540000
9925997049000
9926015557000
9926034061000
9926052568000
9926071076000
9926089583000
9926108089000
9926126598000
9926145106000
9926163610000
9926182116000
9926200625000
9926219130000
9926237638000
9926256145000
9926274653000
9926293159000
9926311667000
9926330174000
9926348682000
9926367186000
9926385694000
9926404201000
9926422708000
9926441214000
9926459723000
9926478230000
9926496738000
9926515243000
9926533751000
9926552256000
9926570763000
9926589270000
9926607777000
9926626290000
9926644792000
9926663298000
9926681806000
9926700314000
9926718820000
9926737327000
9926755834000
9926774340000
9926792848000
9926811355000
9926829862000
9926848370000
9926866874000
9926885382000
9926903890000
9926922396000
9926940903000
9926959411000
9926977918000
9926996424000
9927014931000
9927033439000
9927051949000
9927070453000
9927088959000
9927107466000
9927125974000
9927144481000
9927162987000
9927181496000
9927200004000
9927218509000
9927237016000
9927255523000
9927274028000
9927292536000
9927311042000
9927329551000
9927348058000
9927366564000
9927385072000
9927403582000
9927422084000
9927440592000
9927459100000
9927477607000
9927496113000
9927514621000
9927533128000
9927551634000
9927570142000
9927588648000
9927607155000
9927625663000
9927644169000
9927662676000
9927681184000
9927699690000
9927718198000
9927736707000
9927755214000
9927773720000
9927792227000
9927810733000
9927829239000
9927847746000
9927866253000
9927884762000
9927903266000
9927921774000
9927940282000
9927958788000
9927977295000
9927995801000
9928014307000
9928032817000
9928051322000
9928069832000
9928088338000
9928106844000
9928125351000
9928143857000
9928162365000
9928180871000
9928199379000
9928217886000
9928236395000
9928254900000
9928273407000
9928291914000
9928310422000
9928328927000
9928347435000
9928365941000
9928384448000
9928402956000
9928421463000
9928439971000
9928458478000
9928476983000
9928495490000
9928513997000
9928532504000
9928551011000
9928569521000
9928588027000
9928606532000
9928625040000
9928643547000
9928662053000
9928680561000
9928699066000
9928717574000
9928736082000
9928754589000
9928773096000
9928791606000
9928810110000
9928828616000
9928847122000
9928865631000
9928884138000
9928902645000
9928921152000
9928939661000
9928958165000
9928976673000
9928995180000
9929013686000
9929032193000
9929050700000
9929069206000
9929087714000
9929106221000
9929124730000
9929143239000
9929161742000
9929180250000
9929198756000
9929217263000
9929235770000
9929254278000
9929272786000
9929291290000
9929309798000
9929328305000
9929346813000
9929365318000
9929383827000
9929402332000
9929420839000
9929439346000
9929457855000
9929476363000
9929494871000
9929513374000
9929531882000
9929550388000
9929568896000
9929587403000
9929605912000
9929624419000
9929642923000
9929661430000
9929679938000
9929698445000
9929716951000
9929735459000
9929753966000
9929772472000
9929790979000
9929809489000
9929827997000
9929846500000
9929865008000
9929883515000
9929902020000
9929920530000
9929939035000
9929957543000
9929976052000
9929994557000
9930013064000
9930031570000
9930050077000
9930068584000
9930087092000
9930105598000
9930124104000
9930142614000
9930161121000
9930179628000
9930198135000
9930216640000
9930235146000
9930253655000
9930272162000
9930290669000
9930309178000
9930327685000
9930346189000
9930364696000
9930383203000
9930401711000
9930420218000
9930438725000
9930457231000
9930475738000
9930494245000
9930512754000
9930531261000
9930549766000
9930568273000
9930586780000
9930605287000
9930623794000
9930642302000
9930660811000
9930679315000
9930697822000
9930716328000
9930734836000
9930753345000
9930771850000
9930790357000
9930808875000
9930827370000
9930845879000
9930864388000
9930882895000
9930901399000
9930919908000
9930938413000
9930956920000
9930975427000
9930993935000
9931012443000
9931030948000
9931049454000
9931067961000
9931086470000
9931104975000
9931123483000
9931141992000
9931160496000
9931179003000
9931197511000
9931216019000
9931234524000
9931253032000
9931271539000
9931290045000
9931308553000
9931327060000
9931345567000
9931364076000
9931382581000
9931401087000
9931419595000
9931438101000
9931456609000
9931475117000
9931493624000
9931512128000
9931530636000
9931549144000
9931567652000
9931586157000
9931604664000
9931623170000
9931641685000
9931660186000
9931678694000
9931697201000
9931715710000
9931734213000
9931752720000
9931771227000
9931789736000
9931808242000
9931826749000
9931845256000
9931863762000
9931882269000
9931900777000
9931919286000
9931937791000
9931956297000
9931974804000
9931993311000
9932011821000
9932030325000
9932048836000
9932067338000
9932085847000
9932104353000
9932122861000
9932141368000
9932159874000
9932178383000
9932196892000
9932215394000
9932233901000
9932252414000
9932270918000
9932289426000
9932307931000
9932326436000
9932344944000
9932363451000
9932381959000
9932400467000
9932418972000
9932437479000
9932455986000
9932474492000
9932493000000
9932511507000
9932530014000
9932548523000
9932567026000
9932585534000
9932604043000
9932622549000
9932641056000
9932659562000
9932678069000
9932696577000
9932715083000
9932733593000
9932752099000
9932770605000
9932789111000
9932807619000
9932826126000
9932844633000
9932863140000
9932881648000
9932900156000
9932918660000
9932937168000
9932955677000
9932974182000
9932992689000
9933011195000
9933029703000
9933048209000
9933066717000
9933085224000
9933103734000
9933122236000
9933140744000
9933159251000
9933177761000
9933196265000
9933214773000
9933233282000
9933251786000
9933270292000
9933288799000
9933307309000
9933325814000
9933344323000
9933362828000
9933381335000
9933399843000
9933418349000
9933436862000
9933455365000
9933473870000
9933492378000
9933510885000
9933529390000
9933547898000
9933566406000
9933584914000
9933603419000
9933621925000
9933640432000
9933658944000
9933677448000
9933695954000
9933714461000
9933732969000
9933751475000
9933769985000
9933788490000
9933806997000
9933825503000
9933844009000
9933862516000
9933881022000
9933899531000
9933918039000
9933936547000
9933955050000
9933973559000
9933992065000
9934010576000
9934029080000
9934047588000
9934066093000
9934084600000
9934103108000
9934121615000
9934140123000
9934158630000
9934177136000
9934195642000
9934214149000
9934232656000
9934251164000
9934269672000
9934288180000
9934306685000
9934325190000
9934343697000
9934362204000
9934380712000
9934399219000
9934417727000
9934436233000
9934454741000
9934473252000
9934491756000
9934510261000
9934528768000
9934547275000
9934565782000
9934584288000
9934602796000
9934621304000
9934639812000
9934658317000
9934676825000
9934695331000
9934713837000
9934732345000
9934750852000
9934769359000
9934787866000
9934806373000
9934824882000
9934843390000
9934861894000
9934880401000
9934898908000
9934917416000
9934935923000
9934954430000
9934972939000
9934991443000
9935009950000
9935028457000
9935046964000
9935065477000
9935083978000
9935102485000
9935120994000
9935139499000
9935158008000
9935176515000
9935195020000
9935213526000
9935232035000
9935250541000
9935269049000
9935287555000
9935306062000
9935324571000
9935343076000
9935361583000
9935380090000
9935398596000
9935417103000
9935435611000
9935454117000
9935472624000
9935491131000
9935509639000
9935528148000
9935546653000
9935565159000
9935583666000
9935602174000
9935620681000
9935639189000
9935657696000
9935676204000
9935694709000
9935713215000
9935731721000
9935750228000
9935768735000
9935787243000
9935805750000
9935824258000
9935842766000
9935861271000
9935879780000
9935898285000
9935916792000
9935935299000
9935953806000
9935972312000
9935990822000
9936009329000
9936027836000
9936046341000
9936064848000
9936083354000
9936101861000
9936120369000
9936138875000
9936157383000
9936175892000
9936194397000
9936212906000
9936231414000
9936249918000
9936268424000
9936286933000
9936305439000
9936323947000
9936342454000
9936360962000
9936379466000
9936397973000
9936416480000
9936434987000
9936453494000
9936472002000
9936490513000
9936509017000
9936527522000
9936546030000
9936564538000
9936583044000
9936601550000
9936620058000
9936638565000
9936657072000
9936675579000
9936694088000
9936712594000
9936731099000
9936749607000
9936768113000
9936786620000
9936805127000
9936823634000
9936842143000
9936860649000
9936879155000
9936897664000
9936916171000
9936934675000
9936953183000
9936971691000
9936990197000
9937008705000
9937027212000
9937045720000
9937064227000
9937082732000
9937101240000
9937119747000
9937138253000
9937156759000
9937175266000
9937193774000
9937212280000
9937230788000
9937249296000
9937267804000
9937286309000
9937304816000
9937323323000
9937341830000
9937360336000
9937378845000
9937397352000
9937415860000
9937434365000
9937452872000
9937471378000
9937489886000
9937508392000
9937526901000
9937545407000
9937563913000
9937582422000
9937600930000
9937619438000
9937637941000
9937656454000
9937674956000
9937693463000
9937711970000
9937730476000
9937748985000
9937767493000
9937785998000
9937804505000
9937823013000
9937841519000
9937860025000
9937878535000
9937897040000
9937915552000
9937934054000
9937952562000
9937971072000
9937989574000
9938008081000
9938026589000
9938045096000
9938063602000
9938082110000
9938100618000
9938119123000
9938137630000
9938156137000
9938174644000
9938193150000
9938211657000
9938230164000
9938248672000
9938267180000
9938285688000
9938304196000
9938322701000
9938341208000
9938359714000
9938378221000
9938396728000
9938415235000
9938433743000
9938452252000
9938470756000
9938489263000
9938507770000
9938526278000
9938544783000
9938563289000
9938581797000
9938600305000
9938618812000
9938637320000
9938655828000
9938674335000
9938692840000
9938711347000
9938729854000
9938748360000
9938766868000
9938785378000
9938803884000
9938822388000
9938840897000
9938859402000
9938877910000
9938896416000
9938914923000
9938933430000
9938951938000
9938970445000
9938988953000
9939007461000
9939025966000
9939044471000
9939062979000
9939081486000
9939099994000
9939118501000
9939137010000
9939155516000
9939174041000
9939192529000
9939211035000
9939229542000
9939248050000
9939266558000
9939285064000
9939303575000
9939322078000
9939340586000
9939359095000
9939377599000
9939396106000
9939414613000
9939433119000
9939451627000
9939470136000
9939488643000
9939507148000
9939525654000
9939544161000
9939562669000
9939581176000
9939599682000
9939618188000
9939636695000
9939655203000
9939673711000
9939692220000
9939710724000
9939729231000
9939747738000
9939766244000
9939784752000
9939803260000
9939821768000
9939840276000
9939858781000
9939877287000
9939895794000
9939914301000
9939932808000
9939951315000
9939969821000
9939988329000
9940006837000
9940025344000
9940043853000
9940062356000
9940080872000
9940099370000
9940117878000
9940136385000
9940154892000
9940173400000
9940191909000
9940210412000
9940228919000
9940247426000
9940265934000
9940284439000
9940302949000
9940321454000
9940339962000
9940358470000
9940376977000
9940395484000
9940413990000
9940432496000
9940451004000
9940469511000
9940488019000
9940506525000
9940525034000
9940543540000
9940562045000
9940580552000
9940599059000
9940617566000
9940636074000
9940654581000
9940673088000
9940691594000
9940710102000
9940728609000
9940747119000
9940765623000
9940784129000
9940802636000
9940821144000
9940839650000
9940858158000
9940876667000
9940895171000
9940913678000
9940932185000
9940950692000
9940969200000
9940987706000
9941006215000
9941024719000
9941043226000
9941061735000
9941080242000
9941098748000
9941117254000
9941135763000
9941154268000
9941172776000
9941191283000
9941209791000
9941228299000
9941246804000
9941265311000
9941283818000
9941302324000
9941357848000
9941376352000
9941394859000
9941413368000
9941431875000
9941450380000
9941468888000
9941487395000
9941505902000
9941524409000
9941542916000
9941561423000
9941579933000
9941598436000
9941616944000
9941635450000
9941653958000
9941672464000
9941690974000
9941709480000
9941727985000
9941746491000
9941765002000
9941783507000
9941802014000
9941820521000
9941839028000
9941857536000
9941876042000
9941894548000
9941913057000
9941931564000
9941950069000
9941968578000
9941987083000
9942005591000
9942024099000
9942042605000
9942061113000
9942079617000
9942098124000
9942116645000
9942135141000
9942153651000
9942172154000
9942190660000
9942209169000
9942227674000
9942246181000
9942264689000
9942283198000
9942301703000
9942320210000
9942338716000
9942357223000
9942375731000
9942394238000
9942412745000
9942431250000
9942449758000
9942468266000
9942486772000
9942505278000
9942523786000
9942542293000
9942560800000
9942579306000
9942597815000
9942616322000
9942634828000
9942653334000
9942671843000
9942690349000
9942708873000
9942727362000
9942745871000
9942764378000
9942782883000
9942801389000
9942819899000
9942838404000
9942856911000
9942875419000
9942893925000
9942912432000
9942930941000
9942949447000
9942967956000
9942986461000
9943004969000
9943023474000
9943041981000
9943060488000
9943078995000
9943097503000
9943116012000
9943134515000
9943153023000
9943171531000
9943190053000
9943208543000
9943227051000
9943245557000
9943264065000
9943282572000
9943301081000
9943319590000
9943338094000
9943356600000
9943375109000
9943393614000
9943412122000
9943430628000
9943449137000
9943467642000
9943486148000
9943504655000
9943523166000
9943541676000
9943560177000
9943578684000
9943597191000
9943615697000
9943634207000
9943652713000
9943671222000
9943689726000
9943708234000
9943726739000
9943745247000
9943763754000
9943782261000
9943800769000
9943819275000
9943837781000
9943856288000
9943874799000
9943893303000
9943911810000
9943930315000
9943948823000
9943967329000
9943985839000
9944004346000
9944022851000
9944041358000
9944059865000
9944078373000
9944096880000
9944115387000
9944133895000
9944152402000
9944170907000
9944189414000
9944207922000
9944226427000
9944244936000
9944263443000
9944281949000
9944300456000
9944318964000
9944337471000
9944355980000
9944374484000
9944392992000
9944411497000
9944430005000
9944448511000
9944467019000
9944485527000
9944504035000
9944522539000
9944541048000
9944559552000
9944578061000
9944596568000
9944615075000
9944633581000
9944652088000
9944670595000
9944689105000
9944707612000
9944726117000
9944744623000
9944763131000
9944781639000
9944800145000
9944818652000
9944837161000
9944855695000
9944874174000
9944892679000
9944911186000
9944929694000
9944948200000
9944966711000
9944985215000
9945003721000
9945022230000
9945040738000
9945059245000
9945077749000
9945096257000
9945114763000
9945133271000
9945151777000
9945170284000
9945188793000
9945207299000
9945225806000
9945244311000
9945262819000
9945281325000
9945299834000
9945318340000
9945336847000
9945355354000
9945373862000
9945392369000
9945410878000
9945429381000
9945447889000
9945466396000
9945484903000
9945503410000
9945521918000
9945540426000
9945558932000
9945577438000
9945595944000
9945614451000
9945632959000
9945651466000
9945669972000
9945688480000
9945706987000
9945725495000
9945744003000
9945762507000
9945781016000
9945799521000
9945818029000
9945836536000
9945855043000
9945873552000
9945892059000
9945910563000
9945929070000
9945947577000
9945966084000
9945984591000
9946003100000
9946021605000
9946040113000
9946058621000
9946077128000
9946095635000
9946114140000
9946132647000
9946151154000
9946169662000
9946188168000
9946206677000
9946225185000
9946243692000
9946262196000
9946280703000
9946299210000
9946317717000
9946336224000
9946354736000
9946373240000
9946391746000
9946410253000
9946428760000
9946447268000
9946484338000
9946502787000
9946521296000
9946539802000
9946558310000
9946576817000
9946595321000
9946613830000
9946632336000
9946650842000
9946669349000
9946687856000
9946706368000
9946724871000
9946743379000
9946761886000
9946780393000
9946798899000
9946817406000
9946835914000
9946854420000
9946872927000
9946891435000
9946909943000
9946928450000
9946946954000
9946965462000
9946983969000
9947002475000
9947020982000
9947039489000
9947057997000
9947076503000
9947095011000
9947113518000
9947132026000
9947150531000
9947169039000
9947187545000
9947206053000
9947224558000
9947243068000
9947261575000
9947280082000
9947298587000
9947317096000
9947335602000
9947354108000
9947372616000
9947391122000
9947409631000
9947428137000
9947446643000
9947465152000
9947483659000
9947502164000
9947520671000
9947539179000
9947557686000
9947576192000
9947594699000
9947613208000
9947631714000
9947650220000
9947668726000
9947687235000
9947705742000
9947724247000
9947742754000
9947761262000
9947779781000
9947798277000
9947816785000
9947835293000
9947853797000
9947872305000
9947890810000
9947909319000
9947927826000
9947946333000
9947964841000
9947983348000
9948001853000
9948020359000
9948038867000
9948057373000
9948075881000
9948094387000
9948112895000
9948131401000
9948149909000
9948168417000
9948186926000
9948205430000
9948223936000
9948242443000
9948260950000
9948279458000
9948297966000
9948316473000
9948334978000
9948353486000
9948371992000
9948390499000
9948409006000
9948427512000
9948446021000
9948464527000
9948483034000
9948501543000
9948520050000
9948538556000
9948557063000
9948575570000
9948594076000
9948612583000
9948631090000
9948649597000
9948668106000
9948686612000
9948705120000
9948723625000
9948742133000
9948760638000
9948779145000
9948797652000
9948816160000
9948834666000
9948853176000
9948871683000
9948890189000
9948908695000
9948927202000
9948945708000
9948964216000
9948982723000
9949001232000
9949019739000
9949038244000
9949056752000
9949075259000
9949093764000
9949112272000
9949130778000
9949149285000
9949167795000
9949186300000
9949204808000
9949223317000
9949241821000
9949260328000
9949278834000
9949297343000
9949315848000
9949334356000
9949352864000
9949371372000
9949389877000
9949408385000
9949426890000
9949445397000
9949463905000
9949482410000
9949500918000
9949519425000
9949537933000
9949556442000
9949574950000
9949593453000
9949611961000
9949630467000
9949648974000
9949667481000
9949685989000
9949704496000
9949723003000
9949741511000
9949760016000
9949778522000
9949797030000
9949815538000
9949834043000
9949852550000
9949871059000
9949889566000
9949908073000
9949926581000
9949945086000
9949963593000
9949982099000
9950000606000
9950019114000
9950037622000
9950056130000
9950074635000
9950093142000
9950111648000
9950130156000
9950148662000
9950167171000
9950185676000
9950204184000
9950222691000
9950241199000
9950259706000
9950278212000
9950296720000
9950315226000
9950333734000
9950352240000
9950370746000
9950389255000
9950407762000
9950426267000
9950444774000
9950463281000
9950481789000
9950500296000
9950518802000
9950537310000
9950555818000
9950574324000
9950592836000
9950611339000
9950629844000
9950648351000
9950666858000
9950685366000
9950703872000
9950722381000
9950740888000
9950759395000
9950777901000
9950796409000
9950814914000
9950833421000
9950851928000
9950870436000
9950888941000
9950907450000
9950925956000
9950944464000
9950962972000
9950981477000
9950999983000
9951018492000
9951036999000
9951055505000
9951074012000
9951092520000
9951111026000
9951129533000
9951148039000
9951166546000
9951185055000
9951203561000
9951222069000
9951240574000
9951259081000
9951277589000
9951296097000
9951314604000
9951333110000
9951351618000
9951370123000
9951388630000
9951407137000
9951425644000
9951444154000
9951462658000
9951481166000
9951499673000
9951518180000
9951536687000
9951555194000
9951573702000
9951592208000
9951610715000
9951629223000
9951647729000
9951666235000
9951684742000
9951703248000
9951721755000
9951740263000
9951758769000
9951777278000
9951795786000
9951814291000
9951832798000
9951851306000
9951869812000
9951888320000
9951906827000
9951925334000
9951943841000
9951962347000
9951980865000
9951999363000
9952017878000
9952036376000
9952054882000
9952073390000
9952091896000
9952110403000
9952128912000
9952147420000
9952165924000
9952184430000
9952202938000
9952221445000
9952239952000
9952258459000
9952276968000
9952295473000
9952313979000
9952332487000
9952350995000
9952369501000
9952388009000
9952406515000
9952425021000
9952443528000
9952462036000
9952480543000
9952499050000
9952517556000
9952536065000
9952554569000
9952573078000
9952591584000
9952610092000
9952628600000
9952647105000
9952665611000
9952684121000
9952702629000
9952721134000
9952739639000
9952758147000
9952776653000
9952795161000
9952813669000
9952832178000
9952850682000
9952869189000
9952887696000
9952906203000
9952924710000
9952943217000
9952961726000
9952980234000
9952998738000
9953017245000
9953035753000
9953054259000
9953072767000
9953091273000
9953109779000
9953128286000
9953146795000
9953165303000
9953183812000
9953202315000
9953220822000
9953239330000
9953257835000
9953276342000
9953294849000
9953313359000
9953331865000
9953350371000
9953368877000
9953387387000
9953405895000
9953424399000
9953442905000
9953461412000
9953479919000
9953498427000
9953516934000
9953535444000
9953553948000
9953572457000
9953590961000
9953609467000
9953627975000
9953646482000
9953664991000
9953683498000
9953702003000
9953720509000
9953739021000
9953757526000
9953776031000
9953794539000
9953813046000
9953831552000
9953850059000
9953868568000
9953887076000
9953905580000
9953924087000
9953942593000
9953961102000
9953979607000
9953998116000
9954016624000
9954035131000
9954053635000
9954072143000
9954090651000
9954109156000
9954127664000
9954146171000
9954164677000
9954183185000
9954201692000
9954220201000
9954238705000
9954257212000
9954275719000
9954294228000
9954312733000
9954331241000
9954349750000
9954368256000
9954386760000
9954405268000
9954423775000
9954442286000
9954460789000
9954479296000
9954497803000
9954516310000
9954534818000
9954553325000
9954571833000
9954590339000
9954608845000
9954627352000
9954645859000
9954664366000
9954682874000
9954701382000
9954719891000
9954738396000
9954756901000
9954775409000
9954793925000
9954812422000
9954830930000
9954849437000
9954867943000
9954886451000
9954904958000
9954923466000
9954941971000
9954960481000
9954978985000
9954997492000
9955016002000
9955034507000
9955053014000
9955071522000
9955090027000
9955108532000
9955127040000
9955164055000
9955182561000
9955201069000
9955219575000
9955238083000
9955256593000
9955275099000
9955293604000
9955312110000
9955330617000
9955349125000
9955367631000
9955386139000
9955404648000
9955423153000
9955441660000
9955460166000
9955478672000
9955497180000
9955515686000
9955534194000
9955552701000
9955571208000
9955589718000
9955608225000
9955626731000
9955645236000
9955663742000
9955682252000
9955700756000
9955719264000
9955737771000
9955756279000
9955774784000
9955793292000
9955811798000
9955830306000
9955848811000
9955867320000
9955885827000
9955904334000
9955922840000
9955941349000
9955959857000
9955978362000
9955996871000
9956015376000
9956033883000
9956052391000
9956070897000
9956089405000
9956107913000
9956126418000
9956144925000
9956163431000
9956181939000
9956200446000
9956218966000
9956237459000
9956255966000
9956274474000
9956292982000
9956311489000
9956329994000
9956348501000
9956367010000
9956385515000
9956404022000
9956422530000
9956441038000
9956459546000
9956478052000
9956496559000
9956515063000
9956533570000
9956552078000
9956570585000
9956589093000
9956607599000
9956626107000
9956644614000
9956663122000
9956681627000
9956700135000
9956718641000
9956737149000
9956755654000
9956774163000
9956792671000
9956811179000
9956829683000
9956848191000
9956866697000
9956885204000
9956903710000
9956922218000
9956940725000
9956959232000
9956977739000
9956996247000
9957014755000
9957033260000
9957051766000
9957070275000
9957088782000
9957107288000
9957125795000
9957144304000
9957162808000
9957181316000
9957199822000
9957218329000
9957236837000
9957255344000
9957273852000
9957292357000
9957310865000
9957329373000
9957347881000
9957366385000
9957384892000
9957403400000
9957421907000
9957440415000
9957458920000
9957477428000
9957495935000
9957514441000
9957532948000
9957551455000
9957569962000
9957588468000
9957606978000
9957625483000
9957643996000
9957662497000
9957681004000
9957699514000
9957718019000
9957736526000
9957755032000
9957773539000
9957792046000
9957810554000
9957829062000
9957847569000
9957866074000
9957884580000
9957903090000
9957921595000
9957940101000
9957958607000
9957977116000
9957995623000
9958014130000
9958032637000
9958051147000
9958069650000
9958088160000
9958106665000
9958125172000
9958143678000
9958162186000
9958180694000
9958199204000
9958217706000
9958236213000
9958254720000
9958273227000
9958291733000
9958310240000
9958328749000
9958347256000
9958365762000
9958384272000
9958402780000
9958421284000
9958439790000
9958458298000
9958476804000
9958495311000
9958513819000
9958532328000
9958550833000
9958569339000
9958587845000
9958606353000
9958624862000
9958643366000
9958661873000
9958680381000
9958698887000
9958717395000
9958735903000
9958754409000
9958772915000
9958791423000
9958809929000
9958828437000
9958846944000
9958865451000
9958883961000
9958902466000
9958920972000
9958939479000
9958957986000
9958976492000
9958994999000
9959013506000
9959032022000
9959050520000
9959069030000
9959087537000
9959106041000
9959124548000
9959143055000
9959161562000
9959180069000
9959198576000
9959217084000
9959235592000
9959254097000
9959272604000
9959291112000
9959309617000
9959328124000
9959346631000
9959365139000
9959383646000
9959402154000
9959420661000
9959439170000
9959457674000
9959476181000
9959494687000
9959513195000
9959531702000
9959550209000
9959568718000
9959587225000
9959605730000
9959624237000
9959642746000
9959661251000
9959679756000
9959698265000
9959716772000
9959735279000
9959753786000
9959772294000
9959790801000
9959809306000
9959827813000
9959846322000
9959864827000
9959883334000
9959901842000
9959920350000
9959938858000
9959957362000
9959975870000
9959994375000
9960012883000
9960031392000
9960049897000
9960068406000
9960086911000
9960105420000
9960123926000
9960142435000
9960160940000
9960179446000
9960197953000
9960216461000
9960234966000
9960253476000
9960271984000
9960290489000
9960308995000
9960327503000
9960346008000
9960364516000
9960383023000
9960401530000
9960420036000
9960438545000
9960457052000
9960475561000
9960494065000
9960512573000
9960531079000
9960549586000
9960568093000
9960586601000
9960605108000
9960623616000
9960642121000
9960660627000
9960679135000
9960697641000
9960716150000
9960734656000
9960753162000
9960771669000
9960790177000
9960808685000
9960827193000
9960845700000
9960864204000
9960882711000
9960901218000
9960919725000
9960938233000
9960956741000
9960975249000
9960993754000
9961012261000
9961030768000
9961049275000
9961067782000
9961086288000
9961104795000
9961123303000
9961141809000
9961160318000
9961178825000
9961197331000
9961215837000
9961234344000
9961252854000
9961271358000
9961289866000
9961308374000
9961326881000
9961345386000
9961363893000
9961382400000
9961400907000
9961419414000
9961437922000
9961456427000
9961474934000
9961493443000
9961511950000
9961530458000
9961548963000
9961567470000
9961585978000
9961604484000
9961622990000
9961641498000
9961660006000
9961678513000
9961697018000
9961715526000
9961734033000
9961752540000
9961771047000
9961789556000
9961808061000
9961826568000
9961845097000
9961863583000
9961882089000
9961900595000
9961919102000
9961937609000
9961956117000
9961974624000
9961993131000
9962011639000
9962030146000
9962048651000
9962067158000
9962085666000
9962104172000
9962122678000
9962141188000
9962159691000
9962178200000
9962196710000
9962215216000
9962233722000
9962252228000
9962270734000
9962289242000
9962307749000
9962326256000
9962344768000
9962363272000
9962381777000
9962400284000
9962418791000
9962437297000
9962455804000
9962474313000
9962492820000
9962511327000
9962529833000
9962548341000
9962566848000
9962585354000
9962603861000
9962622368000
9962640875000
9962659382000
9962677889000
9962696398000
9962714905000
9962733410000
9962751916000
9962770423000
9962788929000
9962807437000
9962825946000
9962844453000
9962862958000
9962881464000
9962899974000
9962918482000
9962936987000
9962955493000
9962974001000
9962992507000
9963011014000
9963029522000
9963048029000
9963066537000
9963085043000
9963103550000
9963122056000
9963140564000
9963159069000
9963177578000
9963196087000
9963214594000
9963233096000
9963251608000
9963270122000
9963288619000
9963307126000
9963325634000
9963344140000
9963362648000
9963381154000
9963399662000
9963418167000
9963436676000
9963455181000
9963473690000
9963492195000
9963510703000
9963529212000
9963547718000
9963566223000
9963584730000
9963603239000
9963621744000
9963640251000
9963658758000
9963677266000
9963695772000
9963714279000
9963732788000
9963751295000
9963769800000
9963788307000
9963806814000
9963825321000
9963843829000
9963862336000
9963880843000
9963899353000
9963917855000
9963936362000
9963954871000
9963973377000
9963991885000
9964010391000
9964028898000
9964047405000
9964065912000
9964084421000
9964102927000
9964121432000
9964139940000
9964158447000
9964176953000
9964195461000
9964213969000
9964232476000
9964250981000
9964269489000
9964287995000
9964306506000
9964325010000
9964343516000
9964362023000
9964380532000
9964399037000
9964417545000
9964436054000
9964454561000
9964473065000
9964491572000
9964510080000
9964528586000
9964547094000
9964565601000
9964584109000
9964602615000
9964621122000
9964639628000
9964658146000
9964676643000
9964695150000
9964713656000
9964732163000
9964750671000
9964769178000
9964787686000
9964806192000
9964824698000
9964843205000
9964861713000
9964880219000
9964898726000
9964917234000
9964935743000
9964954246000
9964972754000
9964991260000
9965009772000
9965028276000
9965046782000
9965065288000
9965083796000
9965102303000
9965120811000
9965139318000
9965157824000
9965176331000
9965194838000
9965213345000
9965231852000
9965250359000
9965268866000
9965287374000
9965305879000
9965324386000
9965342892000
9965361401000
9965379908000
9965398414000
9965416921000
9965435429000
9965453936000
9965472443000
9965490951000
9965509457000
9965527963000
9965546471000
9965564977000
9965583485000
9965601992000
9965620500000
9965639011000
9965657513000
9965676018000
9965694526000
9965713032000
9965731540000
9965750046000
9965768554000
9965787060000
9965805569000
9965824076000
9965842585000
9965861089000
9965879597000
9965898102000
9965916611000
9965935117000
9965953625000
9965972132000
9965990638000
9966009144000
9966027651000
9966046158000
9966064666000
9966083180000
9966101680000
9966120187000
9966138694000
9966157202000
9966175709000
9966194217000
9966212722000
9966231228000
9966249736000
9966268242000
9966286751000
9966305258000
9966323765000
9966342270000
9966360777000
9966379284000
9966397791000
9966416298000
9966434804000
9966453314000
9966471819000
9966490327000
9966508834000
9966527343000
9966545847000
9966564354000
9966582861000
9966601368000
9966619874000
9966638383000
9966656890000
9966675398000
9966693903000
9966712410000
9966730917000
9966749423000
9966767930000
9966786438000
9966804944000
9966823452000
9966841958000
9966860467000
9966878974000
9966897479000
9966915986000
9966934495000
9966953001000
9966971509000
9966990016000
9967008523000
9967027031000
9967045537000
9967064043000
9967082549000
9967101056000
9967119563000
9967138070000
9967156577000
9967175083000
9967193592000
9967212099000
9967230609000
9967249112000
9967267619000
9967286127000
9967304634000
9967323139000
9967341648000
9967360155000
9967378661000
9967397168000
9967415675000
9967434181000
9967452688000
9967471198000
9967489705000
9967508218000
9967526717000
9967545224000
9967563733000
9967582241000
9967600744000
9967619252000
9967637759000
9967656266000
9967674772000
9967693280000
9967711788000
9967730294000
9967748800000
9967767308000
9967785814000
9967804323000
9967822828000
9967841335000
9967859842000
9967878351000
9967896858000
9967915365000
9967933870000
9967952378000
9967970885000
9967989392000
9968007899000
9968026405000
9968044912000
9968063421000
9968081925000
9968100433000
9968118940000
9968137447000
9968155954000
9968174461000
9968192968000
9968211475000
9968229982000
9968248490000
9968266997000
9968285504000
9968304010000
9968322517000
9968341023000
9968359532000
9968378039000
9968396546000
9968415054000
9968433558000
9968452065000
9968470574000
9968489079000
9968507586000
9968526094000
9968544601000
9968563108000
9968581615000
9968600123000
9968618631000
9968637136000
9968655643000
9968674150000
9968692656000
9968711164000
9968729671000
9968748178000
9968766687000
9968785191000
9968803700000
9968822206000
9968840713000
9968859218000
9968877726000
9968896240000
9968914740000
9968933247000
9968951756000
9968970263000
9968988768000
9969007275000
9969025783000
9969044289000
9969062796000
9969081303000
9969099813000
9969118317000
9969136825000
9969155331000
9969173838000
9969192344000
9969210851000
9969229358000
9969247866000
9969266373000
9969284880000
9969303390000
9969321895000
9969340401000
9969358907000
9969377415000
9969395922000
9969414428000
9969432936000
9969451446000
9969469951000
9969488457000
9969506964000
9969525472000
9969543977000
9969562484000
9969580991000
9969599498000
9969618005000
9969636514000
9969655022000
9969673526000
9969692033000
9969710540000
9969729046000
9969747555000
9969766062000
9969784569000
9969803078000
9969821582000
9969840089000
9969858596000
9969877102000
9969895609000
9969914116000
9969932624000
9969951131000
9969969640000
9969988146000
9970006654000
9970025159000
9970043666000
9970062172000
9970080681000
9970099187000
9970117695000
9970136202000
9970154711000
9970173215000
9970191722000
9970210228000
9970228737000
9970247243000
9970265749000
9970284255000
9970302764000
9970321270000
9970339779000
9970358287000
9970376792000
9970395298000
9970413806000
9970432312000
9970450823000
9970469329000
9970487835000
9970506342000
9970524847000
9970543355000
9970561860000
9970580369000
9970598875000
9970617381000
9970635890000
9970654397000
9970672903000
9970691412000
9970709919000
9970728425000
9970746931000
9970765439000
9970783945000
9970802452000
9970820960000
9970839469000
9970857973000
9970876481000
9970894986000
9970913494000
9970932000000
9970950508000
9970969016000
9970987521000
9971006028000
9971024537000
9971043043000
9971061549000
9971080057000
9971098565000
9971117071000
9971135578000
9971154085000
9971172592000
9971191099000
9971209605000
9971228112000
9971246621000
9971265126000
9971283635000
9971302141000
9971320647000
9971339153000
9971357661000
9971376169000
9971394678000
9971413181000
9971431690000
9971450196000
9971468703000
9971487211000
9971505718000
9971524225000
9971542733000
9971561238000
9971579746000
9971598251000
9971616759000
9971635265000
9971653776000
9971672280000
9971690786000
9971709300000
9971727803000
9971746310000
9971764816000
9971783322000
9971801830000
9971820335000
9971838843000
9971857349000
9971875859000
9971894366000
9971912870000
9971931379000
9971949884000
9971968392000
9971986901000
9972005406000
9972023913000
9972042419000
9972060928000
9972079436000
9972097942000
9972116447000
9972134953000
9972153461000
9972171968000
9972190476000
9972208982000
9972227490000
9972245996000
9972264507000
9972283010000
9972301517000
9972320024000
9972338531000
9972357038000
9972375545000
9972394052000
9972412560000
9972431067000
9972449575000
9972468081000
9972486587000
9972505094000
9972523601000
9972542106000
9972560616000
9972579123000
9972597628000
9972616136000
9972634643000
9972653149000
9972671657000
9972690164000
9972708672000
9972727180000
9972745685000
9972764192000
9972782700000
9972801207000
9972819713000
9972838220000
9972856727000
9972875233000
9972893741000
9972912248000
9972930756000
9972949261000
9972967768000
9972986274000
9973004782000
9973023289000
9973041797000
9973060305000
9973078811000
9973097315000
9973115825000
9973134339000
9973152838000
9973171345000
9973189853000
9973208358000
9973226866000
9973245375000
9973263881000
9973282389000
9973300893000
9973319401000
9973337907000
9973356415000
9973374921000
9973393429000
9973411938000
9973430442000
9973448948000
9973467458000
9973485965000
9973504471000
9973522978000
9973541484000
9973559992000
9973578499000
9973597005000
9973615514000
9973634023000
9973652526000
9973671032000
9973689541000
9973708047000
9973726554000
9973745063000
9973763571000
9973782074000
9973800582000
9973819090000
9973837598000
9973856102000
9973874612000
9973893117000
9973911624000
9973930130000
9973948640000
9973967146000
9973985653000
9974004159000
9974022666000
9974041172000
9974059681000
9974078187000
9974096696000
9974115202000
9974133707000
9974152214000
9974170723000
9974189230000
9974207736000
9974226243000
9974244750000
9974263257000
9974281764000
9974300272000
9974318780000
9974337284000
9974355792000
9974374297000
9974392807000
9974411313000
9974429820000
9974448327000
9974466836000
9974485339000
9974503851000
9974522361000
9974540872000
9974559374000
9974577876000
9974596382000
9974614889000
9974633397000
9974651906000
9974670412000
9974688918000
9974707424000
9974725931000
9974744438000
9974762945000
9974781452000
9974799960000
9974818468000
9974836972000
9974855480000
9974873990000
9974892494000
9974911000000
9974929509000
9974948014000
9974966522000
9974985029000
9975003537000
9975022046000
9975040551000
9975059056000
9975077564000
9975096071000
9975114577000
9975133084000
9975151594000
9975170098000
9975188605000
9975207112000
9975225621000
9975244127000
9975262633000
9975281140000
9975299647000
9975318154000
9975336662000
9975355169000
9975373676000
9975392182000
9975410689000
9975429196000
9975447705000
9975466209000
9975484717000
9975503226000
9975521730000
9975540238000
9975558744000
9975577254000
9975595759000
9975614267000
9975632773000
9975651280000
9975669787000
9975688294000
9975706804000
9975725308000
9975743815000
9975762322000
9975780831000
9975799335000
9975817843000
9975836350000
9975854859000
9975873363000
9975891869000
9975910377000
9975928885000
9975947396000
9975965898000
9975984405000
9976002912000
9976021419000
9976039928000
9976058435000
9976076940000
9976095448000
9976113955000
9976132461000
9976150968000
9976169476000
9976187983000
9976206492000
9976224996000
9976243503000
9976262009000
9976280517000
9976299024000
9976317532000
9976336038000
9976354546000
9976373053000
9976391560000
9976410068000
9976428573000
9976447080000
9976465588000
9976484093000
9976502601000
9976521109000
9976539617000
9976558124000
9976576630000
9976595136000
9976613642000
9976632148000
9976650657000
9976669163000
9976687671000
9976706177000
9976724684000
9976743193000
9976761701000
9976780204000
9976798713000
9976817219000
9976835726000
9976854233000
9976872742000
9976891249000
9976909754000
9976928262000
9976946768000
9976965274000
9976983782000
9977002288000
9977020796000
9977039303000
9977057810000
9977076318000
9977094825000
9977113331000
9977131839000
9977150344000
9977168856000
9977187360000
9977205867000
9977224373000
9977242882000
9977261387000
9977279894000
9977298400000
9977316907000
9977335426000
9977353923000
9977372440000
9977390936000
9977409443000
9977427951000
9977446459000
9977464964000
9977483471000
9977501978000
9977520486000
9977538992000
9977557499000
9977576006000
9977594514000
9977613019000
9977631526000
9977650032000
9977668541000
9977687046000
9977705555000
9977724060000
9977742569000
9977761075000
9977779583000
9977798092000
9977816595000
9977835103000
9977853612000
9977872117000
9977890624000
9977909132000
9977927640000
9977946146000
9977964653000
9977983159000
9978001665000
9978020172000
9978038681000
9978057187000
9978075694000
9978094201000
9978112709000
9978131216000
9978149724000
9978168229000
9978186736000
9978205242000
9978223749000
9978242257000
9978260765000
9978279272000
9978297778000
9978316284000
9978334792000
9978353299000
9978371806000
9978390311000
9978408820000
9978427325000
9978445834000
9978464341000
9978482849000
9978501358000
9978519861000
9978538368000
9978556876000
9978575383000
9978593890000
9978612397000
9978630905000
9978649410000
9978667917000
9978686424000
9978704931000
9978723437000
9978741944000
9978760459000
9978778959000
9978797472000
9978815974000
9978834482000
9978871493000
9978890001000
9978908507000
9978927014000
9978945522000
9978964029000
9978982538000
9979001043000
9979019550000
9979038058000
9979056562000
9979075069000
9979130591000
9979149098000
9979167607000
9979186113000
9979204618000
9979223125000
9979241633000
9979260141000
9979278646000
9979297153000
9979315661000
9979334169000
9979352674000
9979371181000
9979389688000
9979408195000
9979426702000
9979445210000
9979463716000
9979482222000
9979500730000
9979519237000
9979537746000
9979556250000
9979574758000
9979593266000
9979611773000
9979630278000
9979648787000
9979667294000
9979685802000
9979704307000
9979722815000
9979741322000
9979759828000
9979778333000
9979796841000
9979815348000
9979833855000
9979852362000
9979870871000
9979889378000
9979907883000
9979926390000
9979944897000
9979963404000
9979981912000
9980000418000
9980018927000
9980037432000
9980055939000
9980074446000
9980092954000
9980111459000
9980129967000
9980148473000
9980166981000
9980185488000
9980203996000
9980222505000
9980241010000
9980259517000
9980278023000
9980296530000
9980315037000
9980333544000
9980352052000
9980370560000
9980389064000
9980407572000
9980426078000
9980444587000
9980463091000
9980481599000
9980500105000
9980518614000
9980537123000
9980555629000
9980574138000
9980592643000
9980611148000
9980629655000
9980648162000
9980666669000
9980685176000
9980703685000
9980722192000
9980740697000
9980759204000
9980777712000
9980796218000
9980814725000
9980833231000
9980851738000
9980870247000
9980888753000
9980907261000
9980925770000
9980944274000
9980962781000
9980981287000
9980999795000
9981018301000
9981036810000
9981055318000
9981073825000
9981092330000
9981110838000
9981129344000
9981147850000
9981166358000
9981184864000
9981203370000
9981221879000
9981240385000
9981258894000
9981277403000
9981295906000
9981314413000
9981332920000
9981351428000
9981369935000
9981388443000
9981406950000
9981425455000
9981443963000
9981462469000
9981480976000
9981499482000
9981517990000
9981536496000
9981555004000
9981573516000
9981592019000
9981610527000
9981629035000
9981647539000
9981666047000
9981684553000
9981703060000
9981721567000
9981740076000
9981758584000
9981777089000
9981795595000
9981814101000
9981832609000
9981851115000
9981869623000
9981888129000
9981906636000
9981925143000
9981943653000
9981962160000
9981980667000
9981999171000
9982017679000
9982036185000
9982054693000
9982073199000
9982091708000
9982110217000
9982128720000
9982147227000
9982165735000
9982184241000
9982202748000
9982221256000
9982239762000
9982258268000
9982276777000
9982313793000
9982332297000
9982350804000
9982369310000
9982387818000
9982406325000
9982424832000
9982443341000
9982461848000
9982480352000
9982498860000
9982517366000
9982535874000
9982554381000
9982572888000
9982591393000
9982609902000
9982628409000
9982646919000
9982665424000
9982683930000
9982702437000
9982720945000
9982739450000
9982757959000
9982776465000
9982794973000
9982813482000
9982831985000
9982850492000
9982869000000
9982887506000
9982906014000
9982924521000
9982943027000
9982961533000
9982980042000
9982998554000
9983017057000
9983035562000
9983054070000
9983072576000
9983091083000
9983109591000
9983128098000
9983146606000
9983165111000
9983183618000
9983202125000
9983220632000
9983239138000
9983257647000
9983276154000
9983294659000
9983313166000
9983331674000
9983350182000
9983368688000
9983387196000
9983405702000
9983424208000
9983442717000
9983461222000
9983479731000
9983498238000
9983516744000
9983535250000
9983553758000
9983572265000
9983590773000
9983609279000
9983627787000
9983646292000
9983664799000
9983683307000
9983701816000
9983720320000
9983738828000
9983757336000
9983775842000
9983794349000
9983812860000
9983831363000
9983849873000
9983868375000
9983886883000
9983905389000
9983923897000
9983942404000
9983960913000
9983979420000
9983997925000
9984016431000
9984034941000
9984053448000
9984071953000
9984090460000
9984108968000
9984164488000
9984182996000
9984201505000
9984220008000
9984238515000
9984257022000
9984275529000
9984294037000
9984312543000
9984331052000
9984349558000
9984368064000
9984386577000
9984405082000
9984423585000
9984442094000
9984460599000
9984479106000
9984497613000
9984516122000
9984534629000
9984553134000
9984571642000
9984590148000
9984608655000
9984627163000
9984645669000
9984664176000
9984682685000
9984701189000
9984719696000
9984738206000
9984756713000
9984775218000
9984793725000
9984812232000
9984830739000
9984849245000
9984867753000
9984886261000
9984904766000
9984923273000
9984941780000
9984960287000
9984978795000
9984997301000
9985015809000
9985034317000
9985052822000
9985071328000
9985089839000
9985108343000
9985126851000
9985145357000
9985163864000
9985182370000
9985200878000
9985219386000
9985237894000
9985256398000
9985274906000
9985293414000
9985311920000
9985330426000
9985348934000
9985367442000
9985385950000
9985404454000
9985422961000
9985441470000
9985459977000
9985478482000
9985496989000
9985515496000
9985534004000
9985552510000
9985571019000
9985589527000
9985608031000
9985626539000
9985645046000
9985663552000
9985682060000
9985700566000
9985719075000
9985737582000
9985756087000
9985774593000
9985793105000
9985811610000
9985830115000
9985848622000
9985867129000
9985885636000
9985904144000
9985922652000
9985941160000
9985959665000
9985978173000
9985996678000
9986015185000
9986033692000
9986052200000
9986070709000
9986089212000
9986107720000
9986126227000
9986144736000
9986163241000
9986181748000
9986200254000
9986218762000
9986237270000
9986255777000
9986274284000
9986292791000
9986311297000
9986329803000
9986348310000
9986366817000
9986385324000
9986403833000
9986422340000
9986440845000
9986459353000
9986477859000
9986496365000
9986514874000
9986533380000
9986551887000
9986570394000
9986588902000
9986607410000
9986625919000
9986644423000
9986662929000
9986681436000
9986699943000
9986718449000
9986736957000
9986755466000
9986773973000
9986792478000
9986810984000
9986829490000
9986847998000
9986866506000
9986885013000
9986903520000
9986922027000
9986940534000
9986959042000
9986977550000
9986996054000
9987014561000
9987033068000
9987051575000
9987070082000
9987088590000
9987107099000
9987125607000
9987144111000
9987162617000
9987181124000
9987199637000
9987218138000
9987236645000
9987255153000
9987273659000
9987292168000
9987310675000
9987329183000
9987347687000
9987366194000
9987384701000
9987403208000
9987421716000
9987440224000
9987458731000
9987477239000
9987495743000
9987514249000
9987532757000
9987551264000
9987569771000
9987588278000
9987606786000
9987625292000
9987643801000
9987662307000
9987680815000
9987699321000
9987717828000
9987736333000
9987754841000
9987773348000
9987791857000
9987810364000
9987828869000
9987847376000
9987865884000
9987884390000
9987902897000
9987921404000
9987939911000
9987958419000
9987976925000
9987995432000
9988013941000
9988032445000
9988050953000
9988069460000
9988087968000
9988106473000
9988124982000
9988143489000
9988161997000
9988180502000
9988199009000
9988217515000
9988236022000
9988254529000
9988273036000
9988291545000
9988310051000
9988328557000
9988347065000
9988365573000
9988384080000
9988402584000
9988421093000
9988439599000
9988458107000
9988476615000
9988495122000
9988513630000
9988532134000
9988550641000
9988569148000
9988587654000
9988606163000
9988624673000
9988643178000
9988661682000
9988680191000
9988698698000
9988717207000
9988735710000
9988754218000
9988772725000
9988791231000
9988809739000
9988828246000
9988846754000
9988865262000
9988883767000
9988902273000
9988920780000
9988939286000
9988957794000
9988976301000
9988994808000
9989013315000
9989031824000
9989050331000
9989068839000
9989087343000
9989105850000
9989124357000
9989142864000
9989161370000
9989179879000
9989198386000
9989216892000
