10433882905000
10433901412000
10433919917000
10433938422000
10433956933000
10433975451000
10433993944000
10434012451000
10434030958000
10434049466000
10434067972000
10434086480000
10434104986000
10434123492000
10434141999000
10434160506000
10434179012000
10434197520000
10434216028000
10434234536000
10434253042000
10434271547000
10434290054000
10434308564000
10434327068000
10434345575000
10434364083000
10434382589000
10434401096000
10434419604000
10434438111000
10434456616000
10434475124000
10434493630000
10434512137000
10434530645000
10434549153000
10434567659000
10434586167000
10434604672000
10434623178000
10434641687000
10434660191000
10434678700000
10434697206000
10434715713000
10434734220000
10434752727000
10434771235000
10434789746000
10434808248000
10434826754000
10434845264000
10434863768000
10434882275000
10434900783000
10434919290000
10434937799000
10434956303000
10434974810000
10434993317000
10435011824000
10435030331000
10435048837000
10435067345000
10435085852000
10435104359000
10435122866000
10435141374000
10435159881000
10435178386000
10435196893000
10435215399000
10435233907000
10435252414000
10435270922000
10435289428000
10435307936000
10435326440000
10435344947000
10435363459000
10435381963000
10435400473000
10435418976000
10435437482000
10435455991000
10435474498000
10435493003000
10435511511000
10435530017000
10435548524000
10435567031000
10435585539000
10435604045000
10435622553000
10435641058000
10435659565000
10435678072000
10435696580000
10435715085000
10435733593000
10435752099000
10435770608000
10435789114000
10435807624000
10435826129000
10435844634000
10435863140000
10435881649000
10435900155000
10435918661000
10435937169000
10435955678000
10435974185000
10435992689000
10436011195000
10436029702000
10436048209000
10436066717000
10436085224000
10436103731000
10436122238000
10436140745000
10436159253000
10436177762000
10436196264000
10436214773000
10436233280000
10436251787000
10436270292000
10436288800000
10436307308000
10436325816000
10436344320000
10436362827000
10436381334000
10436399841000
10436418347000
10436436860000
10436455362000
10436473869000
10436492375000
10436510884000
10436529392000
10436547896000
10436566404000
10436584914000
10436603416000
10436621925000
10436640433000
10436658940000
10436677446000
10436695952000
10436714457000
10436732966000
10436751471000
10436769979000
10436788492000
10436806994000
10436825499000
10436844008000
10436862515000
10436881021000
10436899527000
10436918036000
10436936541000
10436955049000
10436973556000
10436992064000
10437010572000
10437029075000
10437047582000
10437066090000
10437084595000
10437103102000
10437121610000
10437140118000
10437158624000
10437177131000
10437195638000
10437214146000
10437232652000
10437251158000
10437269666000
10437288173000
10437306680000
10437325186000
10437343695000
10437362201000
10437380707000
10437399213000
10437417721000
10437436227000
10437454734000
10437473242000
10437491748000
10437510255000
10437528762000
10437547269000
10437565778000
10437584282000
10437602789000
10437621295000
10437639803000
10437658310000
10437676817000
10437695325000
10437713831000
10437732338000
10437750845000
10437769352000
10437787858000
10437806366000
10437824895000
10437843380000
10437861886000
10437880395000
10437898902000
10437917406000
10437935914000
10437954421000
10437972929000
10437991434000
10438009941000
10438028449000
10438046957000
10438065462000
10438083969000
10438102477000
10438120983000
10438139489000
10438157996000
10438176502000
10438195010000
10438213525000
10438232025000
10438250533000
10438269038000
10438287545000
10438306052000
10438324558000
10438343065000
10438361573000
10438380081000
10438398588000
10438417093000
10438435600000
10438454106000
10438472614000
10438491119000
10438509628000
10438528134000
10438546641000
10438565148000
10438583656000
10438602164000
10438620670000
10438639176000
10438657683000
10438676190000
10438694696000
10438713204000
10438731712000
10438750220000
10438768724000
10438787230000
10438805740000
10438824245000
10438842752000
10438861258000
10438879765000
10438898272000
10438916780000
10438935287000
10438953796000
10438972301000
10438990809000
10439009313000
10439027820000
10439046327000
10439064836000
10439083343000
10439101848000
10439120356000
10439138862000
10439157369000
10439175876000
10439194383000
10439212889000
10439231395000
10439249903000
10439268411000
10439286919000
10439305424000
10439323932000
10439342439000
10439360945000
10439379451000
10439397960000
10439416467000
10439434975000
10439453480000
10439471987000
10439490494000
10439509001000
10439527506000
10439546014000
10439564520000
10439583027000
10439601538000
10439620042000
10439638550000
10439657057000
10439675562000
10439694070000
10439712576000
10439731082000
10439749590000
10439768099000
10439786605000
10439805111000
10439823617000
10439842124000
10439860631000
10439879137000
10439897645000
10439916151000
10439934658000
10439953167000
10439971674000
10439990183000
10440008687000
10440027192000
10440045700000
10440064206000
10440082713000
10440101222000
10440119730000
10440138235000
10440156742000
10440175247000
10440193755000
10440212262000
10440230769000
10440249277000
10440267784000
10440286289000
10440304799000
10440323308000
10440341810000
10440360318000
10440378825000
10440397331000
10440415838000
10440434345000
10440452857000
10440471361000
10440489866000
10440508372000
10440526879000
10440545387000
10440563894000
10440582400000
10440600908000
10440619414000
10440637920000
10440656429000
10440674937000
10440693442000
10440711949000
10440730456000
10440748962000
10440767470000
10440785977000
10440804486000
10440822993000
10440841497000
10440860004000
10440878510000
10440897018000
10440915523000
10440934032000
10440952539000
10440971044000
10440989552000
10441008060000
10441026567000
10441045072000
10441063579000
10441082086000
10441100593000
10441119101000
10441137608000
10441156116000
10441174624000
10441193128000
10441211635000
10441230141000
10441248649000
10441267156000
10441285663000
10441304170000
10441322676000
10441341182000
10441359691000
10441378200000
10441396704000
10441415210000
10441433717000
10441452224000
10441470731000
10441489239000
