10446745197000
10446763704000
10446782210000
10446800717000
10446819224000
10446837732000
10446856240000
10446874745000
10446893251000
10446911759000
10446930265000
10446948772000
10446967279000
10446985786000
10447004294000
10447022802000
10447041308000
10447059816000
10447078321000
10447096828000
10447115335000
10447133842000
10447152348000
10447170856000
10447189363000
10447207874000
10447226376000
10447244883000
10447263390000
10447281897000
10447300403000
10447318910000
10447337416000
10447355925000
10447374431000
10447392941000
10447411448000
10447429952000
10447448459000
10447466966000
10447485473000
10447503980000
10447522490000
10447540995000
10447559503000
10447578008000
10447596514000
10447615021000
10447633528000
10447652035000
10447670541000
10447689049000
10447707557000
10447726063000
10447744570000
10447763079000
10447781583000
10447800090000
10447818597000
10447837104000
10447855610000
10447874119000
10447892627000
10447911132000
10447929639000
10447948145000
10447966653000
10447985159000
10448003669000
10448022173000
10448040679000
10448059187000
10448077695000
10448096202000
10448114707000
10448133215000
10448151722000
10448170228000
10448188735000
10448207243000
10448225750000
10448244258000
10448262763000
10448281271000
10448299777000
10448318283000
10448336791000
10448355298000
10448373804000
10448392310000
10448410819000
10448429325000
10448447835000
10448466339000
10448484846000
10448503351000
10448521860000
10448540365000
10448558873000
10448577382000
10448595889000
10448614394000
10448632900000
10448651408000
10448669916000
10448688421000
10448706930000
10448725434000
10448743941000
10448762450000
10448780957000
10448799465000
10448817970000
10448836476000
10448854984000
10448873490000
10448891998000
10448910505000
10448929013000
10448947521000
10448966025000
10448984531000
10449003039000
10449021546000
10449040053000
10449058560000
10449077066000
10449095572000
10449114082000
10449132589000
10449151096000
10449169601000
10449188108000
10449206615000
10449225122000
10449243628000
10449262137000
10449280643000
10449299149000
10449317656000
10449336163000
10449354670000
10449373181000
10449391685000
10449410192000
10449428697000
10449447204000
10449465720000
10449484220000
10449502726000
10449521232000
10449539738000
10449558246000
10449576752000
10449595260000
10449613768000
10449632278000
10449650780000
10449669287000
10449687793000
10449706300000
10449724807000
10449743314000
10449761827000
10449780328000
10449798836000
10449817342000
10449835851000
10449854356000
10449872864000
10449891371000
10449909876000
10449928383000
10449946891000
10449965399000
10449983906000
10450002410000
10450020918000
10450039424000
10450057932000
10450076438000
10450094946000
10450113455000
10450131959000
10450150465000
10450168975000
10450187482000
10450205988000
10450243000000
10450261508000
10450280015000
10450298523000
10450317030000
10450335538000
10450354043000
10450372548000
10450391056000
10450409563000
10450428070000
10450446577000
10450465085000
10450483589000
10450502097000
10450520605000
10450539113000
10450557618000
10450576128000
10450594632000
10450613140000
10450631646000
10450650153000
10450668662000
10450687166000
10450705673000
10450724180000
10450742687000
10450761195000
10450779701000
10450798209000
10450816716000
10450835221000
10450853727000
10450872238000
10450890751000
10450909250000
10450927757000
10450946265000
10450964769000
10450983277000
10451001785000
10451020293000
10451038797000
10451057305000
10451075812000
10451094318000
10451112825000
10451131333000
10451149840000
10451168347000
10451186851000
10451205358000
10451242373000
10451260880000
10451279386000
10451297894000
10451316401000
10451334909000
10451353416000
10451371925000
10451390428000
10451408936000
10451427442000
10451445949000
10451464455000
10451482963000
10451501471000
10451519976000
10451538484000
10451556990000
10451575500000
10451594004000
10451612512000
10451631017000
10451649525000
10451668032000
10451686541000
10451705047000
10451723553000
10451742060000
10451760566000
10451779073000
10451797580000
10451816087000
10451834594000
10451853103000
10451871607000
10451890114000
10451908621000
10451927131000
10451945635000
10451964142000
10451982649000
10452001156000
10452019663000
10452038171000
10452056678000
10452075185000
10452093690000
10452112199000
10452130705000
10452149212000
10452167718000
10452186227000
10452204733000
10452223242000
10452241744000
10452260252000
10452278766000
10452297267000
10452315774000
10452334280000
10452352787000
10452371294000
10452389805000
10452408312000
10452426815000
10452445322000
10452463829000
10452482336000
10452500842000
10452519351000
10452537857000
10452556365000
10452574870000
10452593376000
10452611884000
10452630390000
10452648898000
10452667404000
10452685911000
10452704418000
10452722925000
10452741433000
10452759941000
10452778446000
10452796953000
10452815459000
10452833966000
10452852472000
10452870981000
10452889489000
10452907994000
10452926500000
10452945007000
10452963514000
10452982020000
10453000528000
10453019036000
10453037542000
10453056049000
10453074556000
10453093066000
10453111570000
10453130077000
10453148585000
10453167091000
10453185597000
10453204104000
10453222612000
10453241121000
10453259625000
10453278132000
10453296639000
10453315145000
10453333651000
10453352159000
10453370666000
10453389174000
10453407681000
10453426188000
10453444695000
10453463201000
10453481707000
10453500214000
10453518721000
10453537229000
10453555735000
10453574244000
10453592755000
10453611256000
10453629764000
10453648269000
10453666775000
10453685283000
10453703798000
10453722299000
10453740805000
10453759312000
10453777820000
10453796327000
10453814832000
10453833339000
10453851846000
10453870352000
10453888859000
10453907367000
10453925875000
10453944383000
10453962888000
10453981394000
10453999902000
10454018407000
10454036914000
10454055422000
10454073928000
10454092435000
10454110943000
10454129452000
10454147958000
10454166462000
10454184970000
10454203476000
10454221984000
10454240491000
10454258999000
10454277506000
10454296012000
10454314518000
10454333025000
10454351531000
10454370039000
10454388545000
10454407053000
10454425560000
10454444067000
10454462577000
10454481082000
10454499587000
10454518096000
10454536600000
10454555108000
10454573615000
10454592122000
10454610630000
10454629138000
10454647641000
10454666149000
10454684656000
10454703162000
10454721669000
10454740176000
10454758684000
10454777191000
10454795698000
10454814207000
10454832714000
10454851218000
10454869724000
10454888234000
10454906741000
10454925246000
10454943752000
10454962262000
10454980769000
10454999273000
10455017780000
10455036287000
10455054793000
10455073302000
10455091810000
10455110316000
10455128825000
10455147329000
10455165837000
10455184345000
10455202850000
10455221356000
10455239864000
10455258370000
10455276877000
10455295385000
10455313892000
10455332400000
10455350904000
10455369411000
10455387918000
10455406425000
10455424932000
10455443438000
10455461947000
10455480452000
10455498960000
10455517468000
10455535977000
10455554480000
10455572988000
10455591495000
10455610001000
10455628508000
10455647016000
10455665524000
10455684028000
10455702535000
10455721042000
10455739550000
10455758056000
10455776562000
10455795069000
10455813577000
10455832085000
10455850591000
10455869101000
10455887604000
10455906111000
10455924618000
10455943126000
10455961632000
10455980139000
10455998649000
10456017155000
10456035659000
10456054166000
10456072672000
10456091180000
10456109687000
10456128196000
10456146701000
10456165210000
10456183714000
10456202223000
10456220731000
10456239237000
10456257743000
10456276249000
10456294756000
10456313265000
10456331772000
10456350279000
10456368786000
10456387295000
10456405797000
10456424305000
10456442812000
10456461318000
10456479825000
10456498332000
10456516847000
10456535346000
10456553853000
10456572362000
10456590866000
10456609373000
10456627880000
10456646388000
10456664895000
10456683402000
10456701910000
10456720418000
10456738922000
10456757428000
10456775936000
10456794443000
10456812949000
10456831456000
10456849963000
10456868470000
10456886977000
10456905485000
10456923994000
10456942497000
10456961005000
10456979512000
10456998020000
10457016524000
10457035033000
10457053540000
10457072047000
10457090553000
10457109060000
10457127567000
10457146074000
10457164581000
10457183087000
10457201595000
10457220102000
10457238609000
10457257120000
10457275622000
10457294130000
10457312635000
10457331142000
10457349649000
10457368156000
10457386664000
10457405173000
10457423678000
10457442183000
10457460691000
10457479198000
10457497705000
10457516212000
10457534717000
10457553225000
10457571732000
10457590241000
10457608747000
10457627253000
10457645760000
10457664266000
10457682773000
