7928448425090
7928481714790
7928515004190
7928548292390
7928581581590
7928614874390
7928648160090
7928681449390
7928714745890
7928748029490
7928781317790
7928814613990
7928847900190
7928881208190
7928914482190
7928947764690
7928981063590
7929014343490
7929047632890
7929080923090
7929114212790
7929147500790
7929180791490
7929214081790
7929247369190
7929280659590
7929313948090
7929347270390
7929380526590
7929413815990
7929447112290
7929480397390
7929513683990
7929546983490
7929580263790
7929613552290
7929646848690
7929680132190
7929713420990
7929746710990
7929779999290
7929813290190
7929846579490
7929879867290
7929913157590
7929946447490
7929979735490
7930013025890
7930046315290
7930079606190
7930112894390
7930146182490
7930179479090
7930212783190
7930246050390
7930279346890
7930312669090
7930345919190
7930379215690
7930412506090
7930445787990
7930479076590
7930512365490
7930545656190
7930578944990
7930612233690
7930645524290
7930678813490
7930712102190
7930745392590
7930778681490
7930811979190
7930845260190
7930878548890
7930911846190
7930945127490
7930978416890
7931011712490
7931044996890
7931078285190
7931111581990
7931144865290
7931178154390
7931211442990
7931244731790
7931278022990
7931311310990
7931344600390
7931377890290
7931411181190
7931444468490
7931477758590
7931511049590
7931544337090
7931577626690
7931610915190
7931644231990
7931677493990
7931710783690
7931744079190
7931777362690
7931810651390
7931843948190
7931877232290
7931910519090
7931943809890
7931977098290
7932010388290
7932043677190
7932076966590
7932110257490
7932143547090
7932176834590
7932210138690
7932243415390
7932276703290
7932309993390
7932343281790
7932376577290
7932409861690
7932443149690
7932476446690
7932509730790
7932543017490
7932576314490
7932609599190
7932642886390
7932676176290
7932709477990
7932742755390
7932776044490
7932809332990
7932842623490
7932875911790
7932909200790
7932942491890
7932975819090
7933009070990
7933042359890
7933075649390
7933108945290
7933142228490
7933175515990
7933208813090
7933242094990
7933275384190
7933308681090
7933341964990
7933375252390
7933408546390
7933441833390
7933475122790
7933508410990
7933541699990
7933574990690
7933608277790
7933641567490
7933674857790
7933708147190
7933741435590
7933774725390
7933808015490
7933841316990
7933874594390
7933907882490
7933941179390
7933974461790
7934007750690
7934041046690
7934074332090
7934107621990
7934140912690
7934174199690
7934207486990
7934240777690
7934274065890
7934307380490
7934340644390
7934373934290
7934407224190
7934440513790
7934473801790
7934507092390
7934540382790
7934573675790
7934606960890
7934640248890
7934673545290
7934706828790
7934740117490
7934773413890
7934806696890
7934839985390
7934873282290
7934906565890
7934939853290
7934973143990
7935006450690
7935039722190
7935073012290
7935106300290
7935139591090
7935172896390
7935206168090
7935239462690
7935272750290
7935306041990
7935339326390
7935372616590
7935405911890
7935439195490
7935472483390
7935505780890
7935539062190
7935572351690
7935605645190
7935638981190
7935672219790
7935705510290
7935738799790
7935772088990
7935805378590
7935838666590
7935871958090
7935905245490
7935938534590
7935971825190
7936005115990
7936038408290
7936071692490
7936104982690
7936138278990
7936171561590
7936204849490
7936238147690
7936271428190
7936304717590
7936338014590
7936371297690
7936404586290
7936437876390
7936471166890
7936504476490
7936537744890
7936571032790
7936604338390
7936637611490
7936670900790
7936704191690
7936737480990
7936770774490
7936804059990
7936837349990
7936870642990
7936903927890
7936937216090
7936970545490
7937003795290
7937037084090
7937070381290
7937103664890
7937136975190
7937170242890
7937203532190
7937236820890
7937270111090
7937303400390
7937336689590
7937369979390
7937403267190
7937436557890
7937469847990
7937503140690
7937536425990
7937569715790
7937603009190
7937636293790
7937669583990
7937702879290
7937736162790
7937769450490
7937802747590
7937836053390
7937869318790
7937902609690
7937935929990
7937969186990
7938002476990
7938035766690
7938069055590
7938102345790
7938135634090
7938168926190
7938202212790
7938235506990
7938268792290
7938302081390
7938335375990
7938368660590
7938401950190
7938435246690
7938468528590
7938501816690
7938535115190
7938568397590
7938601685390
7938634975390
7938668264490
7938701553190
7938734843890
7938768133290
7938801422090
7938834711690
7938868000190
7938901290890
7938934579290
7938967872990
7939001158990
7939034452590
7939067742090
7939101027090
7939134317690
7939167611090
7939200894590
7939234183590
7939267509990
7939300763590
7939334051390
7939367342190
7939400630790
7939433919790
7939467210490
7939500500190
7939533787990
7939567078390
7939600366890
7939633656790
7939666945990
7939700240890
7939733525290
7939766815190
7939800108690
7939833393190
7939866683490
7939899977690
7939933261390
7939966549990
7939999846290
7940033129990
7940066418090
7940099708690
7940133006290
7940166286390
7940199576590
7940232865590
7940266154390
7940299444490
7940332761890
7940366022990
7940399312590
7940432605390
7940465891890
7940499180090
7940532476190
7940565762990
7940599068690
7940632343190
7940665627390
7940698917490
7940732213390
7940765495790
7940798784390
7940832075990
7940865362890
7940898652290
7940931942990
7940965233190
7940998520290
7941031811490
7941065101490
7941098390290
7941131679290
7941164972490
7941198258790
7941231546490
7941264841490
7941298125990
7941331415290
7941364709490
7941397994190
7941431284090
7941464596690
7941497862590
7941531150590
7941564444390
7941597729390
7941631018790
7941664309190
7941697598390
7941730887090
7941764177690
7941797467690
7941830754890
7941864045590
7941897338390
7941930673990
7941963912890
7941997207490
7942030492290
7942063781690
7942097076790
7942130360490
7942163650790
7942196944590
7942230228490
7942263517290
7942296807290
7942330097390
7942363385490
7942396675690
7942429964790
7942463256390
7942496543790
7942529833290
7942563121690
7942596411790
7942629733290
7942662990190
7942696279990
7942729573990
7942762858990
7942796168990
7942829442890
7942862728590
7942896030290
7942929310990
7942962595290
7942995885190
7943029173690
7943062462890
7943095751190
7943129041990
7943162330190
7943195619790
7943228910090
7943262199190
7943295488090
7943328778590
7943362072190
7943395357990
7943428646890
7943461940290
7943495226290
7943528513290
7943561809190
7943595095190
7943628381890
7943661677190
7943694961590
7943728251090
7943761540890
7943794828990
7943828118090
7943861408490
7943894696690
7943927986290
7943961276790
7943994565690
7944027854790
7944061144090
7944094439690
7944127722790
7944161012890
7944194307190
7944227617890
7944260880090
7944294175290
7944327461590
7944360762190
7944394043390
7944427327690
7944460618190
7944493905690
7944527195890
7944560484490
7944593774890
7944627063190
7944660352390
7944693642690
7944726932490
7944760220790
7944793511190
7944826804590
7944860088990
7944893379190
7944926702990
7944959957790
7944993246790
7945026541490
7945059826190
7945093115090
7945126414390
7945159694090
7945192983190
7945226272090
7945259562490
7945292852190
7945326140890
7945359430490
7945392718690
7945426009690
7945459297290
7945492586790
7945525877790
7945559189690
7945592454490
7945625744990
7945659069290
7945692324190
7945725613890
7945758907690
7945792193490
7945825480890
7945858776290
7945892063790
7945925349790
7945958638290
7945991929190
7946025218290
7946058508690
7946091797190
7946125085090
7946158376590
7946191663890
7946224953190
7946258243590
7946291536490
7946324821390
7946358111290
7946391407890
7946424696890
7946457980090
7946491274190
7946524558690
7946557847390
7946591142790
7946624426690
7946657717790
7946691004590
7946724294690
7946757585790
7946790872990
7946824163290
7946857451990
7946890768990
7946924030490
7946957320090
7946990610190
7947023922190
7947057187590
7947090478490
7947123774790
7947157055890
7947190345790
7947223640990
7947256924990
7947290213890
7947323509290
7947356793390
7947390083190
7947423371590
7947456661890
7947489952090
7947523239490
7947556529690
7947589817790
7947623107990
7947656398090
7947689686190
7947722976490
7947756287990
7947789566290
7947822844390
7947856140490
7947889421790
7947922712190
7947956036790
7947989291590
7948022580690
7948055875290
7948089160090
7948122448590
7948155737490
7948189029690
7948222347290
7948255605290
7948288896290
7948322185590
7948355474590
7948388764290
7948422052890
7948455344190
7948488634290
7948521920790
7948555211190
7948588507390
7948621788490
7948655078890
7948688376090
7948721658190
7948754947290
7948788242690
7948821527190
7948854814590
7948888103790
7948921397890
7948954683390
7948987972190
7949021262290
7949054552090
7949087869690
7949121130490
7949154418790
7949187721690
7949221000590
7949254286990
7949287577690
7949320875790
7949354155090
7949387445890
7949420742090
7949454023090
7949487313390
7949520608390
7949553925590
7949587180790
7949620470790
7949653760990
7949687051490
7949720338390
7949753629090
7949786919390
7949820206690
7949853497990
7949886785290
7949920075890
7949953367590
7949986653390
7950019943790
7950053240290
7950086521790
7950119811890
7950153108790
7950186389990
7950219679290
7950253007190
7950286257990
7950319548590
7950352836390
7950386127090
7950419437490
7950452705190
7950485995190
7950519306790
7950552572790
7950585863290
7950619153090
7950652441790
7950685733490
7950719021790
7950752310590
7950785603990
7950818891390
7950852178090
7950885473690
7950918755790
7950952045690
7950985342390
7951018625890
7951051914490
7951085202590
7951118494190
7951151782190
7951185070890
7951218361690
7951251650890
7951284939390
7951318229590
7951351519290
7951384808690
7951418099790
7951451386190
7951484676690
7951517970890
7951551254390
7951584544990
7951617840190
7951651122190
7951684412790
7951717709590
7951750990790
7951784280590
7951817569390
7951850894690
7951884147490
7951917437790
7951950727590
7951984017090
7952017305490
7952050595990
7952083887190
7952117173390
7952150465990
7952183752390
7952217043090
7952250336890
7952283620390
7952316910890
7952350207890
7952383488690
7952416779090
7952450075290
7952483356890
7952516647390
7952549936890
7952583225890
7952616515490
7952649803390
7952683094090
7952716399590
7952749671990
7952782962290
7952816251490
7952849539990
7952882832690
7952916118890
7952949408790
7952982704690
7953015987090
7953049277590
7953082571590
7953115855390
7953149145390
7953182476790
7953215723490
7953249013890
7953282302990
7953315592090
7953348881190
7953382170890
7953415461390
7953448748990
7953482045790
7953515328790
7953548617790
7953581906190
7953615198090
7953648486390
7953681776390
7953715070290
7953748353490
7953781644690
7953814937490
7953848221790
7953881511890
7953914806790
7953948089890
7953981380090
7954014669790
7954047970390
7954081247490
7954114536690
7954147826390
7954181115290
7954214404690
7954247698290
7954280985490
7954314273290
7954347564690
7954380853790
7954414140690
7954447437390
7954480719990
7954514033990
7954547304590
7954580588090
7954613882090
7954647184890
7954680456290
7954713746790
7954747036790
7954780323790
7954813613990
7954846903290
7954880195090
7954913482390
7954946771490
7954980061590
7955013353190
7955046639390
7955079931190
7955113219490
7955146507090
7955179803090
7955213086290
7955246376490
7955279671890
7955312954290
7955346244690
7955379560990
7955412822390
7955446112990
7955479411390
7955512690090
7955545981290
7955579270890
7955612559690
7955645848690
7955679138090
7955712427590
7955745716290
7955779005190
7955812296990
7955845618590
7955878873590
7955912169490
7955945453590
7955978742990
7956012037890
7956045320590
7956078611890
7956111905890
7956145195190
7956178479390
7956211772990
7956245056990
7956278347490
7956311637990
7956344926190
7956378215490
7956411503990
7956444794390
7956478082790
7956511375390
7956544663590
7956577951790
7956611240090
7956644535490
7956677820990
7956711130990
7956744404290
7956777686790
7956810994690
7956844272290
7956877555590
7956910845690
7956944134990
7956977423490
7957010713690
7957044004090
7957077291890
7957110581590
7957143870590
7957177160290
7957210449190
7957243737990
7957277029490
7957310319490
7957343606690
7957376902790
7957410187090
7957443474590
7957476770590
7957510054890
7957543343690
7957576639190
7957609921490
7957643211990
7957676501690
7957709789990
7957743079990
7957776370190
7957809657590
7957842948090
7957876237690
7957909526990
7957942816390
7957976104690
7958009395990
7958042683390
7958075972990
7958109268990
7958142581690
7958175840790
7958209136290
7958242421190
7958275710290
7958309005890
7958342287990
7958375578590
7958408886790
7958442156190
7958475446390
7958508736090
7958542024090
7958575315290
7958608603990
7958641893990
7958675182890
7958708471190
7958741763690
7958775049690
7958808339390
7958841635690
7958874918790
7958908207190
7958941503290
7958974787390
7959008076290
7959041371790
7959074654390
7959107944890
7959141232890
7959174522690
7959207812590
7959241102090
7959274390790
7959307681090
7959340970990
7959374259290
7959407549190
7959440837590
7959474151190
7959507416390
7959540705890
7959574001690
7959607285090
7959640574090
7959673869790
7959707154290
7959740441490
7959773738090
7959807020490
7959840310690
7959873599690
7959906889090
7959940179390
7959973469790
7960006757190
7960040047390
7960073336990
7960106625190
7960139915590
7960173205290
7960206494590
7960239784190
7960273071790
7960306372090
7960339657490
7960372940590
7960406236190
7960439524390
7960472808690
7960506104190
7960539395790
7960572677290
7960605973890
7960639255090
7960672545790
7960705833790
7960739123390
7960772413890
7960805743090
7960838991490
7960872281990
7960905571190
7960938862090
7960972150390
7961005438590
7961038736490
7961072016890
7961105306690
7961138602390
7961171885990
7961205174790
7961238471490
7961271754290
7961305045290
7961338332690
7961371621090
7961404913190
7961438200090
7961471489590
7961504780290
7961538069090
7961571357690
7961604648190
7961637939590
7961671248090
7961704516290
7961737804790
7961771100990
7961804383590
7961837672990
7961870969590
7961904254090
7961937540990
7961970837090
7962004123190
7962037408990
7962070706290
7962104000390
7962137307590
7962170566890
7962203872690
7962237146790
7962270436090
7962303724190
7962337014790
7962370305090
7962403591990
7962436882790
7962470170890
7962503466890
7962536750090
7962570039090
7962603335690
7962636619290
7962669907690
7962703203590
7962736487790
7962769775490
7962803072090
7962836367190
7962869644290
7962902934290
7962936222490
7962969513190
7963002830390
7963036090390
7963069381190
7963102685490
7963135959290
7963169248990
7963202539190
7963235834490
7963269117190
7963302405690
7963335705890
7963368984090
7963402274090
7963435569690
7963468888290
7963502141790
7963535438890
7963568721790
7963602011190
7963635300790
7963668588690
7963701880190
7963735167290
7963768456890
7963801747090
7963835037790
7963868325090
7963901615690
7963934906390
7963968202490
7964001483990
7964034772090
7964068069390
7964101367290
7964134639990
7964167936390
7964201219790
7964234508190
7964267804490
7964301089090
7964334398990
7964367666790
7964400954990
7964434266990
7964467533590
7964500822790
7964534113890
7964567403290
7964600691490
7964633983590
7964667272190
7964700564790
7964733849890
7964767138490
7964800434090
7964833716690
7964867006390
7964900302990
7964933586890
7964966874690
7965000171190
7965033455590
7965066742590
7965100033890
7965133339390
7965166612090
7965199901690
7965233189690
7965266480290
7965299769390
7965333057590
7965366348690
7965399637690
7965432930490
7965466216490
7965499505990
7965532800790
7965566084290
7965599373490
7965632683590
7965665951790
7965699240790
7965732538090
7965765852490
7965799109090
7965832399690
7965865689090
7965898978190
7965932267790
7965965575390
7965998847190
7966032135290
7966065424590
7966098714490
7966132003990
7966165296990
7966198583090
7966231872490
7966265168890
7966298450490
7966331739090
7966365037590
7966398318090
7966431607290
7966464904190
7966498186790
7966531475690
7966564766390
7966598055190
7966631343490
7966664634090
7966697922490
7966731212890
7966764504190
7966797790690
7966831080990
7966864370490
7966897662990
7966930949790
7966964239490
7966997532590
7967030816990
7967064106390
7967097432090
7967130684290
7967163974190
7967197270490
7967230553190
7967263842290
7967297132490
7967330422290
7967363709890
7967397000590
7967430295190
7967463579490
7967496868390
7967530158490
7967563447390
7967596737790
7967630028790
7967663315590
7967696604890
7967729899190
7967763183390
7967796473490
7967829768390
7967863052190
7967896339890
7967929637190
7967962926690
7967996208190
7968029498490
7968062788090
7968096076390
7968129366790
7968162677890
7968195945490
7968229235190
7968262523190
7968295814190
7968329101990
7968362395290
7968395681990
7968428990890
7968462265090
7968495549390
7968528839890
7968562135690
7968595418190
7968628706990
7968662008390
7968695285390
7968728574490
7968761865290
7968795154290
7968828442890
7968861733490
7968895023590
7968928312590
7968961601590
7968994889390
7969028181090
7969061468590
7969094762490
7969128048190
7969161336990
7969194631590
7969227916190
7969261206190
7969294515890
7969327784790
7969361072990
7969394369590
7969427653690
7969460941290
7969494231590
7969527521990
7969560809390
7969594099790
7969627389890
7969660677590
7969693967590
7969727284390
7969760595690
7969793834690
7969827128790
7969860414990
7969893703990
7969926997790
7969960283090
7969993572990
7970026865790
7970060150690
7970093439390
7970126735890
7970160019090
7970193307590
7970226597890
7970259887590
7970293175590
7970326465890
7970359756090
7970393043690
7970426333890
7970459649990
7970492912790
7970526202390
7970559497290
7970592781190
7970626091290
7970659364290
7970692650790
7970725948190
7970759232790
7970792517090
7970825806890
7970859102590
7970892385290
7970925673890
7970958964490
7970992252490
7971025541990
7971058832590
7971092154390
7971125409590
7971158700090
7971191989590
7971225279190
7971258568190
7971291860490
7971325148090
7971358435790
7971391731090
7971425015690
7971458305690
7971491598990
7971524883090
7971558174390
7971591469390
7971624752190
7971658039890
7971691331090
7971724618890
7971757907990
7971791198990
7971824487790
7971857776790
7971891066890
7971924357190
7971957667990
7971990934790
7972024226990
7972057532490
7972090801890
7972124097490
7972157381990
7972190670990
7972223965090
7972257249490
7972290540590
7972323834690
7972357118690
7972390406490
7972423696690
7972456988090
7972490274890
7972523565490
7972556855390
7972590142890
7972623433390
7972656723490
7972690011290
7972723301590
7972756622090
7972789879790
7972823169490
7972856463590
7972889748490
7972923037890
7972956332190
7972989616290
7973022905790
7973056200590
7973089484690
7973122772990
7973156063590
7973189352790
7973222640890
7973255931890
7973289219790
7973322509190
7973355799790
7973389119890
7973422376890
7973455667590
7973488963390
7973522245690
7973555536590
7973588831390
7973622116090
7973655402690
7973688698890
7973721983090
7973755271690
7973788566490
7973821850690
7973855140790
7973888430490
7973921719190
7973955007490
7973988299090
7974021586090
7974054875590
7974088165890
7974121455490
7974154743690
7974188034190
7974221326990
7974254612690
7974287902290
7974321196390
7974354495390
7974387769290
7974421064390
7974454348990
7974487638190
7974520932690
7974554216690
7974587507590
7974620794890
7974654085590
7974687373790
7974720702690
7974753952490
7974787241990
7974820532190
7974853821290
7974887110290
7974920400190
7974953694790
7974986978490
7975020268790
7975053563490
7975086846690
7975120141690
7975153430890
7975186715790
7975220005990
7975253299590
7975286583190
7975319873090
7975353161190
7975386451690
7975419741390
7975453030390
7975486319890
7975519608290
7975552898990
7975586197490
7975619476390
7975652767090
7975686059690
7975719344290
7975752635290
7975785958490
7975819213490
7975852502890
7975885797290
7975919081890
7975952370190
7975985665890
7976018949790
7976052259490
7976085527690
7976118818290
7976152107590
7976185397190
7976218686490
7976251977690
7976285266390
7976318553390
7976351842790
7976385133190
7976418425490
7976451710890
7976485001290
7976518296890
7976551581290
7976584869490
7976618163590
7976651449090
7976684736890
7976718031890
7976751315990
7976784605590
7976817894290
7976851184690
7976884474190
7976917781290
7976951052990
7976984340990
7977017633090
7977050919990
7977084209190
7977117499690
7977150793290
7977184077090
7977217367590
7977250664790
7977283945590
7977317235790
7977350560290
7977383868390
7977417102690
7977450398990
7977483682390
7977516971890
7977550260390
7977583550690
7977616841090
7977650128690
7977683419290
7977716707190
7977749997490
7977783286690
7977816575490
7977849865890
7977883158990
7977916443890
7977949734290
7977983030890
7978016311690
7978049602290
7978082926590
7978116180990
7978149483390
7978182764390
7978216050990
7978249357890
7978282627090
7978315917590
7978349214090
7978382494890
7978415785590
7978449075390
7978482364390
7978515653590
7978548942090
7978582232190
7978615522890
7978648810190
7978682100890
7978715446190
7978748678190
7978781968590
7978815264390
7978848547390
7978881836790
7978915130890
7978948418490
7978981704190
7979014992990
7979048283390
7979081574190
7979114861490
7979148151690
7979181442990
7979214731290
7979248019990
7979281308290
7979314599090
7979347888890
7979381176490
7979414466590
7979447762090
7979481044390
7979514334690
7979547636690
7979580934990
7979614203290
7979647497690
7979680817990
7979714070190
7979747359790
7979780650190
7979813939090
7979847229290
7979880518090
7979913808190
7979947096090
7979980386390
7980013674690
7980047007690
7980080255290
7980113542690
7980146833490
7980180129390
7980213411190
7980246701890
7980279997590
7980313279090
7980346569790
7980379864190
7980413147890
7980446437090
7980479725690
7980513016590
7980546305990
7980579593690
7980612884590
7980646174490
7980679462590
7980712752790
7980746040990
7980779331690
7980812622890
7980845908990
7980879199690
7980912515990
7980945777490
7980979067890
7981012379590
7981045645590
7981078935990
7981112232190
7981145514290
7981178804190
7981212092390
7981245382790
7981278671490
7981311960590
7981345250990
7981378540090
7981411828390
7981445119590
7981478408890
7981511698290
7981544988590
7981578275390
7981611566990
7981644860090
7981678143690
7981711434190
7981744729190
7981778011990
7981811302390
7981844598690
7981877881090
7981911170490
7981944467790
7981977749190
7982011037690
7982044326490
7982077633290
7982110906490
7982144195090
7982177485490
7982210775690
7982244063090
7982277355090
7982310641590
7982343962990
7982377226690
7982410510390
7982443800290
7982477096590
7982510378290
7982543668790
7982576965390
7982610246690
7982643536790
7982676825090
7982710115390
7982743404290
7982776693390
7982809983590
7982843273790
7982876561290
7982909851890
7982943141090
7982976429690
7983009720790
7983043010190
7983076298090
7983109594190
7983142876590
7983176167190
7983209463590
7983242744390
7983276035290
7983309331290
7983342612890
7983375903190
7983409192990
7983442481590
7983475771090
7983509059790
7983542349890
7983575638090
7983608927690
7983642218190
7983675527390
7983708795590
7983742087390
7983775375790
7983808665490
7983841976990
7983875242490
7983908534190
7983941827790
7983975110890
7984008401590
7984041697090
7984074979090
7984108269690
7984141558690
7984174848690
7984208137690
7984241425790
7984274717290
7984308005190
7984341294390
7984374584290
7984407873990
7984441162190
7984474453590
7984507742590
7984541042190
7984574326690
7984607608990
7984640899490
7984674193490
7984707477590
7984740767390
7984774064790
7984807345690
7984840635790
7984873929290
7984907213590
7984940503990
7984973797390
7985007113590
7985040371190
7985073660390
7985106950990
7985140240590
7985173528690
7985206819590
7985240109490
7985273396390
7985306692690
7985339975490
7985373265890
7985406561690
7985439843690
7985473134190
7985506430890
7985539711690
7985573002290
7985606299190
7985639580590
7985672869990
7985706159790
7985739450290
7985772737790
7985806027190
7985839317190
7985872625890
7985905895390
7985939185690
7985972485590
7986005763390
7986039059390
7986072342290
7986105631890
7986138927890
7986172209990
7986205500390
7986238795290
7986272078390
7986305368590
7986338694590
7986371945990
7986405236990
7986438526090
7986471815690
7986505104990
7986538392890
7986571684890
7986604971690
7986638261690
7986671552290
7986704842390
7986738129490
7986771425290
7986804710490
7986837999290
7986871297090
7986904578090
7986937867390
7986971161490
7987004444290
7987037734990
7987071027990
7987104313090
7987137602890
7987170893290
7987204203290
7987237471690
7987270759590
7987304066990
7987337338890
7987370627990
7987403918390
7987437207390
7987470495690
7987503792090
7987537076790
7987570364090
7987603659890
7987636942890
7987670264690
7987703528490
7987736810890
7987770101290
7987803394290
7987836679290
7987869969590
7987903259790
7987936547290
7987969839490
7988003125990
7988036416390
7988069705690
7988102993890
7988136284690
7988169574190
7988202862090
7988236158290
7988269442290
7988302730590
7988336026390
7988369310690
7988402599390
7988435894890
7988469177490
7988502467890
7988535760190
7988569045290
7988602335290
7988635647090
7988668913290
7988702203890
7988735493690
7988768786090
7988802072090
7988835361890
7988868650990
7988901939490
7988935228690
7988968524790
7989001808190
7989035096990
7989068393090
7989101676590
7989134967190
7989168261690
7989201545490
7989234834790
7989268122190
7989301412290
7989334702090
7989367991090
7989401279890
7989434569990
7989467860090
7989501148690
7989534438690
7989567726690
7989601018090
7989634305490
7989667594890
7989700890690
7989734174290
7989767462790
7989800759390
7989834044190
7989867330690
7989900627990
7989933910190
7989967232090
7990000488890
7990033778390
7990067068690
7990100357490
7990133646290
7990166936690
7990200227790
7990233514590
7990266804790
7990300093390
7990333383190
7990366672290
7990399961390
7990433256690
7990466542090
7990499829390
7990533125790
7990566411490
7990599697490
7990632994190
7990666300190
7990699566890
7990732862790
7990766144390
7990799435190
7990832726890
7990866012590
7990899303090
7990932592190
7990965880790
7990999171290
7991032460590
7991065749990
7991099039690
7991132327390
7991165623690
7991198906490
7991232195890
7991265492290
7991298798190
7991332063790
7991365360290
7991398643890
7991431933590
7991465229190
7991498510590
7991531802090
7991565089190
7991598379090
7991631669490
7991664958590
7991698246890
7991731537690
7991764827190
7991798117190
7991831405790
7991864694290
7991897991290
7991931273190
7991964562190
7991997857790
7992031143890
7992064430290
7992097726690
7992131010490
7992164311390
7992197594990
7992230877590
7992264166890
7992297455690
7992330745590
7992364035790
7992397326190
7992430613190
7992463903390
7992497194490
7992530482190
7992563785790
7992597061490
7992630405790
7992663639190
7992696928590
7992730224890
7992763508090
7992796796590
7992830092990
7992863377190
7992896664090
7992929961690
7992963262090
7992996533890
7993029823390
7993063112090
7993096402390
7993129692190
7993162979890
7993196270090
7993229560290
7993262848690
7993296137990
7993329426990
7993362721690
7993396007190
7993429294790
7993462591390
7993495895390
7993529163490
7993562459690
7993595756790
7993629031290
7993662327990
7993695647990
7993728900090
7993762189690
7993795478090
7993828768490
7993862056790
7993895346490
7993928636990
7993961982390
7993995213890
7994028504990
7994061794390
7994095090590
7994128373190
7994161661290
7994194959190
7994228239690
7994261529690
7994294826090
7994328111490
7994361397690
7994394694490
7994427978890
7994461269890
7994494556290
7994527844690
7994561135790
7994594423090
7994627712890
7994661002790
7994694292690
7994727580490
7994760871090
7994794161890
7994827479490
7994860738790
7994894027590
7994927335190
7994960606790
7994993895890
7995027191990
7995060475090
7995093763890
7995127060690
7995160344390
7995193631990
7995226930090
7995260210990
7995293534290
7995326789390
7995360078790
7995393368990
7995426658590
7995459947090
7995493237390
7995526527490
7995559819490
7995593105390
7995626393890
7995659689990
7995692972990
7995726262090
7995759558490
7995792842190
7995826130290
7995859427190
7995892710290
7995925998490
7995959288390
7995992594490
7996025866490
7996059156890
7996092445190
7996125736190
7996159024590
7996192313390
7996225603690
7996258911990
7996292185190
7996325471590
7996358764990
7996392057290
7996425339790
7996458628590
7996491925290
7996525207590
7996558496990
7996591792990
7996625075890
7996658364390
7996691655090
7996724944590
7996758234690
7996791523090
7996824811490
7996858102690
7996891390390
7996924679890
7996957970190
7996991259290
7997024551690
7997057837990
7997091127690
7997124423790
7997157705490
7997190994490
7997224291690
7997257573190
7997290862890
7997324159790
7997357442090
7997390730890
7997424021690
7997457311790
7997490599290
7997523889390
7997557179590
7997590504090
7997623757190
7997657045790
7997690336490
7997723625590
7997756918090
7997790204790
7997823495290
7997856788090
7997890072490
7997923361390
7997956657090
7997989940390
7998023229290
7998056526290
7998089811290
7998123097590
7998156388090
7998189676890
7998222965490
7998256275790
7998289545590
7998322834390
7998356124190
7998389412490
7998422703090
7998455998190
7998489283990
7998522570990
7998555860090
7998589154290
7998622438790
7998655730190
7998689023590
7998722306690
7998755595690
7998788892090
7998822176190
7998855463890
7998888754690
7998922069990
7998955331690
7998988622390
7999021918290
7999055200990
7999088490290
7999121778990
7999155069790
7999188357090
7999221649990
7999254937790
7999288226390
7999321520990
7999354805490
7999388094890
7999421391590
7999454673090
7999487961890
7999521260190
7999554540390
7999587830090
7999621120690
7999654409890
7999687698390
7999720988690
7999754278490
7999787582690
7999820856790
7999854145190
7999887455790
7999920724090
7999954017090
7999987303690
8000020594190
8000053887190
8000087172190
8000120462190
8000153758390
8000187039590
8000220328290
8000253655390
8000286907290
8000320196590
8000353486990
8000386776290
8000420064590
8000453355190
8000486645190
8000519932590
8000553223090
8000586511190
8000619802090
8000653091290
8000686382990
8000719670190
8000752959990
8000786253290
8000819538290
8000852827990
8000886122190
8000919418090
8000952694790
8000985991290
8001019274490
8001052562790
8001085853290
8001119164090
8001152430990
8001185721690
8001219022690
8001252298990
8001285589690
8001318905790
8001352168490
8001385458090
8001418748990
8001452041890
8001485324790
8001518619890
8001551904390
8001585228590
8001618487590
8001651772990
8001685062690
8001718358490
8001751640390
8001784929590
8001818220190
8001851507990
8001884797590
8001918087690
8001951377790
8001984665290
8002017955190
8002051249890
8002084535190
8002117824390
8002151115890
8002184403190
8002217690890
8002250985990
8002284270590
8002317559990
8002350854290
8002384139090
8002417429990
8002450745390
8002484006390
8002517296190
8002550611890
8002584121190
8002617163690
8002650453890
8002683743190
8002717031690
8002750322190
8002783612290
8002816903390
8002850190190
8002883481890
8002916769090
8002950057290
8002983352890
8003016637390
8003049927390
8003083220690
8003116505290
8003149795590
8003183089190
8003216373090
8003249661390
8003282951790
8003316242090
8003349529990
8003382820490
8003416108690
8003449398490
8003482688390
8003515978190
8003549265790
8003582557090
8003615877090
8003649135090
8003682424490
8003715718790
8003749003690
8003782292090
8003815587590
8003848871590
8003882191290
8003915455490
8003948739890
8003982031190
8004015318590
8004048608390
8004081896290
8004115188590
8004148474990
8004181764790
8004215055290
8004248344390
8004281632490
8004314923190
8004348215790
8004381502790
8004414791490
8004448085090
8004481370690
8004514657890
8004547953190
8004581239790
8004614527290
8004647822390
8004681106590
8004714414390
8004747690790
8004780974590
8004814262590
8004847553090
8004880840990
8004914130890
8004947421190
8004980710690
8005013998890
8005047289790
8005080582690
8005113867190
8005147157290
8005180451790
8005213768090
8005247024890
8005280319890
8005313604690
8005346893590
8005380188090
8005413472690
8005446763090
8005480065590
8005513340590
8005546629390
8005579919390
8005613208190
8005646496890
8005679787790
8005713077790
8005746365090
8005779655590
8005812947890
8005846233890
8005879523690
8005912819390
8005946102490
8005979391790
8006012686090
8006045970890
8006079270290
8006112554490
8006145838990
8006179128890
8006212416390
8006245706990
8006278996290
8006312285890
8006345575590
8006378863590
8006412154090
8006445442190
8006478731690
8006512021890
8006545364290
8006578599290
8006611905490
8006645213590
8006678469090
8006711758490
8006745052590
8006778338190
8006811625490
8006844921390
8006878205490
8006911494490
8006944782590
8006978073390
8007011362590
8007044652990
8007077941690
8007111230090
8007144521490
8007177808790
8007211098090
8007244388190
8007277679390
8007310966090
8007344256990
8007377552590
8007410855590
8007444124490
8007477418690
8007510727290
8007543991990
8007577287290
8007610571490
8007643861890
8007677149290
8007710440190
8007743729690
8007777017090
8007810308190
8007843596590
8007876944290
8007910175190
8007943464490
8007976754990
8008010047090
8008043332590
8008076623190
8008109919690
8008143200190
8008176490890
8008209785690
8008243069890
8008276359090
8008309653590
8008342937990
8008376227490
8008409515790
8008442805890
8008476096290
8008509404490
8008542674290
8008575962790
8008609252390
8008642542790
8008675830990
8008709121290
8008742433090
8008775698490
8008808989390
8008842296090
8008875566590
8008908856990
8008942181390
8008975436290
8009008725990
8009042019790
8009075306990
8009108592390
8009141882190
8009175172590
8009208494290
8009241749390
8009275040290
8009308329590
8009341619390
8009374908890
8009408196790
8009441488690
8009474776990
8009508065390
8009541355290
8009574651390
8009607933290
8009641223890
8009674520890
8009707802290
8009741092090
8009774386590
8009807670890
8009840959190
8009874248890
8009907538690
8009940827790
8009974116390
8010007406890
8010040696590
8010073984790
8010107275490
8010140563490
8010173880590
8010207143390
8010240431490
8010273722290
8010307017890
8010340299790
8010373590390
8010406890290
8010440168390
8010473457890
8010506753290
8010540036790
8010573325590
8010606614490
8010639905090
8010673195290
8010706482590
8010739773790
8010773063890
8010806350790
8010839641790
8010872930190
8010906219890
8010939510890
8010972797890
8011006088690
8011039384390
8011072666090
8011105956690
8011139252390
8011172539190
8011205824390
8011239150790
8011272402790
8011305691990
8011338981090
8011372420690
8011405559890
8011438849390
8011472139990
8011505464690
8011538716890
8011572007690
8011605296890
8011638586190
8011671877290
8011705164190
8011738455590
8011771748690
8011805032390
8011838322990
8011871617890
8011904900790
8011938191090
8011971487290
8012004770490
8012038058990
8012071347390
8012104638790
8012137926290
8012171215390
8012204505990
8012237795290
8012271083790
8012304377390
8012337663190
8012370960590
8012404243390
8012437530490
8012470820790
8012504114990
8012537398590
8012570689590
8012603984590
8012637267090
8012670557090
8012703854390
8012737134790
8012770425490
8012803713890
8012837033690
8012870292490
8012903581690
8012936872490
8012970161890
8013003450190
8013036740190
8013070030890
8013103317890
8013136609090
8013169896890
8013203187190
8013236481890
8013269765190
8013303056090
8013336351990
8013369633190
8013402923690
8013436219790
8013469501190
8013502791690
8013536084990
8013569370190
8013602658890
8013635948190
8013669238790
8013702546290
8013735816190
8013769107090
8013802401790
8013835687590
8013868975590
8013902264990
8013935553590
8013968849190
8014002131490
8014035422290
8014068715590
8014101999590
8014135289990
8014168616190
8014201867590
8014235158190
8014268451490
8014301737290
8014335026490
8014368314690
8014401605890
8014434893590
8014468182790
8014501473290
8014534762190
8014568051090
8014601342190
8014634631290
8014667920790
8014701215590
8014734497990
8014767788790
8014801082590
8014834366190
8014867656490
8014900951990
8014934234390
8014967524690
8015000821890
8015034124790
8015067392890
8015100681490
8015133995290
8015167259690
8015200549390
8015233839790
8015267129790
8015300417490
8015333707890
8015366997590
8015400285490
8015433581790
8015466864190
8015500194490
8015533448390
8015566732390
8015600022590
8015633319090
8015666600490
8015699890990
8015733191390
8015766468590
8015799759090
8015833047590
8015866337590
8015899627590
8015932915990
8015966205990
8015999495890
8016032783790
8016066074190
8016099363990
8016132651590
8016165947990
8016199230790
8016232520990
8016265816690
8016299098690
8016332388890
8016365705790
8016398966690
8016432257090
8016465575490
8016498841790
8016532125590
8016565414190
8016598703990
8016631993190
8016665281590
8016698572290
8016731860290
8016765150190
8016798440090
8016831729490
8016865018090
8016898314390
8016931598290
8016964888190
8016998182090
8017031465090
8017064756290
8017098049590
8017131333290
8017164623790
8017197920290
8017231201090
8017264491790
8017297782390
8017331075790
8017364359690
8017397648390
8017430938890
8017464227290
8017497516590
8017530806790
8017564096190
8017597384590
8017630696090
8017663964890
8017697252590
8017730548790
8017763831290
8017797155190
8017830416290
8017863699590
8017896990190
8017930285990
8017963567390
8017996858190
8018030148690
8018063436190
8018096726190
8018130014790
8018163305090
8018196593790
8018229882490
8018263173290
8018296463490
8018329750790
8018363046390
8018396331490
8018429618990
8018462914490
8018496198290
8018529488190
8018562783890
8018596065790
8018629356490
8018662663290
8018695933490
8018729224790
8018762517390
8018795802690
8018829093290
8018862382290
8018895671190
8018928960690
8018962249090
8018995539990
8019028827490
8019062116890
8019095412490
8019128749590
8019161985390
8019195281790
8019228566890
8019261854290
8019295150690
8019328432490
8019361723490
8019395010890
8019428300590
8019461590790
8019494879490
8019528182490
8019561458490
8019594748490
8019628038490
8019661326990
8019694615690
8019727906090
8019761194390
8019794483190
8019827779390
8019861062990
8019894351490
8019927648090
8019960932590
8019994242090
8020027516090
8020060800490
8020094097190
8020127377290
8020160666790
8020193957290
8020227247090
8020260535190
8020293825590
8020327115690
8020360402890
8020393693590
8020426981990
8020460305290
8020493560590
8020526849990
8020560145590
8020593429490
8020626718090
8020660017190
8020693298890
8020726586690
8020759884490
8020793171690
8020826455490
8020859750390
8020893032890
8020926323890
8020959613990
8020992901590
8021026191790
8021059481090
8021092769690
8021126059790
8021159349590
8021192638690
8021225928690
8021259215990
8021292511490
8021325817890
8021359084690
8021392380890
8021425689490
8021458952590
8021492249490
8021525532490
8021558821490
8021592117490
8021625399390
8021658690090
8021691977990
8021725267390
8021758558190
8021791847590
8021825135190
8021858426290
8021891715590
8021925007790
8021958294390
8021991582590
8022024878890
8022058161990
8022091450690
8022124747390
8022158030090
8022191318790
8022224615590
8022257899390
8022291188090
8022324484090
8022357766090
8022391056590
8022424344590
8022457634190
8022490925090
8022524213790
8022557505690
8022590792090
8022624083190
8022657370390
8022690660890
8022723949190
8022757275490
8022790527890
8022823817390
8022857113290
8022890399890
8022923685390
8022956981790
8022990265390
8023023553390
8023056849990
8023090134090
8023123422190
8023156711090
8023190000190
8023223291090
8023256580890
8023289868290
8023323158890
8023356449590
8023389736390
8023423026590
8023456315490
8023489609990
8023522895390
8023556183590
8023589480090
8023622762990
8023656051590
8023689347790
8023722631390
8023755919290
8023789216590
8023822510090
8023855789290
8023889078690
8023922366390
8023955656990
8023988945490
8024022235290
8024055525290
8024088865390
8024122102890
8024155393890
8024188682590
8024221977590
8024255260690
8024288549790
8024321850590
8024355128190
8024388417990
8024421714290
8024455013490
8024488286290
8024521582490
8024554865890
8024588156890
8024621444990
8024654732990
8024688024190
8024721311790
8024754601190
8024787891790
8024821181790
8024854469390
8024887760090
8024921050590
8024954356690
8024987628190
8025020916390
8025054212790
8025087494890
8025120784790
8025154080690
8025187363690
8025220662690
8025253949290
8025287233290
8025320520890
8025353810890
8025387099490
8025420417090
8025453677690
8025486967690
8025520258190
8025553547590
8025586835890
8025620125990
8025653416990
8025686707290
8025719994090
8025753282790
8025786578690
8025819862190
8025853150790
8025886446790
8025919732790
8025953018790
8025986315490
8026019599490
8026052886990
8026086177890
8026119482290
8026152756090
8026186045690
8026219333990
8026252624590
8026285940390
8026319201890
8026352495490
8026385788690
8026419074290
8026452360690
8026485650290
8026518945990
8026552228290
8026585517590
8026618814390
8026652095690
8026685385190
8026718682290
8026751997790
8026785253490
8026818543990
8026851834290
8026885122590
8026918411990
8026951700490
8026984991690
8027018279490
8027051568490
8027084858790
8027118156290
8027151440090
8027184727290
8027218016690
8027251314590
8027284594890
8027317883390
8027351181590
8027384462490
8027417751890
8027451048590
8027484331590
8027517619790
8027550910190
8027584200590
8027617510690
8027650777990
8027684066790
8027717376290
8027750645390
8027783934990
8027817225490
8027850514790
8027883809490
8027917093390
8027950384090
8027983677290
8028016960890
8028050250190
8028083546190
8028116829090
8028150117790
8028183414390
8028216698590
8028249986290
8028283278090
8028316566690
8028349853990
8028383145090
8028416454490
8028449722890
8028483012890
8028516301290
8028549591390
8028582881390
8028616172290
8028649459390
8028682748990
8028716043090
8028749328090
8028782617590
8028815912890
8028849195990
8028882484390
8028915780890
8028949064790
8028982352190
8029015642990
8029048967490
8029082220690
8029115511090
8029148821390
8029182089790
8029215379290
8029248667590
8029281958190
8029315246690
8029348538390
8029381826190
8029415121990
8029448409290
8029481694390
8029514983890
8029548280390
8029581561790
8029614850690
8029648148690
8029681430790
8029714718990
8029748009790
8029781301490
8029814586890
8029847877290
8029881166790
8029914457290
8029947745390
8029981034090
8030014324290
8030047612890
8030080904890
8030114192590
8030147481490
8030180776190
8030214060890
8030247350790
8030280644690
8030313928790
8030347216890
8030380548890
8030413795190
8030447085390
8030480375590
8030513665490
8030546953290
8030580243690
8030613533290
8030646821290
8030680111990
8030713427890
8030746690590
8030779979790
8030813272690
8030846558690
8030879849490
8030913142490
8030946427290
8030979716990
8031013010090
8031046296790
8031079583290
8031112879890
8031146163590
8031179451290
8031212741990
8031246042990
8031279319690
8031312631290
8031345899190
8031379187790
8031412477590
8031445793190
8031479056790
8031512346390
8031545637290
8031578925390
8031612213090
8031645508390
8031678792990
8031712106790
8031745376490
8031778661190
8031811950790
8031845247790
8031878529090
8031911817990
8031945109090
8031978396490
8032011685890
8032044976490
8032078265690
8032111554390
8032144844290
8032178133990
8032211423990
8032244712990
8032278003490
8032311292590
8032344579690
8032377875290
8032411159590
8032444466190
8032477742690
8032511027690
8032544318490
8032577634490
8032610895690
8032644184290
8032677476490
8032710762490
8032744052590
8032777342790
8032810631890
8032843920090
8032877210390
8032910501190
8032943789090
8032977078890
8033010369790
8033043690990
8033076946390
8033110240890
8033143526090
8033176815290
8033210126490
8033243394090
8033276684790
8033309978190
8033343262090
8033376550390
8033409840790
8033443130890
8033476418790
8033509709090
8033542998890
8033576286890
8033609577490
8033642866990
8033676154890
8033709444890
8033742765490
8033776023890
8033809313890
8033842607490
8033875892290
8033909203290
8033942475790
8033975760490
8034009069690
8034042344790
8034075628490
8034108918090
8034142207090
8034175496590
8034208784690
8034242075790
8034275364290
8034308653190
8034341947790
8034375234490
8034408521090
8034441811690
8034475105090
8034508391290
8034541679890
8034574974790
8034608259890
8034641546990
8034674841790
8034708126890
8034741416390
8034774711190
8034807994190
8034841284590
8034874573690
8034907863490
8034941151390
8034974442190
8035007730290
8035041019690
8035074310290
8035107620390
8035140887690
8035174178290
8035207470790
8035240755990
8035274045890
8035307340590
8035340658390
8035373913390
8035407208390
8035440492990
8035473782490
8035507077190
8035540363090
8035573651890
8035606939290
8035640229490
8035673517790
8035706807790
8035740097890
8035773385890
8035806676590
8035839966290
8035873253790
8035906544390
8035939837090
8035973122090
8036006412890
8036039736890
8036072991390
8036106280290
8036139574590
8036172859490
8036206152390
8036239446490
8036272727090
8036306017090
8036339306790
8036372595590
8036405885690
8036439174590
8036472464090
8036505752490
8036539042790
8036572330890
8036605620690
8036638910890
8036672232890
8036705488590
8036738778790
8036772102490
8036805357890
8036838646290
8036871941390
8036905226790
8036938514090
8036971809790
8037005094290
8037038382990
8037071671890
8037104961690
8037138251690
8037171542590
8037204830590
8037238118590
8037271410090
8037304697390
8037337986990
8037371277290
8037404568190
8037437855090
8037471145290
8037504441090
8037537739790
8037571012990
8037604307790
8037637601390
8037670880890
8037704175790
8037737460490
8037770749690
8037804038090
8037837328390
8037870619090
8037903906390
8037937196490
8037970485090
8038003811890
8038037063490
8038070352990
8038103643490
8038136953790
8038170221290
8038203511890
8038236807090
8038270089690
8038303379990
8038336703790
8038369958190
8038403248190
8038436542590
8038469826590
8038503116590
8038536404590
8038569694590
8038602985090
8038636272390
8038669563090
8038702851690
8038736141690
8038769431090
8038802719290
8038836009690
8038869321990
8038902599790
8038935878090
8038969182290
8039002455590
8039035746390
8039069070490
8039102324890
8039135614590
8039168909190
8039202193390
8039235481590
8039268770590
8039302062790
8039335381990
8039368638490
8039401929290
8039435218790
8039468508490
8039501797690
8039535085890
8039568377590
8039601665690
8039634953990
8039668244390
8039701539690
8039734822290
8039768112590
8039801407990
8039834691390
8039867981090
8039901275190
8039934560390
8039967847790
8040001137390
8040034441190
8040067717890
8040101005590
8040134295790
8040167586290
8040200873590
8040234164190
8040267451990
8040300769190
8040334031890
8040367320390
8040400610890
8040433906990
8040467188690
8040500479090
8040533775590
8040567056790
8040600346990
8040633642090
8040666927690
8040700215190
8040733503590
8040766794490
8040800090290
8040833371690
8040866662290
8040899952890
8040933239790
8040966529690
8040999818490
8041033108590
8041066399390
8041099686790
8041132977290
8041166272390
8041199554990
8041232845290
8041266140690
8041299422290
8041332713390
8041366039590
8041399293690
8041432581890
8041465869890
8041499160490
8041532448590
8041565738090
8041599028390
8041632355390
8041665605890
8041698895790
8041732186090
8041765475290
8041798765590
8041832053290
8041865344890
8041898637490
8041931939790
8041965211790
8041998507790
8042031789190
8042065080190
8042098377090
8042131659090
8042164947890
8042198236090
8042231528090
8042264815290
8042298104590
8042331394790
8042364683890
8042397972690
8042431262990
8042464552590
8042497852290
8042531131590
8042564419390
8042597709790
8042631003890
8042664287790
8042697578390
8042730874090
8042764155590
8042797446190
8042830742690
8042864023790
8042897314090
8042930603090
8042963923890
8042997181590
8043030471090
8043063761590
8043097050490
8043130338990
8043163629390
8043196919590
8043230207090
8043263497590
8043296785890
8043330075990
8043363371490
8043396653790
8043429944390
8043463240490
8043496522290
8043529812490
8043563109890
8043596390190
8043629680590
8043662973890
8043696258890
8043729548990
8043762836990
8043796127890
8043829454490
8043862705390
8043895995890
8043929293890
8043962573090
8043995863890
8044029153490
8044062442590
8044095737890
8044129019990
8044162310790
8044195604690
8044228888490
8044262178790
8044295508090
8044328756390
8044362047290
8044395339890
8044428625790
8044461915190
8044495203390
8044528495290
8044561782290
8044595071390
8044628361990
8044661650890
8044694939790
8044728230290
8044761519690
8044794809690
8044828103790
8044861386590
8044894677290
8044927971190
8044961255090
8044994545090
8045027841290
8045061123090
8045094413290
8045127710690
8045161013490
8045194281890
8045227569790
8045260887090
8045294148890
8045327437490
8045360727990
8045394017290
8045427307490
8045460598090
8045493886890
8045527174290
8045560468890
8045593752790
8045627083390
8045660337490
8045693620990
8045726914590
8045760208590
8045793489590
8045826779990
8045860072390
8045893357490
8045926647790
8045959937390
8045993226590
8046026516090
8046059804190
8046093094690
8046126383990
8046159672390
8046192962790
8046226255890
8046259540190
8046292836190
8046326119490
8046359409190
8046392705190
8046425987390
8046459277590
8046492572890
8046525856090
8046559146290
8046592470390
8046625723690
8046659013890
8046692303890
8046725592490
8046758882690
8046792170890
8046825465490
8046858749290
8046892038990
8046925329090
8046958618290
8046991906790
8047025202890
8047058486790
8047091776290
8047125071790
8047158353890
8047191645190
8047224938590
8047258221790
8047291512090
8047324804790
8047358090090
8047391380490
8047424670290
8047457968890
8047491248490
8047524537190
8047557826890
8047591115690
8047624408190
8047657695390
8047690985990
8047724272990
8047757568390
8047790854190
8047824141390
8047857437890
8047890720990
8047924029990
8047957304790
8047990588290
8048023878990
8048057175290
8048090456290
8048123746590
8048157037390
8048190324690
8048223614690
8048256903590
8048290193590
8048323482890
8048356771490
8048390065590
8048423351790
8048456639690
8048489935190
8048523220490
8048556507790
8048589803490
8048623087390
8048656376890
8048689672590
8048722954390
8048756245090
8048789558390
8048822822790
8048856113290
8048889410890
8048922690790
8048955981390
8048989270790
8049022559990
8049055849990
8049089137790
8049122428190
8049155716590
8049189006390
8049222301390
8049255618790
8049288873690
8049322170190
8049355454090
8049388743490
8049422038590
8049455321490
8049488612690
8049521908690
8049555189390
8049588479590
8049621769890
8049655057490
8049688347690
8049721638090
8049754926890
8049788215690
8049821504290
8049854794690
8049888082890
8049921372490
8049954667190
8049987951890
8050021240590
8050054536690
8050087820990
8050121131790
8050154405190
8050187688990
8050220996990
8050254269390
8050287555790
8050320846190
8050354135790
8050387423790
8050420714190
8050454004590
8050487291890
8050520581890
8050553870690
8050587160690
8050620449390
8050653738790
8050687034090
8050720319390
8050753606890
8050786902990
8050820187490
8050853474390
8050886771190
8050920061790
8050953344190
8050986639690
8051019921390
8051053212090
8051086501490
8051119789790
8051153080290
8051186370390
8051219658190
8051252948190
8051286238090
8051319526790
8051352817090
8051386105290
8051419403190
8051452683390
8051485973190
8051519268990
8051552582290
8051585840990
8051619137190
8051652421690
8051685710490
8051719006290
8051752288090
8051785580290
8051818867190
8051852156290
8051885446690
8051918735590
8051952024490
8051985314990
8052018604890
8052051894390
8052085183190
8052118471790
8052151768490
8052185056990
8052218339290
8052251635590
8052284919190
8052318207790
8052351503690
8052384787690
8052418079390
8052451372590
8052484654090
8052517944890
8052551254690
8052584522890
8052617812890
8052651102390
8052684390590
8052717681390
8052750971690
8052784259090
8052817549390
8052850838090
8052884157390
8052917416690
8052950705790
8052984001890
8053017285190
8053050573990
8053083869990
8053117154490
8053150442290
8053183738690
8053217020890
8053250311290
8053283600490
8053316889190
8053350179490
8053383469090
8053416757090
8053450047790
8053483337390
8053516625390
8053549915490
8053583205390
8053616498590
8053649783690
8053683072190
8053716368790
8053749666890
8053782940190
8053816236490
8053849527590
8053882808290
8053916104990
8053949398190
8053982677090
8054015967190
8054049255290
8054082545490
8054115833790
8054149123490
8054182413490
8054215738290
8054248991590
8054282282490
8054315571790
8054348865990
8054382150090
8054415438690
8054448739490
8054482017190
8054515306490
8054548602690
8054581886190
8054615174390
8054648471490
8054681754790
8054715044290
8054748333090
8054781621790
8054814912690
8054848200490
8054881489990
8054914780490
8054948069590
8054981357990
8055014648590
8055047939290
8055081252490
8055114516590
8055147804790
8055181107790
8055214383690
8055247673190
8055280968890
8055314253690
8055347541090
8055380837790
8055414121490
8055447409090
8055480699490
8055514004890
8055547309190
8055580566790
8055613856290
8055647146690
8055680435790
8055713724290
8055747014890
8055780305090
8055813595790
8055846883690
8055880171390
8055913467190
8055946750890
8055980039090
8056013335890
8056046619290
8056079907090
8056113203990
8056146487590
8056179775690
8056213066290
8056246371090
8056279644690
8056312934490
8056346241390
8056379513190
8056412801290
8056446090390
8056479380990
8056512688790
8056545961990
8056579249390
8056612539290
8056645834390
8056679117190
8056712405990
8056745703690
8056778986090
8056812274090
8056845570590
8056878853390
8056912141790
8056945432190
8056978722190
8057012011990
8057045300690
8057078588990
8057111888090
8057145168090
8057178457190
8057211747690
8057245037490
8057278328690
8057311615590
8057344905990
8057378202390
8057411483390
8057444772290
8057478069290
8057511351190
8057544640590
8057577936590
8057611219890
8057644508090
8057677798790
8057711088990
8057744376490
8057777666990
8057810955490
8057844281790
8057877534090
8057910823490
8057944113790
8057977403590
8058010694890
8058043981890
8058077272190
8058110565390
8058143849690
8058177138490
8058210434490
8058243721290
8058277006290
8058310303490
8058343587190
8058376874590
8058410164990
8058443455090
8058476742890
8058510033290
8058543343590
8058576611790
8058609901490
8058643189790
8058676480290
8058709776590
8058743061390
8058776348190
8058809637490
8058842931690
8058876216090
8058909506090
8058942801490
8058976084590
8059009372690
8059042669690
8059075951490
8059109241190
8059142531090
8059175851490
8059209108990
8059242399690
8059275690290
8059308977990
8059342268290
8059375556090
8059408847390
8059442134590
8059475426890
8059508714690
8059542003590
8059575297990
8059608582290
8059641872590
8059675168890
8059708450690
8059741739190
8059775036690
8059808318290
8059841607390
8059874897790
8059908186790
8059941475290
8059974765890
8060008059190
8060041364790
8060074634090
8060107922290
8060141224990
8060174501190
8060207793190
8060241080990
8060274370190
8060307664690
8060340948590
8060374239190
8060407532890
8060440817090
8060474105690
8060507451290
8060540684390
8060573973490
8060607263890
8060640553490
8060673842090
8060707132190
8060740422590
8060773709990
8060807000190
8060840288890
8060873579390
8060906875290
8060940159790
8060973447290
8061006737290
8061040030990
8061073315090
8061106605190
8061139898790
8061173183190
8061206472990
8061239768890
8061273052190
8061306339890
8061339630490
8061372941390
8061406207990
8061439498490
8061472813490
8061506076090
8061539366390
8061572682190
8061605945490
8061639235190
8061672526190
8061705813990
8061739102290
8061772396790
8061805681690
8061839010890
8061872264690
8061905549890
8061938839290
8061972136490
8062005418390
8062038720290
8062071998190
8062105285090
8062138574390
8062171865090
8062205154390
8062238442890
8062271733390
8062305022490
8062338311890
8062371601290
8062404892490
8062438180490
8062471468190
8062504763390
8062538047790
8062571337190
8062604631590
8062637916190
8062671206890
8062704522690
8062737784190
8062771073190
8062804395990
8062837651390
8062870940790
8062904231190
8062937521590
8062970809090
8063004099390
8063037389190
8063070677090
8063103967590
8063137287790
8063170546390
8063203835090
8063237131590
8063270414190
8063303704590
8063336998190
8063370282590
8063403572790
8063436865990
8063470151090
8063503439090
8063536729090
8063570032590
8063603307190
8063636597990
8063669892890
8063703175190
8063736465690
8063769754690
8063803043490
8063836333690
8063869655190
8063902912590
8063936202090
8063969496190
8064002780090
8064036069590
8064069364490
8064102649190
8064135971690
8064169232890
8064202517390
8064235806390
8064269095690
8064302385590
8064335682690
8064368965090
8064402251990
8064435541690
8064468832390
8064502121590
8064535409390
8064568700590
8064601992490
8064635279390
8064668568090
8064701865890
8064735147890
8064768435390
8064801730790
8064835015390
8064868305690
8064901599190
8064934883490
8064968174090
8065001480390
8065034751790
8065068040290
8065101332090
8065134618590
8065167908290
8065201198190
8065234487890
8065267776090
8065301066690
8065334359290
8065367643890
8065400934590
8065434229190
8065467565990
8065500802190
8065534097490
8065567381490
8065600671190
8065633965290
8065667251190
8065700539590
8065733827290
8065767118090
8065800406290
8065833696490
8065866987390
8065900274090
8065933564890
8065966854190
8066000142290
8066033432990
8066066726090
8066100009890
8066133300490
8066166624390
8066199879490
8066233173090
8066266463390
8066299747290
8066333058890
8066366331790
8066399615990
8066432915290
8066466193790
8066499484390
8066532773790
8066566063090
8066599352290
8066632640690
8066665931590
8066699219190
8066732508690
8066765798990
8066799125090
8066832376790
8066865667590
8066898964390
8066932245990
8066965535790
8066998829990
8067032115390
8067065402790
8067098697990
8067131982290
8067165271390
8067198560290
8067231850890
8067265139990
8067298429690
8067331718690
8067365006990
8067398297790
8067431585690
8067464875090
8067498165390
8067531456890
8067564742790
8067598033390
8067631330190
8067664633890
8067697901490
8067731196590
8067764508690
8067797769090
8067831064490
8067864348890
8067897638390
8067930926690
8067964217090
8067997507190
8068030794390
8068064085390
8068097373790
8068130663690
8068163951990
8068197241790
8068230531790
8068263824690
8068297109690
8068330399990
8068363696390
8068396977990
8068430268490
8068463562290
8068496846390
8068530136590
8068563430790
8068596717090
8068630004190
8068663293090
8068696583090
8068729872490
8068763160890
8068796451790
8068829741190
8068863029990
8068896319490
8068929607690
8068962898390
8068996187890
8069029476190
8069062766590
8069096094190
8069129344290
8069162634290
8069195959090
8069229212890
8069262502890
8069295797090
8069329082190
8069362369490
8069395659090
8069428949590
8069462238690
8069495526890
8069528817790
8069562107090
8069595397390
8069628685590
8069661977490
8069695265790
8069728554290
8069761841990
8069795132690
8069828427690
8069861710490
8069895000190
8069928297090
8069961582890
8069994868590
8070028163590
8070061447990
8070094735990
8070128025590
8070161315890
8070194604890
8070227893090
8070261183790
8070294473990
8070327762190
8070361052090
8070394340290
8070427677790
8070460920690
8070494208290
8070527498990
8070560796390
8070594076590
8070627366690
8070660662390
8070693945090
8070727235190
8070760561890
8070793813890
8070827103690
8070860391590
8070893682390
8070926972490
8070960260090
8070993550390
8071026840290
8071060128390
8071093418290
8071126706990
8071159996790
8071193303290
8071226574890
8071259865590
8071293175090
8071326443390
8071359733590
8071393029290
8071426310790
8071459601590
8071492929090
8071526180490
8071559470090
8071592757990
8071626048490
8071659336790
8071692626690
8071725916490
8071759235490
8071792493990
8071825784890
8071859074490
8071892363590
8071925653990
8071958941290
8071992232690
8072025525790
8072058809090
8072092099590
8072125394990
8072158677490
8072191968090
8072225264090
8072258546890
8072291835990
8072325124390
8072358415390
8072391703390
8072424992290
8072458282690
8072491573890
8072524860690
8072558150890
8072591441790
8072624758090
8072658020490
8072691307690
8072724613990
8072757892690
8072791175290
8072824465890
8072857761790
8072891043790
8072924334490
8072957631190
8072990911790
8073024202390
8073057490890
8073090818990
8073124069490
8073157358990
8073190649390
8073223942590
8073257226690
8073290516990
8073323808090
8073357095290
8073390386890
8073423674090
8073456964190
8073490259490
8073523542090
8073556832290
8073590128690
8073623410290
8073656700790
8073689996790
8073723278490
8073756569190
8073789858290
8073823147390
8073856437590
8073889725190
8073923015790
8073956303690
8073989593590
8074022883990
8074056199790
8074089461190
8074122753290
8074156041590
8074189330390
8074222643490
8074255908690
8074289199990
8074322493490
8074355776690
8074389066490
8074422364190
8074455644490
8074488935390
8074522232290
8074555514090
8074588802990
8074622091890
8074655382690
8074688670090
8074721959690
8074755250190
8074788539190
8074821828190
8074855119190
8074888407890
8074921696990
8074954992290
8074988277490
8075021565390
8075054859390
8075088143190
8075121432790
8075154729090
8075188010890
8075221301690
8075254594790
8075287879590
8075321169490
8075354457890
8075387769190
