8717539819290
8717573114590
8717606396990
8717639687190
8717672977690
8717706264790
8717739553490
8717772843490
8717806133190
8717839421390
8717872711790
8717906015390
8717939289690
8717972579790
8718005889190
8718039157390
8718072448190
8718105771090
8718139026590
8718172315590
8718205610390
8718238895090
8718272183190
8718305479190
8718338763090
8718372108590
8718405347290
8718438631090
8718471920790
8718505209990
8718538499290
8718571787790
8718605078890
8718638366990
8718671655890
8718704946290
8718738235390
8718771523990
8718804814290
8718838108890
8718871394190
8718904681890
8718937976390
8718971261590
8719004549490
8719037845490
8719071129090
8719104419490
8719137713590
8719170997590
8719204288290
8719237575390
8719270865690
8719304154090
8719337476390
8719370732690
8719404025890
8719437312590
8719470601490
8719503890090
8719537180690
8719570476790
8719603758090
8719637048190
8719670343690
8719703627990
8719736916390
8719770211190
8719803495890
8719836785690
8719870079690
8719903363990
8719936654590
8719969941790
8720003231890
8720036520290
8720069810590
8720103099990
8720136388890
8720169679090
8720202988090
8720236256690
8720269547190
8720302844190
8720336124790
8720369414590
8720402738790
8720435993890
8720469282890
8720502577790
8720535863490
8720569150390
8720602446090
8720635730290
8720669075990
8720702307690
8720735598490
8720768887690
8720802177290
8720835466790
8720868754590
8720902046490
8720935344190
8720968622990
8721001913490
8721035208190
8721068490790
8721101781090
8721135078690
8721168360290
8721201649290
8721234944590
8721268228790
8721301520090
8721334812590
8721368096590
8721401385590
8721434674290
8721467964790
8721501254590
8721534541990
8721567832690
8721601121190
8721634449890
8721667700090
8721700989190
8721734279690
8721767574190
8721800857190
8721834147290
8721867444690
8721900725590
8721934015290
8721967310690
8722000593890
8722033883790
8722067179290
8722100462890
8722133752490
8722167041090
8722200331190
8722233621290
8722266908690
8722300199490
8722333487390
8722366777490
8722400067790
8722433355690
8722466645890
8722499960690
8722533223690
8722566514490
8722599815390
8722633091590
8722666381990
8722699706590
8722732960990
8722766250590
8722799544890
8722832829690
8722866117390
8722899407190
8722932697290
8722966021590
8722999274490
8723032565590
8723065855590
8723099148390
8723132433290
8723165721990
8723199016290
8723232304690
8723265590390
8723298879990
8723332175290
8723365458390
8723398748490
8723432044490
8723465326490
8723498616490
8723531911390
8723565195590
8723598483990
8723631773490
8723665063190
8723698352290
8723731641090
8723764932190
8723798222190
8723831509190
8723864799790
8723898088390
8723931398390
8723964670690
8723997956390
8724031246390
8724064542490
8724097824290
8724131114790
8724164411290
8724197692390
8724230982290
8724264277590
8724297561990
8724330851390
8724364139190
8724397429890
8724430719890
8724464007390
8724497298190
8724530587890
8724563875390
8724597165990
8724630454490
8724663744290
8724697038090
8724730322890
8724763612790
8724796929490
8724830190790
8724863480690
8724896791190
8724930058790
8724963349090
8724996645390
8725029927790
8725063217490
8725096508690
8725129795790
8725163084690
8725196373990
8725229664290
8725262953590
8725296241790
8725329532190
8725362821890
8725396111890
8725429404190
8725462688590
8725495980290
8725529273490
8725562556790
8725595847290
8725629142790
8725662425090
8725695715390
8725729011690
8725762302190
8725795583790
8725828872090
8725862178790
8725895450890
8725928739990
8725962030590
8725995320090
8726028608390
8726061898790
8726095188990
8726128476390
8726161769890
8726195055490
8726228402990
8726261639990
8726294923090
8726328213490
8726361508990
8726394791390
8726428081890
8726461378490
8726494659590
8726527949790
8726561238790
8726594528790
8726627818390
8726661106190
8726694397090
8726727686690
8726760974690
8726794265290
8726827554290
8726860842490
8726894136790
8726927422590
8726960711590
8726994010890
8727027289690
8727060580490
8727093896590
8727127157790
8727160447890
8727193768390
8727227025990
8727260315890
8727293605990
8727326894590
8727360184390
8727393472890
8727426763790
8727460051290
8727493340490
8727526630990
8727559920790
8727593208990
8727626502690
8727659788890
8727693078790
8727726373590
8727759655590
8727792946990
8727826239590
8727859523690
8727892814290
8727926109890
8727959391790
8727992682190
8728025972090
8728059278790
8728092550390
8728125838690
8728159136490
8728192417690
8728225707390
8728258997790
8728292286990
8728325574890
8728358868290
8728392156090
8728425443090
8728458739790
8728492022290
8728525350890
8728558607090
8728591890290
8728625180690
8728658477890
8728691758290
8728725048390
8728758337890
8728791626590
8728824916590
8728858206290
8728891495590
8728924785890
8728958073390
8728991364090
8729024653390
8729057941590
8729091234690
8729124521890
8729157809490
8729191105790
8729224388490
8729257678790
8729290981290
8729324257190
8729357547090
8729390841790
8729424124390
8729457414590
8729490744090
8729523992890
8729557283190
8729590572890
8729623861590
8729657151390
8729690439590
8729723730990
8729757018890
8729790307890
8729823600890
8729856887390
8729890175690
8729923472290
8729956755790
8729990045690
8730023339890
8730056622890
8730089913990
8730123208290
8730156491290
8730189780790
8730223070190
8730256359190
8730289649690
8730322939890
8730356249390
8730389517490
8730422808290
8730456110690
8730489384590
8730522674090
8730555967190
8730589254590
8730622542190
8730655838290
8730689124390
8730722410190
8730755706790
8730788993590
8730822313290
8730855574090
8730888857390
8730922147590
8730955437890
8730988724890
8731022015690
8731055305990
8731088593490
8731121884090
8731155172090
8731188464490
8731221752490
8731255040590
8731288333590
8731321619690
8731354908390
8731388204590
8731421488190
8731454776690
8731488072590
8731521360190
8731554648890
8731587941090
8731621223890
8731654513590
8731687802190
8731721091390
8731754381890
8731787698490
8731820959690
8731854250390
8731887539890
8731920829890
8731954118190
8731987406890
8732020701590
8732053984990
8732087274790
8732120571090
8732153854690
8732187142690
8732220439090
8732253722590
8732287012590
8732320325790
8732353589990
8732386880890
8732420168290
8732453457790
8732486747890
8732520038990
8732553325690
8732586616490
8732619907090
8732653216690
8732686484790
8732719772890
8732753085090
8732786352090
8732819640790
8732852937090
8732886220490
8732919509490
8732952805190
8732986090090
8733019377190
8733052673690
8733085956190
8733119246190
8733152534690
8733185824090
8733219114690
8733252404890
8733285692290
8733318982590
8733352272990
8733385560290
8733418851090
8733452142690
8733485431790
8733518719590
8733552007590
8733585303790
8733618592490
8733651875290
8733685171190
8733718455590
8733751743790
8733785039990
8733818331590
8733851619790
8733884901890
8733918190390
8733951480790
8733984768990
8734018058790
8734051349090
8734084672390
8734117926090
8734151217190
8734184506390
8734217798390
8734251084990
8734284373690
8734317670690
8734350952290
8734384242090
8734417537890
8734450822690
8734484110090
8734517406590
8734550690790
8734583979590
8734617268490
8734650556990
8734683847590
8734717135290
8734750424790
8734783714890
8734817004490
8734850292790
8734883583090
8734916873590
8734950186090
8734983454290
8735016739390
8735050056390
8735083318890
8735116608290
8735149904290
8735183187790
8735216475990
8735249772990
8735283057190
8735316344290
8735349634890
8735382923190
8735416213490
8735449501390
8735482791590
8735516081790
8735549371690
8735582658990
8735615949190
8735649239690
8735682531290
8735715818090
8735749106290
8735782401990
8735815686590
8735848974290
8735882270990
8735915566690
8735948842490
8735982139090
8736015421790
8736048710490
8736082000590
8736115308090
8736148579290
8736181868390
8736215157590
8736248448090
8736281735890
8736315024990
8736348315690
8736381660690
8736414894990
8736448184090
8736481474890
8736514769290
8736548052290
8736581340490
8736614638490
8736647919190
8736681208590
8736714505890
8736747788090
8736781076390
8736814367090
8736847656690
8736880960290
8736914235490
8736947523790
8736980814790
8737014102190
8737047391790
8737080682290
8737113971490
8737147261690
8737180550290
8737213840590
