8932922082890
8932955376390
8932988661990
8933021950690
8933055240790
8933088531390
8933121818790
8933155109390
8933188421990
8933221687790
8933254976890
8933288265690
8933321555990
8933354846190
8933388139990
8933421423790
8933454713290
8933488007690
8933521292390
8933554581990
8933587877090
8933621160290
8933654448890
8933687742590
8933721027590
8933754316890
8933787607490
8933820920490
8933854184890
8933887475290
8933920787390
8933954054290
8933987343190
8934020631990
8934053925690
8934087213590
8934120505490
8934153789890
8934187079590
8934220373190
8934253658390
8934286948390
8934320244790
8934353527090
8934386815190
8934420112690
8934453395790
8934486683490
8934519973490
8934553262990
8934586551090
8934619841590
8934653131090
8934686423890
8934719709690
8934752998090
8934786288390
8934819576790
8934852871690
8934886156290
8934919446090
8934952739890
8934986024890
8935019315090
8935052608790
8935085892990
8935119181490
8935152507490
8935185760190
8935219049490
8935252339790
8935285630090
8935318917490
8935352208290
8935385497490
8935418785690
8935452076090
8935485393790
8935518654890
8935551943990
8935585237890
8935618522590
8935651813090
8935685106590
8935718390590
8935751680890
8935784974890
8935818258890
8935851547490
8935884840890
8935918127290
8935951415790
8935984709790
8936018016290
8936051283890
8936084574090
8936117881490
8936151151890
8936184442390
8936217760290
8936251021290
8936284310090
8936317603790
8936350889890
8936384177390
8936417472990
8936450756990
8936484079390
8936517341190
8936550625490
8936583914690
8936617212190
8936650493990
8936683781790
8936717073290
8936750361190
8936783650390
8936816940590
8936850229690
8936883518290
8936916808290
8936950097990
8936983387290
8937016676190
8937049970490
8937083255590
8937116543990
8937149838590
8937183123490
8937216413890
8937249707790
8937282991690
8937316282290
8937349573290
8937382859990
8937416148390
8937449475290
8937482727090
8937516016390
8937549306290
8937582595790
8937615884790
8937649174690
8937682465290
8937715752290
8937749042490
8937782336390
