8131280614290
8131313903290
8131347193390
8131380482690
8131413772690
8131447064390
8131480349490
8131513640590
8131546934290
8131580217890
8131613514990
8131646804990
8131680085790
8131713376590
8131746673890
8131779976690
8131813244590
8131846532990
8131879850690
8131913111790
8131946400890
8131979691590
8132012980990
8132046269490
8132079560190
8132112850090
8132146137190
8132179430490
8132212715990
8132246006190
8132279301290
8132312584390
8132345874690
8132379171590
8132412452290
8132445742990
8132479039690
8132512320190
8132545611290
8132578899390
8132612189690
8132645479390
8132678767090
8132712057990
8132745350090
8132778635890
8132811925590
8132845215290
8132878503390
8132911796290
8132945082790
8132978372690
8133011668290
8133044950690
8133078241290
8133111535390
8133144818990
8133178108890
8133211437490
8133244686590
8133277977290
8133311266790
8133344557390
8133377845790
8133411133590
8133444424690
8133477712090
8133511001790
8133544291690
8133577582590
8133610870190
8133644163290
8133677450990
8133710739690
8133744034090
8133777316690
8133810608090
8133843901690
8133877184990
8133910474990
8133943770990
8133977052890
8134010343390
8134043632890
8134076937390
8134110211690
8134143499690
8134176793890
8134210078690
8134243367890
8134276664790
8134309947790
8134343236490
8134376528790
8134409816790
8134443104490
8134476400590
8134509683390
8134543030490
8134576267690
8134609551090
8134642844690
8134676138190
8134709419190
8134742709790
8134776000390
8134809287490
8134842577590
8134875866690
8134909156690
8134942445790
8134975734590
8135009024990
8135042314490
8135075602390
8135108895290
8135142182990
8135175470790
8135208766890
8135242049390
8135275339990
8135308635490
8135341917490
8135375207690
8135408524990
8135441785990
8135475075990
8135508389090
8135541653290
8135574944290
8135608233390
8135641523190
8135674812690
8135708100490
8135741391390
8135774679390
8135807968690
8135841260790
8135874548290
8135907836690
8135941132990
8135974416990
8136007706690
8136041001190
8136074283890
8136107575090
8136140868790
8136174160890
8136207442390
8136240731790
8136274020290
8136307310690
8136340600290
8136373894190
8136407178490
8136440467190
8136473757490
8136507046090
8136540348590
8136573627090
8136606914890
8136640203490
8136673499090
8136706783990
8136740071090
8136773368090
8136806650090
8136839975690
8136873235090
8136906518290
8136939810690
8136973098090
8137006385990
8137039677190
8137072967390
8137106254690
8137139544890
8137172833590
8137206123290
8137239412690
8137272701290
8137305993690
8137339282090
8137372569790
8137405865190
8137439149190
8137472437590
8137505733890
8137539017690
8137572306690
8137605602790
8137638884690
8137672174990
8137705488390
8137738752990
8137772043290
8137805362190
8137838620990
8137871911390
8137905200890
8137938490390
8137971779490
8138005067590
8138038360290
8138071646390
8138104935390
8138138231590
8138171549090
8138204803890
8138238100390
8138271383990
8138304673490
8138337968990
8138371250890
8138404542890
8138437835790
8138471119290
8138504409690
8138537699090
8138570986990
8138604277690
8138637567290
8138670856090
8138704146090
8138737433990
8138770727490
8138804012890
8138837301990
8138870598190
8138903881890
8138937170190
8138970466390
8139003751490
8139037038490
8139070335490
8139103617290
8139136933290
8139170195990
8139203488690
8139236775890
8139270065990
8139303353490
8139336643890
8139369933690
8139403221590
8139436512090
8139469801790
8139503091990
8139536379890
8139569668490
8139602964590
8139636248990
8139669536990
8139702831890
8139736117390
8139769404090
8139802701390
8139835992790
8139869274490
8139902563590
8139935851790
8139969142090
8140002433690
8140035719390
8140069010490
8140102299690
8140135588190
8140168878190
8140202167690
8140235459290
8140268746990
8140302034890
8140335334690
8140368613990
8140401903090
8140435198590
8140468507990
8140501771390
8140535067790
8140568351290
8140601639990
8140634929790
8140668217990
8140701509390
8140734796990
8140768085590
8140801376490
8140834665790
8140867954490
8140901244790
8140934534590
8140967826090
8141001113190
8141034401090
8141067699190
8141100980090
8141134269190
8141167564990
8141200850190
8141234137190
8141267434290
8141300718290
8141334027590
8141367295890
8141400598090
8141433883690
8141467162690
8141500451990
8141533742890
8141567032190
8141600320290
8141633611090
8141666901190
8141700189390
8141733479190
8141766767990
8141800094990
8141833346190
8141866635590
8141899931490
8141933217290
8141966504090
8141999800290
8142033084190
8142066371690
8142099662090
8142132964690
8142166240890
8142199530790
8142232858690
8142266109490
8142299399090
8142332686690
8142365977390
8142399266890
8142432556090
8142465845690
8142499134890
8142532430590
8142565712990
8142599002190
8142632298090
8142665580790
8142698870290
8142732166990
8142765479090
8142798738390
8142832028690
8142865318090
8142898607490
8142931896790
8142965185190
8142998480190
8143031763890
8143065053190
8143098343290
8143131633990
8143164921990
8143198212190
8143231502390
8143264799090
8143298079690
8143331368290
8143364685190
8143397947190
8143431236190
8143464533190
8143497817790
8143531104590
8143564394890
8143597684190
8143630978590
8143664262990
8143697551190
8143730841690
8143764130590
8143797419290
8143830709890
8143863999190
8143897288590
8143930577990
8143963868290
8143997162690
8144030445890
8144063734590
8144097060290
8144130317290
8144163602990
8144196899090
8144230182290
8144263470690
8144296761190
8144330051190
8144363338590
8144396629690
8144429936490
8144463207890
8144496497390
8144529785790
8144563076190
8144596366090
8144629655090
8144662944690
8144696234390
8144729529090
8144762812390
8144796100890
8144829397090
8144862680690
8144895968890
8144929265990
8144962570290
8144995837190
8145029127290
8145062435490
8145095705290
8145128995490
8145162361490
8145195573990
8145228863690
8145262152190
8145295442490
8145328730890
8145362020290
8145395310490
8145428639990
8145461893890
8145495178090
8145528468090
8145561764390
8145595046490
8145628335390
8145661633590
8145694913790
8145728203190
8145761497390
8145794782890
8145828071690
8145861362490
8145894651490
8145927940790
8145961229990
8145994518290
8146027810590
8146061097190
8146094387190
8146127676790
8146160966290
8146194260490
8146227545090
8146260835090
8146294128390
8146327412490
8146360701490
8146394043290
8146427280390
8146460569590
8146493863690
8146527149490
8146560437990
8146593727890
8146627018690
8146660305790
8146693596590
8146726884790
8146760174790
8146793464090
8146826753490
8146860042990
8146893333590
8146926626590
8146959910990
8146993200690
8147026494790
8147059779490
8147093069590
8147126364390
8147159651690
8147192936190
8147226226190
8147259525690
8147292804390
8147326094190
8147359383390
8147392672490
8147425963090
8147459274490
8147492540990
8147525830790
8147559119190
8147592409690
8147625697590
8147658993090
8147692277490
8147725593490
8147758860990
8147792145490
8147825435490
8147858731590
8147892013890
8147925302290
8147958600490
8147991881490
8148025170090
8148058461190
8148091750090
8148125038390
8148158329390
8148191618390
8148224908290
8148258196990
8148291485690
8148324776290
8148358064390
8148391359490
8148424643890
8148457932990
8148491226990
8148524512490
8148557806490
8148591117590
8148624380590
8148657668390
8148690997090
8148724247590
8148757536690
8148790826990
8148824117390
8148857404690
8148890695390
8148923985290
8148957272690
8148990563590
8149023881690
8149057179490
8149090430490
8149123726090
8149157010490
8149190300690
8149223594390
8149256878290
8149290169090
8149323461790
8149356746290
8149390034590
8149423328590
8149456615290
8149489903290
8149523193290
8149556483990
8149589770990
8149623061590
8149656351190
8149689639090
8149722929690
8149756247890
8149789508390
8149822797890
8149856092090
8149889376790
8149922664890
8149955960390
8149989245290
8150022565290
8150055828590
8150089112890
8150122402290
8150155694690
8150188981290
8150222269590
8150255560690
8150288848290
8150322136990
8150355427890
8150388717190
8150422005590
8150455295890
8150488585490
8150521875490
8150555164090
8150588458090
8150621743990
8150655030990
8150688326590
8150721613390
8150754901590
8150788194990
8150821478890
8150854769690
8150888078490
8150921347290
8150954639690
8150987929290
8151021214190
8151054503990
8151087794590
8151121084190
8151154371690
8151187662290
8151220953090
8151254239990
8151287530690
8151320824390
8151354158690
8151387397890
8151420692590
8151453977390
8151487266990
8151520561490
8151553844990
8151587135990
8151620426990
8151653713590
8151687002090
8151720292290
8151753581890
8151786870190
8151820160490
8151853450290
8151886738290
8151920028890
8151953318790
8151986606290
8152019896690
8152053219790
8152086475190
8152119765690
8152153059290
8152186343690
8152219654690
8152252927190
8152286212090
8152319520990
8152352793190
8152386080290
8152419369190
8152452658790
8152485947890
8152519236390
8152552527190
8152585815490
8152619104590
8152652395290
8152685685490
8152718972690
8152752262990
8152785559190
8152818842290
8152852134690
8152885425890
8152918710590
8152951998290
8152985293990
8153018580190
8153051867590
8153085159290
8153118446290
8153151736190
8153185024590
8153218314490
8153251603090
8153284893490
8153318181190
8153351470690
8153384761290
8153418050890
8153451339290
8153484629390
8153517925190
8153551207590
8153584497990
8153617791990
8153651097090
8153684364990
8153717660590
8153750944390
8153784233690
8153817521890
8153850812190
8153884102490
8153917390590
8153950680690
8153983969090
8154017258790
8154050549090
8154083837390
8154117127790
8154150417790
8154183705690
8154216995890
8154250291890
8154283573290
8154316863990
8154350187090
8154383442690
8154416731790
8154450026990
8154483312890
8154516616590
8154549891690
8154583178890
8154616472190
8154649756890
8154683047190
8154716336990
8154749649290
8154782914690
8154816203490
8154849493990
8154882782190
8154916072190
8154949362490
8154982705190
8155015939990
8155049230390
8155082526290
8155115809090
8155149098490
8155182392590
8155215678090
8155248965390
8155282257990
8155315545490
8155348834590
8155382122890
8155415413490
8155448703090
8155481992590
8155515281590
8155548569490
8155581860790
8155615148390
8155648437890
8155681728790
8155715022390
8155748306490
8155781596490
8155814893690
8155848196290
8155881465190
8155914759490
8155948069890
8155981331890
8156014624290
8156047911590
8156081201190
8156114489490
8156147779890
8156181070290
8156214357890
8156247647790
8156280936290
8156314225590
8156347515390
8156380804390
8156414094890
8156447389990
8156480672690
8156513962990
8156547258090
8156580540390
8156613830990
8156647178090
8156680409590
8156713699890
8156746993490
8156780277890
8156813566490
8156846855690
8156880146090
8156913435190
8156946723790
8156980014290
8157013302990
8157046592990
8157079882490
8157113171090
8157146461190
8157179753690
8157213039290
8157246329390
8157279646590
8157312906690
8157346197390
8157379522390
8157412775790
8157446065690
8157479360290
8157512646390
8157545932990
8157579222090
8157612512490
8157645801890
8157679089890
8157712380890
8157745669990
8157778960990
8157812249090
8157845537590
8157878828490
8157912119390
8157945405390
8157978695390
8158011990390
8158045273490
8158078563990
8158111859490
8158145160690
8158178432190
8158211726490
8158245015190
8158278299490
8158311588290
8158344878890
8158378168690
8158411456490
8158444746790
8158478037090
8158511324690
8158544618090
8158577903490
8158611250090
8158644486190
8158677771690
8158711061990
8158744357890
8158777639690
8158810930290
8158844226190
8158877507590
8158910798390
8158944092990
8158977376990
8159010666490
8159043954990
8159077245090
8159110534790
8159143822690
8159177113290
8159210402990
8159243691090
8159276981290
8159310269490
8159343559990
8159376853290
8159410137890
8159443428490
8159476744790
8159510005590
8159543296090
8159576609890
8159609873790
8159643164290
8159676494990
8159709743390
8159743032690
8159776320990
8159809611290
8159842899590
8159876189490
8159909479390
8159942768290
8159976056890
8160009347890
8160042637490
8160075926790
8160109219290
8160142504190
8160175795490
8160209088190
8160242372190
8160275662990
8160308958890
8160342240190
8160375531190
8160408828090
8160442124690
8160475398890
8160508686890
8160541978190
8160575265890
8160608555490
8160641845990
8160675134890
8160708423190
8160741714290
8160775004290
8160808291790
8160841585890
8160874870390
8160908202390
8160941454790
8160974738290
8161008029090
8161041324490
8161074606790
8161107897090
8161141194490
8161174474690
8161207765090
8161241053790
8161274343490
8161307633490
8161340921390
8161374211890
8161407502790
8161440789890
8161474080390
8161507370390
8161540658390
8161573954990
8161607236990
8161640526690
8161673822090
8161707104890
8161740395190
8161773707290
8161806972590
8161840263690
8161873559290
8161906840690
8161940131290
8161973420790
8162006709890
8162039999890
8162073288590
8162106578790
8162139866890
8162173156190
8162206446590
8162239767690
8162273024190
8162306318290
8162339608190
8162372893690
8162406188890
8162439470990
8162472762490
8162506055890
8162539339490
8162572629690
8162605924890
8162639207490
8162672498090
8162705787890
8162739076390
8162772365890
8162805654590
8162838944890
8162872233290
8162905522190
8162938812890
8162972101990
8163005390090
8163038684090
8163071971690
8163105281190
8163138554990
8163171837390
8163205153790
8163238421890
8163271705590
8163304995890
8163338292390
8163371573790
8163404863990
8163438154590
8163471442190
8163504732590
8163538020890
8163571310590
8163604599990
8163637888890
8163671179290
8163704469190
8163737757190
8163771049890
8163804337390
8163837624990
8163870921290
8163904203890
8163937494090
8163970788890
8164004072190
8164037362590
8164070658290
8164103940190
8164137230790
8164170520090
8164203808290
8164237114790
8164270388390
8164303676990
8164336966490
8164370254990
8164403545790
8164436833890
8164470123290
8164503416990
8164536721990
8164569991690
8164603287390
8164636571690
8164669860890
8164703155890
8164736437990
8164769729290
8164803022990
8164836306490
8164869596590
8164902886190
8164936174290
8164969465190
8165002754490
8165036044090
8165069332890
8165102621090
8165135912390
8165169200090
8165202489790
8165235782790
8165269068790
8165302357890
8165335654090
8165368953690
8165402241490
8165435523690
8165468804690
8165502100790
8165535389790
8165568672690
8165601963190
8165635252390
8165668540490
8165701831390
8165735121490
8165768408790
8165801698890
8165834987790
8165868309390
8165901566190
8165934855990
8165968148490
8166001436890
8166034723990
8166068020290
8166101303490
8166134593390
8166167888490
8166201172090
8166234461090
8166267756590
8166301038890
8166334329790
8166367618990
8166400907190
8166434197790
8166467487490
8166500774990
8166534066090
8166567355090
8166600644090
8166633933790
8166667222490
8166700515090
8166733823190
8166767090090
8166800386090
8166833690490
8166866958390
8166900255090
8166933538490
8166966827790
8167000123090
8167033405390
8167066695890
8167099983990
8167133273190
8167166564290
8167199853290
8167233141490
8167266435390
8167299720790
8167333011490
8167366300090
8167399588590
8167432882990
8167466167590
8167499456490
8167532752890
8167566036090
8167599325090
8167632621090
8167665904790
8167699194090
8167732489390
8167765771690
8167799062190
8167832350390
8167865640190
8167898930590
8167932220590
8167965507890
8167998798390
8168032109690
8168065376690
8168098666690
8168131954790
8168165269090
8168198533590
8168231822690
8168265119290
8168298402390
8168331691290
8168364987590
8168398272090
8168431559190
8168464855990
8168498137890
8168531428190
8168564717490
8168598006590
8168631296890
8168664586490
8168697874590
8168731165190
8168764454990
8168797744590
8168831032490
8168864320990
8168897613790
8168930900890
8168964189390
8168997485790
8169030781290
8169064056990
8169097353990
8169130645090
8169163928590
8169197222190
8169230515790
8169263794490
8169297084090
8169330372990
8169363663090
8169396951590
8169430240590
8169463530990
8169496856990
8169530108290
8169563399290
8169596688090
8169629980790
8169663267290
8169696555990
8169729853490
8169763134190
8169796423690
8169829719890
8169863004490
8169896291690
8169929588790
8169962874190
8169996161490
8170029450190
8170062738690
8170096029990
8170129317990
8170162607190
8170195897290
8170229186690
8170262474790
8170295765690
8170329055890
8170362367790
8170395633390
8170428922090
8170462230690
8170495500890
8170528790190
8170562086290
8170595369490
8170628658290
8170661955090
8170695238790
8170728526190
8170761816690
8170795107090
8170828395190
8170861683690
8170894973290
8170928263390
8170961554490
8170994841590
8171028131890
8171061425690
8171094711090
8171127999990
8171161288390
8171194584490
8171227868190
8171261156490
8171294452790
8171327737590
8171361024490
8171394321690
8171427604690
8171460892890
8171494182890
8171527485390
8171560761490
8171594052390
8171627339590
8171660629590
8171693918090
8171727207590
8171760498090
8171793824190
8171827095090
8171860366290
8171893655790
8171926953790
8171960234590
8171993522490
8172026823290
8172060101590
8172093390690
8172126687790
8172159970690
8172193259290
8172226549290
8172259838890
8172293129490
8172326417390
8172359706090
8172392997190
8172426284390
8172459574090
8172492865190
8172526153190
8172559443290
8172592732290
8172626022090
8172659330190
8172692600690
8172725889290
8172759185690
8172792467690
8172825757390
8172859054090
8172892338190
8172925625590
8172958925490
8172992205890
8173025493090
8173058783590
8173092072090
8173125392890
8173158650990
8173191940090
8173225230990
8173258519690
8173291809690
8173325099090
8173358389190
8173391681990
8173424966690
8173458255190
8173491551490
8173524834990
8173558123590
8173591420590
8173624703790
8173657991490
8173691281890
8173724571790
8173757859490
8173791150390
8173824439690
8173857728490
8173891018990
8173924306790
8173957597490
8173990915090
8174024176090
8174057464790
8174090792490
8174124049490
8174157333190
8174190622890
8174223918590
8174257202090
8174290489590
8174323787290
8174357068790
8174390357690
8174423648490
8174456937490
8174490225890
8174523516190
8174556805890
8174590096290
8174623384090
8174656673390
8174689964490
8174723251390
8174756542290
8174789831990
8174823120690
8174856435390
8174889699790
8174922989190
8174956286390
8174989567790
8175022855790
8175056154290
8175089435190
8175122724290
8175156014790
8175189303690
8175222592090
8175255883090
8175289172890
8175322460490
8175355750590
8175389039590
8175422362790
8175455618090
8175488908690
8175522198290
8175555488090
8175588780990
8175622066190
8175655355690
8175688649390
8175721934690
8175755223890
8175788518490
8175821802190
8175855090890
8175888381190
8175921670890
8175954958490
8175988249690
8176021539390
8176054826390
8176088117490
8176121430190
8176154695590
8176187985790
8176221274890
8176254564290
8176287861090
8176321147590
8176354432290
8176387724790
8176421039190
8176454300690
8176487589890
8176520886290
8176554169190
8176587456790
8176620747490
8176654035890
8176687324790
8176720615290
8176753950690
8176787193290
8176820483690
8176853772490
8176887062290
8176920351490
8176953640490
8176986931190
8177020218390
8177053513490
8177086798490
8177120088090
8177153382190
8177186666890
8177219956290
8177253253390
8177286534990
8177319823090
8177353121290
8177386401690
8177419691490
8177452982190
8177486272190
8177519559390
8177552849890
8177586140390
8177619449690
8177652718390
8177686036690
8177719310390
8177752584990
8177785880790
8177819164990
8177852454190
8177885748090
8177919033590
8177952323390
8177985617690
8178018901490
8178052189490
8178085479790
8178118768290
8178152058090
8178185348290
8178218641390
8178251925890
8178285219690
8178318506790
8178351794590
8178385084590
8178418402690
8178451663090
8178484952390
8178518246990
8178551531390
8178584821890
8178618114390
8178651399090
8178684688790
8178717983390
8178751267990
8178784555990
8178817845890
8178851135890
8178884424190
8178917714690
8178951002490
8178984292290
8179017582590
8179050909290
8179084160090
8179117450490
8179150740590
8179184029690
8179217318890
8179250612490
8179283903390
8179317185790
8179350480590
8179383765690
8179417056190
8179450349090
8179483633390
8179516924190
8179550220790
8179583502290
8179616790290
8179650081890
8179683368990
8179716658290
8179749948690
8179783238390
8179816526590
8179849817190
8179883107690
8179916398190
8179949685390
8179982979090
8180016263990
8180049552190
8180082847490
8180116132190
8180149421290
8180182718790
8180216000090
8180249290390
8180282578190
8180315868090
8180349156890
8180382491590
8180415735290
8180449024890
8180482315190
8180515604590
8180548893190
8180582183390
8180615474690
8180648761290
8180682051290
8180715374790
8180748629890
8180781919490
8180815213890
8180848498490
8180881788490
8180915082090
8180948370190
8180981656990
8181014944090
8181048234890
8181081522990
8181114812790
8181148102990
8181181391190
8181214681890
8181247989490
8181281259490
8181314549790
8181347849790
8181381127190
8181414417890
8181447713090
8181480996490
8181514285490
8181547580290
8181580864790
8181614152990
8181647448290
8181680732990
8181714078690
8181747310290
8181780600490
8181813890390
8181847179890
8181880469590
8181913757390
8181947049090
8181980336090
8182013625490
8182046916390
8182080205290
8182113493890
8182146784290
8182180079490
8182213363090
8182246652690
8182279946090
8182313231990
8182346519690
8182379814690
8182413099290
8182446388490
8182479677290
8182512967290
8182546258290
8182579574690
8182612835190
8182646124190
8182679437490
8182712702690
8182745991890
8182779282390
8182812572290
8182845863790
8182879150390
8182912446890
8182945728290
8182979017890
8183012313390
8183045599090
8183078885690
8183112181590
8183145465390
8183178755790
8183212043390
8183245333690
8183278623190
8183311911590
8183345201090
8183378491290
8183411779890
8183445069990
8183478358190
8183511648890
8183544942690
8183578226690
8183611516790
8183644812390
8183678094390
8183711385190
8183744708490
8183777963890
8183811253190
8183844547590
8183877833390
8183911119990
8183944413290
8183977699990
8184011009490
8184044277690
8184077567990
8184110857690
8184144147090
8184177436390
8184210724990
8184244015990
8184277303290
8184310592290
8184343883390
8184377177590
8184410460690
8184443751490
8184477046690
8184510331090
8184543619490
8184576914290
8184610198890
8184643486390
8184676775590
8184710065990
8184743358990
8184776643890
8184809934490
8184843224090
8184876534590
8184909802590
8184943090990
8184976382790
8185009669890
8185042959290
8185076249590
8185109545990
8185142827290
8185176117590
8185209413290
8185242695990
8185275985490
8185309311290
8185342614690
8185375852790
8185409145790
8185442432890
8185475722190
8185509010090
8185542300490
8185575590890
8185608877890
8185642168990
8185675457090
8185708747790
8185742036590
8185775325490
8185808615590
8185841910890
8185875193490
8185908483490
8185941780190
8185975062290
8186008352290
8186041676990
8186074932090
8186108220190
8186141515290
8186174799290
8186208110090
8186241376990
8186274666890
8186307974590
8186341244690
8186374535290
8186407825090
8186441114390
8186474403090
8186507693690
8186540982390
8186574275290
8186607559690
8186640866690
8186674145390
8186707427890
8186740718490
8186774013790
8186807298090
8186840586490
8186873878290
8186907166290
8186940453890
8186973742690
8187007033390
8187040323690
8187073611090
8187106901790
8187140192190
8187173480090
8187206769790
8187240058090
8187273348690
8187306641090
8187339926390
8187373216690
8187406512190
8187439794090
8187473084690
8187506381290
8187539661990
8187572953090
8187606247690
8187639567690
8187672819790
8187706109090
8187739400490
8187772688990
8187805977290
8187839267790
8187872557990
8187905845790
8187939135890
8187972424090
8188005714590
8188039007890
8188072292690
8188105582790
8188138879590
8188172160590
8188205450890
8188238747890
8188272029290
8188305319690
8188338646390
8188371897790
8188405187790
8188438475990
8188471766290
8188505065590
8188538346690
8188571634690
8188604926790
8188638211690
8188671502590
8188704790990
8188738080790
8188771375190
8188804658790
8188837949790
8188871242990
8188904526690
8188937817790
8188971161890
8189004394890
8189037685690
8189070983190
8189104264190
8189137553590
8189170841990
8189204132990
8189237420690
8189270710290
8189304000790
8189337289990
8189370578690
8189403869190
8189437157990
8189470448890
8189503740790
8189537025190
8189570316390
8189603608990
8189636893690
8189670183990
8189703479190
8189736761390
8189770051390
8189803349290
8189836652090
8189869920090
8189903208590
8189936519690
8189969787090
8190003076690
8190036366990
8190069659490
8190102944290
8190136235090
8190169525590
8190202812990
8190236106990
8190269391490
8190302721190
8190335975790
8190369259590
8190402549890
8190435845790
8190469129190
8190502417790
8190535715090
8190568995990
8190602286490
8190635574690
8190668864390
8190702154790
8190735443390
8190768733490
8190802022990
8190835314390
8190868601390
8190901890390
8190935178790
8190968473190
8191001759290
8191035048090
8191068343190
8191101625790
8191134916290
8191168210990
8191201493990
8191234784390
8191268105290
8191301361890
8191334652090
8191367942490
8191401231290
8191434520990
8191467808790
8191501104090
8191534388290
8191567677290
8191600968790
8191634256590
8191667545490
8191700840290
8191734125390
8191767415490
8191800711490
8191833992190
8191867283990
8191900576990
8191933860190
8191967151090
8192000446290
8192033728890
8192067018590
8192100308490
8192133605990
8192166886590
8192200175490
8192233465890
8192266754090
8192300043590
8192333334390
8192366623290
8192399911490
8192433205990
8192466492590
8192499779490
8192533076090
8192566358690
8192599670290
8192632942990
8192666227190
8192699516890
8192732833290
8192766094790
8192799385290
8192832674590
8192865962890
8192899253490
8192932542590
8192965832190
8192999122090
8193032409790
8193065700290
8193098990490
8193132277890
8193165571890
8193198858790
8193232146390
8193265442490
8193298724890
8193332015290
8193365310390
8193398593290
8193431883490
8193465200290
8193498461590
8193531751790
8193565051890
8193598329290
8193631619590
8193664908990
8193698198590
8193731487190
8193764776390
8193798066990
8193831354990
8193864644290
8193897937790
8193931257790
8193964511990
8193997808590
8194031092290
8194064382890
8194097676890
8194130959390
8194164250890
8194197544490
8194230827590
8194264118190
8194297406290
8194330695590
8194363986590
8194397275790
8194430564890
8194463853990
8194497142390
8194530433390
8194563721290
8194597010590
8194630308190
8194663591690
8194696879190
8194730175090
8194763459690
8194796747090
8194830043190
8194863330590
8194896642590
8194929910290
8194963194390
8194996484490
8195029773290
8195063062190
8195096352290
8195129642890
8195162929690
8195196220390
8195229509090
8195262799090
8195296088190
8195329377490
8195362670790
8195395957490
8195429245490
8195462541490
8195495826190
8195529112690
8195562410090
8195595697190
8195628981990
8195662277790
8195695560190
8195728850690
8195762146490
8195795428290
8195828718790
8195862008790
8195895297290
8195928586490
8195961876590
8195995165290
8196028454690
8196061743390
8196095037790
8196128322090
8196161611990
8196194907890
8196228217290
8196261479290
8196294776290
8196328059690
8196361348790
8196394644690
8196427926790
8196461217690
8196494505590
8196527798190
8196561085290
8196594375290
8196627662590
8196660953290
8196694243690
8196727532490
8196760821490
8196794109590
8196827404790
8196860688190
8196893977690
8196927274190
8196960557290
8196993845990
8197027142290
8197060426590
8197093735190
8197127011290
8197160292890
8197193590690
8197226871690
8197260160990
8197293451490
8197326740490
8197360028690
8197393319490
8197426609690
8197459897390
8197493187190
8197526476190
8197559800290
8197593054790
8197626344190
8197659640490
8197692927290
8197726212590
8197759509090
8197792793090
8197826080290
8197859377090
8197892669090
8197925949590
8197959238790
8197992527090
8198025817890
8198059106090
8198092395490
8198125685790
8198158976290
8198192263790
8198225553590
8198258843190
8198292135690
8198325421890
8198358710490
8198392006990
8198425314790
8198458578590
8198491874590
8198525181490
8198558446490
8198591743090
8198625026890
8198658315890
8198691605090
8198724893790
8198758184190
8198791472390
8198824761590
8198858052190
8198891341590
8198924629590
8198957920190
8198991209690
8199024505290
8199057788490
8199091077190
8199124374990
8199157655890
8199190945290
8199224241190
8199257524490
8199290813290
8199324109990
8199357392990
8199390682590
8199423972090
8199457259990
8199490550490
8199523838690
8199557128090
8199590418490
8199623707690
8199656996290
8199690287190
8199723576890
8199756866690
8199790154190
8199823443190
8199856759790
8199890021790
8199923311290
8199956607390
8199989890790
8200023179290
8200056476090
8200089760490
8200123046790
8200156338490
8200189626190
8200222916690
8200256205590
8200289494690
8200322798390
8200356075790
8200389362790
8200422653090
8200455942590
8200489232990
8200522521590
8200555811190
8200589105690
8200622389690
8200655677790
8200688974190
8200722272390
8200755545690
8200788841990
8200822140990
8200855413890
8200888703890
8200922007790
8200955283290
8200988572790
8201021861090
8201055151290
8201088438890
8201121728790
8201155019490
8201188365390
8201221599490
8201254887290
8201288177190
8201321472590
8201354756190
8201388043790
8201421340590
8201454622790
8201487912190
8201521208590
8201554491290
8201587780090
8201621070490
8201654360490
8201687649590
8201720938290
8201754226990
8201787518090
8201820805690
8201854099490
8201887385890
8201920674990
8201953965690
8201987253790
8202020544690
8202053859990
8202087121990
8202120409790
8202153720490
8202186988690
8202220281490
8202253575190
8202286860890
8202320146890
8202353436590
8202386726790
8202420014790
8202453305290
8202486614890
8202519883690
8202553171990
8202586461290
8202619753790
8202653042190
8202686331590
8202719620090
8202752910490
8202786203090
8202819488390
8202852776390
8202886072490
8202919355990
8202952644990
8202985941290
8203019225090
8203052512890
8203085802690
8203119092790
8203152380790
8203185671290
8203218980590
8203252249990
8203285539690
8203318827890
8203352118090
8203385406890
8203418697990
8203451986590
8203485308690
8203518569790
8203551854790
8203585144190
8203618440190
8203651722390
8203685011190
8203718311890
8203751590090
8203784879290
8203818169190
8203851458590
8203884747190
8203918037990
8203951327390
8203984617890
8204017905590
8204051194490
8204084485290
8204117776190
8204151064190
8204184352890
8204217643390
8204250936490
8204284220690
8204317511690
8204350817290
8204384088690
8204417377890
8204450674790
8204483956190
8204517245590
8204550535590
8204583824690
8204617113590
8204650404190
8204683694490
8204716981990
8204750272290
8204783560590
8204816901090
8204850139590
8204883448290
8204916719590
8204950008790
8204983302690
8205016587690
8205049877890
8205083170990
8205116455790
8205149743690
8205183040290
8205216322790
8205249611790
8205282902090
8205316192190
8205349480090
8205382770890
8205416060290
8205449348090
8205482638490
8205515951890
8205549217290
8205582506890
8205615796190
8205649087490
8205682396290
8205715668790
8205748953690
8205782271590
8205815537790
8205848821990
8205882111190
8205915407290
8205948689890
8205981978390
8206015268790
8206048556990
8206081846590
8206115136690
8206148427190
8206181714490
8206215005190
8206248295390
8206281584190
8206314873390
8206348163090
8206381452690
8206414740290
8206448035290
8206481319890
8206514609490
8206547903890
8206581188290
8206614477690
8206647773090
8206681055590
8206714344790
8206747635690
8206780926790
8206814212990
8206847503290
8206880792390
8206914081190
8206947371290
8206980661490
8207013949090
8207047239290
8207080529690
8207113852290
8207147106890
8207180401390
8207213686590
8207246975690
8207280270090
8207313554790
8207346844990
8207380138890
8207413422090
8207446710990
8207480001190
8207513290490
8207546579790
8207579869690
8207613159490
8207646447590
8207679737890
8207713027890
8207746314890
8207779606090
8207812925390
8207846184390
8207879473790
8207912767890
8207946052890
8207979348790
8208012637690
8208045920990
8208079210090
8208112504690
8208145788490
8208179078690
8208212367690
8208245656990
8208278945690
8208312239490
8208345524390
8208378813490
8208412103890
8208445423190
8208478681890
8208511971690
8208545262890
8208578550990
8208611839990
8208645134190
8208678419690
8208711708790
8208745002590
8208778286990
8208811576490
8208844871190
8208878154590
8208911444690
8208944738290
8208978023390
8209011311790
8209044602890
8209077890190
8209111179790
8209144470490
8209177759490
8209211047990
8209244338190
8209277630390
8209310938190
8209344206690
8209377500690
8209410803490
8209444073690
8209477368790
8209510655390
8209543942890
8209577237290
8209610521190
8209643812090
8209677099890
8209710389590
8209743678190
8209777007890
8209810257190
8209843546590
8209876836990
8209910126990
8209943413990
8209976704590
8210009996190
8210043282990
8210076572890
8210109896890
8210143151390
8210176440190
8210209738190
8210243021190
8210276309490
8210309603590
8210342887490
8210376177590
8210409465790
8210442756190
8210476044590
8210509334590
8210542624290
8210575912690
8210609203490
8210642491590
8210675780690
8210709070990
8210742395290
8210775648290
8210808939090
8210842263190
8210875517590
8210908806990
8210942102990
8210975387190
8211008674290
8211041969890
8211075253690
8211108543590
8211141831690
8211175121990
8211208411690
8211241702190
8211274990890
8211308279190
8211341570090
8211374857590
8211408146990
8211441437190
8211474727090
8211508014990
8211541305790
8211574601590
8211607886590
8211641173190
8211674467890
8211707752590
8211741040790
8211774336390
8211807620390
8211840910690
8211874198390
8211907488790
8211940779490
8211974066390
8212007356590
8212040645590
8212073977890
8212107223990
8212140513590
8212173804090
8212207094490
8212240381590
8212273671990
8212306969390
8212340249590
8212373539790
8212406834190
8212440118490
8212473407990
8212506702790
8212539986490
8212573277190
8212606564490
8212639854690
8212673145290
8212706432790
8212739723490
8212773011790
8212806302090
8212839591490
8212872879390
8212906170190
8212939481090
8212972747990
8213006038290
8213039334390
8213072615990
8213105906190
8213139229990
8213172485690
8213205774590
8213239069090
8213272360690
8213305642090
8213338931390
8213372221490
8213405568290
8213438798990
8213472089390
8213505379190
8213538668390
8213571957490
8213605246190
8213638540590
8213671825390
8213705114590
8213738404690
8213771701290
8213804982290
8213838272690
8213871569090
8213904851990
8213938140390
8213971435590
8214004721790
8214038008090
8214071297690
8214104587390
8214137876590
8214171165590
8214204456190
8214237746890
8214271062790
8214304324090
8214337612090
8214370917190
8214404208190
8214437480590
8214470770990
8214504095390
8214537349090
8214570639590
8214603935990
8214637216690
8214670507490
8214703802290
8214737085790
8214770374190
8214803663590
8214836953590
8214870244590
8214903531990
8214936821890
8214970112990
8215003399890
8215036690390
8215069978690
8215103269390
8215136558690
8215169860290
8215203137690
8215236432490
8215269715090
8215303005590
8215336301590
8215369582890
8215402873590
8215436200490
8215469454090
8215502741390
8215536030090
8215569320590
8215602608590
8215635898390
8215669188390
8215702513490
8215735766090
8215769056590
8215802346790
8215835635390
8215868925090
8215902213190
8215935504690
8215968797390
8216002081090
8216035371990
8216068667090
8216101949690
8216135240090
8216168536490
8216201819590
8216235107990
8216268395990
8216301687790
8216334975190
8216368264490
8216401554190
8216434844090
8216468132390
8216501423690
8216534712690
8216568013890
8216601291790
8216634579490
8216667870490
8216701170390
8216734447790
8216767738090
8216801033690
8216834315990
8216867606090
8216900903190
8216934184190
8216967474190
8217000766590
8217034103690
8217067341790
8217100630690
8217133921490
8217167210590
8217200499090
8217233789790
8217267079490
8217300367490
8217333657790
8217366945890
8217400236090
8217433529990
8217466815690
8217500104290
8217533401190
8217566682490
8217599972490
8217633268590
8217666549790
8217699841490
8217733136890
8217766419390
8217799708790
8217833000890
8217866287690
8217899598290
8217932865890
8217966155490
8217999461390
8218032733990
8218066024290
8218099313290
8218132602690
8218165897190
8218199180290
8218232470890
8218265764990
8218299048790
8218332338990
8218365667890
8218398916590
8218432207290
8218465503590
8218498786790
8218532074990
8218565363590
8218598654690
8218631942590
8218665231890
8218698521890
8218731811090
8218765099890
8218798390690
8218831679990
8218864969790
8218898263090
8218931546590
8218964837590
8218998130690
8219031414990
8219064705690
8219098000890
8219131283390
8219164573390
8219197869990
8219231151390
8219264441290
8219297729690
8219331056390
8219364308690
8219397598190
8219430888490
8219464178990
8219497466490
8219530756790
8219564045890
8219597334290
8219630629590
8219663914290
8219697203390
8219730500090
8219763780990
8219797071590
8219830368590
8219863649390
8219896939790
8219930236890
8219963517290
8219996807590
8220030096490
8220063386490
8220096675990
8220129964790
8220163254390
8220196548390
8220229832490
8220263122990
8220296412390
8220329700790
8220362995690
8220396279090
8220429569690
8220462864990
8220496147390
8220529438190
8220562732390
8220596015790
8220629306390
8220662621290
8220695883790
8220729173790
8220762463890
8220795752890
8220829042490
8220862330890
8220895621990
8220928909390
8220962198890
8220995489290
8221028778290
8221062067090
8221095361790
8221128646790
8221161936990
8221195230990
8221228513690
8221261805290
8221295098890
8221328382490
8221361672890
8221394968990
8221428250790
8221461540090
8221494831090
8221528140490
8221561408790
8221594696690
8221628013590
8221661275890
8221694564890
8221727855290
8221761144690
8221794433990
8221827728090
8221861013490
8221894301490
8221927599090
8221960880590
8221994231190
8222027465390
8222060748290
8222094038790
8222127334490
8222160616690
8222193906990
8222227197390
8222260484690
8222293774890
8222327063690
8222360353890
8222393642890
8222426931390
8222460221590
8222493511990
8222526799690
8222560094390
8222593380090
8222626667890
8222659964090
8222693246390
8222726536990
8222759832690
8222793114890
8222826405290
8222859722390
8222892982890
8222926273490
8222959586790
8222992850790
8223026141190
8223059430590
8223092719890
8223126009390
8223159300890
8223192588190
8223225876690
8223259165890
8223292460190
8223325746990
8223359033990
8223392330490
8223425615290
8223458904590
8223492198390
8223525481090
8223558772090
8223592062790
8223625349390
8223658639690
8223691928890
8223725217590
8223758506790
8223791797190
8223825090590
8223858375390
8223891664390
8223924957890
8223958243190
8223991532290
8224024826790
8224058112090
8224091400190
8224124696590
8224157980990
8224191268590
8224224564790
8224257847290
8224291183090
8224324432090
8224357715490
8224391006090
8224424295390
8224457583790
8224490873490
8224524164390
8224557451690
8224590741490
8224624030590
8224657320590
8224690610390
8224723898890
8224757193090
8224790479090
8224823767090
8224857063190
8224890347490
8224923635190
8224956931090
8224990221690
8225023503890
8225056799090
8225090081890
8225123372190
8225156681990
8225189950190
8225223239790
8225256530390
8225289820190
8225323108590
8225356398490
8225389687090
8225422977090
8225456281990
8225489559790
8225522843790
8225556132990
8225589428790
8225622762790
8225656001090
8225689297190
8225722581290
8225755870490
8225789165590
8225822448090
8225855739090
8225889026690
8225922316490
8225955606290
8225988895990
8226022184590
8226055474590
8226088764390
8226122053690
8226155342790
8226188631490
8226221933590
8226255210190
8226288499590
8226321795390
8226355079190
8226388367390
8226421664090
8226454948690
8226488257890
8226521532590
8226554814390
8226588127390
8226621392990
8226654682590
8226687972490
8226721262290
8226754550490
8226787840790
8226821131290
8226854418990
8226887709590
8226920997590
8226954291390
8226987575990
8227020865590
8227054162190
8227087447690
8227120734290
8227154029690
8227187313490
8227220601890
8227253898490
8227287182190
8227320470990
8227353763590
8227387048790
8227420339390
8227453628890
8227486916890
8227520207790
8227553498090
8227586785290
8227620075390
8227653364590
8227686660090
8227719943890
8227753232090
8227786528390
8227819810790
8227853100690
8227886396290
8227919713390
8227952967990
8227986264890
8228019548290
8228052837790
8228086126990
8228119415290
8228152706590
8228185993890
8228219283590
8228252574190
8228285863090
8228319151490
8228352442090
8228385731290
8228419028190
8228452310090
8228485598590
8228518896290
8228552177390
8228585466390
8228618762790
8228652046290
8228685334790
8228718632090
8228751914890
8228785209890
8228818493490
8228851781590
8228885087390
8228918360090
8228951650090
8228984940090
8229018230590
8229051518090
8229084807890
8229118098590
8229151391090
8229184676590
8229217965090
8229251293890
8229284543590
8229317832990
8229351129490
8229384412790
8229417701090
8229450998090
8229484281890
8229517569290
8229550859490
8229584147790
8229617438090
8229650728090
8229684016190
8229717306890
8229750596990
8229783884290
8229817174290
8229850464890
8229883755490
8229917042790
8229950330890
8229983627390
8230016911190
8230050199790
8230083495390
8230116800090
8230150067490
8230183363790
8230216664590
8230249935490
8230283225790
8230316529990
8230349804690
8230383094390
8230416382790
8230449674390
8230482960790
8230516250590
8230549541090
8230582867690
8230616122190
8230649409290
8230682699090
8230715994590
8230749276990
8230782568190
8230815863690
8230849144290
8230882433690
8230915730290
8230949014690
8230982301990
8231015591990
8231048882490
8231082171790
8231115460390
8231148748690
8231182039090
8231215327590
8231248617190
8231281907190
8231315196490
8231348487790
8231381775290
8231415065990
8231448382490
8231481643590
8231514931890
8231548253190
8231581510390
8231614800290
8231648096790
8231681379490
8231714668490
8231747958990
8231781249390
8231814536590
8231847826490
8231881114990
8231914408690
8231947693490
8231980983390
8232014274090
8232047564390
8232080854190
8232114142290
8232147431890
8232180725190
8232214010190
8232247298690
8232280594490
8232313878390
8232347166790
8232380463390
8232413746990
8232447034590
8232480324890
8232513614290
8232546902390
8232580193290
8232613502690
8232646771790
8232680062290
8232713349990
8232746639590
8232779928790
8232813220190
8232846507990
8232879837590
8232913091290
8232946376090
8232979666690
8233012961390
8233046244290
8233079532790
8233112830590
8233146111990
8233179400690
8233212691190
8233245980090
8233279269290
8233312559590
8233345848690
8233379139390
8233412427390
8233445716190
8233479007490
8233512294690
8233545586990
8233578874390
8233612163790
8233645457790
8233678742690
8233712031990
8233745344890
8233778610990
8233811902590
8233845195090
8233878477990
8233911767390
8233945057990
8233978346590
8234011635490
8234044925990
8234078216090
8234111503990
8234144793990
8234178082190
8234211423090
8234244660990
8234277953390
8234311240590
8234344530190
8234377824590
8234411108990
8234444399690
8234477692290
8234510976690
8234544265190
8234577562590
8234610845290
8234644133890
8234677423790
8234710713990
8234744001490
8234777292390
8234810581590
8234843869890
8234877159890
8234910449590
8234943738690
8234977028290
8235010320090
8235043607190
8235076917990
8235110190690
8235143475090
8235176785290
8235210058490
8235243343490
8235276633090
8235309929090
8235343212190
8235376500290
8235409790390
8235443078890
8235476367990
8235509658590
8235542947890
8235576235690
8235609526890
8235642815990
8235676106190
8235709397690
8235742685490
8235775974390
8235809261990
8235842556990
8235875842190
8235909130890
8235942425090
8235975709790
8236008999090
8236042294890
8236075577590
8236108866190
8236142156690
8236175444890
8236208734390
8236242024790
8236275314190
8236308602290
8236341893290
8236375183090
8236408470690
8236441761290
8236475054090
8236508358790
8236541628090
8236574923090
8236608207890
8236641498390
8236674791290
8236708076190
8236741365790
8236774659690
8236807944090
8236841233290
8236874522690
8236907812190
8236941100490
8236974391290
8237007680790
8237040968990
8237074259190
8237107549390
8237140836090
8237174127590
8237207446990
8237240705790
8237273995490
8237307290890
8237340574190
8237373876590
8237407157590
8237440441990
8237473732290
8237507026290
8237540310290
8237573600090
8237606899190
8237640178990
8237673467390
8237706757490
8237740045690
8237773335390
8237806626090
8237839965390
8237873202890
8237906494390
8237939785390
8237973072390
8238006361690
8238039656090
8238072941990
8238106228890
8238139524390
8238172808490
8238206097790
8238239392390
8238272676890
8238305966490
8238339256290
8238372545490
8238405833390
8238439124490
8238472411990
8238505701690
8238538992490
8238572282090
8238605569590
8238638859790
8238672153190
8238705459990
8238738727890
8238772052190
8238805324890
8238838595090
8238871890190
8238905175090
8238938464590
8238971758490
8239005042990
8239038333290
8239071620590
8239104911590
8239138199690
8239171489890
8239204778490
8239238068090
8239271358090
8239304648290
8239337936090
8239371226490
8239404519190
8239437804290
8239471095090
8239504392090
8239537672690
8239570962390
8239604256390
8239637541490
8239670830990
8239704125090
8239737409390
8239770699290
8239803986890
8239837277590
8239870566290
8239903856490
8239937146290
8239970434090
8240003724790
8240037012790
8240070302290
8240103592490
8240136902690
8240170169890
8240203460590
8240236784490
8240270039590
8240303328490
8240336623090
8240369908590
8240403196590
8240436491490
8240469775690
8240503066590
8240536353690
8240569643990
8240602934190
8240636223590
8240669512090
8240702800590
8240736092090
8240769379390
8240802668590
8240835958990
8240869249790
8240902536790
8240935827290
8240969122990
8241002415490
8241035695290
8241068989290
8241102278190
8241135562290
8241168857590
8241202142390
8241235431290
8241268719990
8241302010290
8241335300690
8241368588390
8241401892090
8241435166590
8241468488490
8241501745790
8241535034990
8241568325390
8241601616990
8241634903190
8241668193590
8241701490090
8241734771290
8241768061390
8241801360390
8241834641890
8241867929690
8241901223990
8241934508690
8241967798390
8242001086390
8242034376790
8242067666790
8242100954590
8242134244990
8242167532890
8242200822890
8242234113090
8242267401290
8242300691790
8242334003890
8242367269490
8242400559890
8242433861990
8242467137190
8242500428190
8242533723890
8242567006590
8242600295990
8242633590690
8242666874790
8242700163090
8242733452390
8242766742990
8242800065390
8242833320590
8242866611090
8242899900190
8242933212790
8242966479490
8242999767990
8243033059090
8243066347190
8243099635890
8243132926090
8243166220390
8243199503890
8243232794590
8243266089990
8243299373190
8243332662590
8243365956790
8243399241390
8243432529290
8243465818690
8243499109490
8243532398290
8243565686890
8243598977290
8243632268090
8243665555290
8243698845390
8243732134090
8243765456190
8243798713490
8243832002090
8243865292290
8243898588790
8243931870090
8243965160490
8243998457690
8244031738290
8244065028690
8244098323090
8244131607290
8244164896190
8244198185090
8244231475090
8244264766090
8244298053090
8244331343290
8244364633290
8244397921490
8244431211890
8244464501490
8244497790190
8244531081090
8244564368090
8244597658990
8244630961990
8244664236890
8244697526790
8244730822690
8244764104290
8244797394790
8244830735290
8244863973390
8244897262790
8244930551190
8244963842390
8244997130090
8245030419490
8245063710190
8245097028890
8245130287490
8245163578290
8245196867990
8245230156990
8245263447290
8245296734690
8245330025990
8245363319190
8245396603090
8245429893290
8245463188390
8245496470490
8245529761490
8245563057390
8245596340990
8245629629690
8245662917590
8245696208890
8245729496890
8245762786390
8245796076390
8245829365590
8245862653790
8245895944990
8245929234490
8245962553890
8245995813390
8246029101290
8246062404790
8246095684990
8246128969390
8246162259590
8246195555990
8246228837090
8246262127590
8246295424090
8246328705190
8246361995890
8246395289190
8246428574690
8246461862890
8246495152190
8246528442490
8246561732790
8246595020490
8246628310990
8246661601290
8246694888390
8246728182690
8246761467190
8246794757190
8246828052190
8246861335990
8246894625590
8246927921690
8246961203390
8246994493990
8247027790690
8247061071490
8247094361890
8247127651290
8247160940190
8247194229990
8247227518590
8247260809090
8247294097190
8247327386790
8247360676890
8247393996790
8247427254990
8247460546090
8247493842290
8247527124090
8247560418990
8247593701790
8247626994390
8247660285790
8247693569890
8247726860590
8247760155790
8247793437990
8247826728590
8247860027690
8247893307690
8247926596790
8247959885190
8247993176090
8248026463790
8248059752890
8248093043690
8248126333790
8248159621290
8248192911890
8248226202390
8248259496490
8248292785690
8248326067990
8248359358890
8248392652490
8248425936090
8248459226490
8248492522890
8248525804390
8248559094990
8248592391690
8248625673890
8248658962590
8248692251390
8248725591890
8248758829690
8248792119490
8248825409890
8248858698990
8248891987190
8248925277990
8248958568190
8248991855190
8249025152090
8249058434590
8249091724890
8249125019590
8249158302490
8249191593090
8249224889690
8249258170890
8249291460990
8249324758090
8249358039090
8249391336790
8249424618590
8249457907590
8249491197690
8249524485890
8249557776090
8249591086790
8249624353590
8249657644590
8249690945490
8249724222190
8249757520990
8249790802190
8249824090990
8249857386390
8249890668790
8249923960490
8249957253790
8249990536890
8250023827990
8250057157790
8250090404490
8250123695690
8250156986190
8250190275190
8250223563290
8250256852090
8250290143490
8250323430390
8250356719690
8250390010790
8250423299390
8250456588190
8250489884190
8250523168790
8250556457890
8250589752290
8250623035190
8250656326290
8250689620490
8250722903190
8250756193490
8250789486290
8250822771190
8250856061990
8250889352190
8250922639990
8250955929590
8250989218290
8251022528990
8251055797090
8251089086990
8251122376690
8251155666590
8251188954690
8251222250390
8251255535590
8251288824190
8251322118790
8251355401490
8251388691990
8251421987290
8251455269490
8251488559890
8251521856990
8251555137590
8251588428290
8251621718490
8251655021890
8251688295790
8251721584690
8251754875090
8251788164090
8251821452790
8251854742790
8251888037990
8251921320490
8251954616490
8251987901090
8252021188590
8252054484690
8252087769290
8252121057990
8252154353790
8252187636290
8252220926290
8252254218490
8252287503890
8252320793890
8252354112990
8252387372090
8252420662390
8252453951890
8252487240790
8252520530790
8252553819490
8252587111290
8252620397990
8252653687490
8252686982790
8252720266790
8252753555190
8252786851390
8252820135390
8252853424890
8252886719790
8252920002090
8252953293390
8252986584690
8253019870190
8253053160890
8253086449790
8253119739190
8253153028790
8253186318790
8253219629190
8253252896390
8253286185490
8253319486290
8253352763590
8253386053290
8253419349190
8253452633190
8253485921490
8253519217590
8253552505590
8253585789490
8253619086390
8253652368590
8253685690490
8253718946990
8253752236190
8253785526690
8253818817590
8253852104690
8253885394890
8253918684690
8253951972690
8253985262990
8254018553090
8254051841690
8254085131690
8254118419890
8254151715790
8254184999590
8254218288090
8254251583990
8254284868290
8254318166390
8254351452590
8254384741390
8254418024890
8254451321090
8254484602890
8254517893390
8254551182090
8254584471390
8254617761590
8254651079990
8254684338690
8254717629390
8254750919290
8254784208590
8254817497290
8254850786390
8254884082190
8254917364790
8254950653690
8254983950390
8255017235790
8255050522090
8255083818990
8255117102490
8255150392790
8255183686890
8255216969190
8255250260790
8255283548090
8255316837490
8255350128090
8255383417390
8255416705190
8255449999990
8255483285390
8255516585890
8255549863490
8255583152790
8255616447890
8255649730790
8255683020490
8255716316690
8255749602990
8255782888990
8255816185390
8255849469690
8255882757290
8255916053590
8255949347790
8255982647790
8256015914290
8256049203690
8256082493990
8256115783590
8256149071690
8256182362190
8256215652690
8256248939990
8256282230590
8256315518790
8256348813290
8256382098190
8256415386890
8256448683190
8256481966790
8256515255090
8256548551790
8256581835890
8256615123190
8256648419490
8256681713090
8256714992590
8256748281890
8256781570090
8256814859990
8256848177890
8256881437990
8256914728590
8256948025690
8256981306690
8257014596890
8257047885690
8257081180690
8257114464390
8257147753190
8257181049490
8257214331490
8257247621190
8257280917690
8257314235890
8257347502790
8257380785590
8257414069590
8257447360490
8257480647890
8257513936590
8257547227490
8257580515290
8257613804390
8257647094890
8257680385390
8257713672290
8257746963290
8257780253490
8257813547190
8257846830590
8257880119590
8257913416590
8257946698090
8257979987590
8258013284390
8258046568990
8258079855890
8258113168490
8258146436390
8258179723590
8258213014390
8258246302690
8258279620590
8258312881390
8258346171190
8258379461590
8258412750090
8258446039090
8258479329590
8258512619690
8258545911690
8258579196790
8258612486190
8258645781690
8258679065490
8258712354190
8258745650390
8258778934190
8258812221790
8258845518390
8258878805290
8258912090190
8258945380390
8258978686390
8259011959590
8259045248790
8259078536990
8259111827590
8259145119290
8259178404990
8259211695790
8259244985090
8259278277790
8259311564090
8259344853190
8259378148990
8259411431590
8259444721090
8259478016690
8259511298690
8259544588490
8259577885290
8259611196190
8259644456390
8259677746890
8259711037790
8259744325490
8259777615690
8259810903290
8259844194890
8259877482290
8259910795690
8259944061990
8259977350990
8260010643490
8260043929990
8260077219690
8260110516090
8260143798290
8260177086290
8260210384090
8260243665490
8260276954490
8260310251190
8260343534290
8260376823190
8260410115090
8260443407790
8260476711590
8260509980990
8260543269990
8260576568090
8260609848390
8260643138090
8260676428190
8260709717590
8260743009690
8260776296890
8260809586790
8260842879790
8260876164590
8260909452790
8260942780690
8260976031390
8261009320790
8261042617390
8261075902590
8261109188890
8261142479890
8261175769790
8261209057290
8261242347990
8261275658090
8261308926190
8261342215890
8261375504390
8261408794690
8261442084090
8261475375890
8261508662790
8261541970490
8261575246390
8261608530790
8261641820590
8261675115590
8261708398690
8261741687690
8261774984090
8261808265790
8261841555590
8261874846090
8261908165190
8261941424090
8261974714190
8262008025090
8262041292490
8262074582790
8262107870390
8262141162090
8262174449190
8262207742190
8262241029090
8262274318290
8262307612690
8262340896890
8262374186990
8262407483190
8262440764890
8262474053490
8262507352190
8262540633590
8262573922090
8262607212490
8262640501490
8262673789990
8262707080490
8262740371790
8262773657990
8262806948490
8262840236790
8262873526890
8262906815490
8262940108690
8262973395390
8263006684690
8263039978590
8263073263490
8263106553890
8263139846690
8263173131490
8263206419690
8263239750190
8263273000390
8263306288290
8263339578490
8263372868990
8263406156290
8263439471590
8263472735690
8263506024090
8263539314190
8263572630690
8263605893190
8263639182790
8263672474490
8263705761990
8263739051690
8263772344890
8263805631490
8263838920090
8263872212990
8263905497790
8263938786690
8263972082890
8264005366390
8264038654390
8264071945090
8264105249690
8264138522490
8264171812690
8264205108590
8264238390290
8264271680690
8264304997390
8264338259690
8264371548990
8264404840990
8264438127990
8264471416090
8264504711590
8264537995990
8264571345890
8264604579890
8264637864190
8264671153590
8264704450190
8264737732190
8264771020790
8264804311890
8264837598990
8264870888290
8264904179490
8264937468390
8264970756690
8265004047490
8265037336690
8265070626490
8265103914990
8265137207190
8265170494690
8265203782790
8265237077590
8265270364390
8265303652990
8265336949290
8265370230690
8265403521190
8265436836690
8265470098790
8265503386590
8265536696890
8265569965690
8265603254690
8265636545390
8265669834890
8265703123390
8265736414690
8265769704190
8265802990990
8265836281790
8265869573690
8265902860290
8265936148290
8265969443890
8266002728690
8266036018890
8266069311990
8266102596990
8266135887090
8266169181190
8266202464390
8266235753290
8266269043890
8266302333290
8266335621190
8266368911890
8266402202490
8266435488990
8266468780090
8266502069690
8266535357990
8266568647690
8266601968890
8266635226490
8266668515990
8266701810690
8266735094990
8266768383390
8266801678490
8266834963190
8266868287190
8266901546490
8266934831690
8266968121090
8267001410190
8267034699790
8267067988090
8267101280390
8267134566790
8267167856290
8267201146290
8267234436890
8267267724290
8267301014090
8267334308590
8267367593490
8267400882690
8267434177090
8267467462190
8267500749690
8267534044490
8267567329490
8267600618790
8267633916990
8267667197490
8267700487190
8267733794690
8267767066090
8267800353890
8267833644590
8267866933290
8267900222190
8267933513190
8267966801490
8268000090790
8268033387390
8268066674890
8268099958690
8268133248890
8268166543590
8268199878890
8268233116090
8268266411290
8268299695790
8268332984790
8268366279690
8268399567490
8268432854490
8268466141890
8268499432090
8268532720490
8268566010490
8268599300090
8268632588490
8268665878990
8268699168690
8268732457090
8268765746990
8268799039990
8268832324890
8268865614790
8268898939090
8268932193990
8268965482690
8268998777490
8269032062190
8269065372490
8269098645790
8269131930490
8269165237790
8269198507690
8269231798490
8269265088190
8269298376890
8269331666890
8269364954590
8269398245390
8269431533590
8269464822690
8269498112890
8269531452690
8269564690690
8269597981090
8269631276790
8269664562290
8269697849490
8269731143790
8269764428790
8269797716790
8269831012290
8269864296290
8269897585490
8269930885890
8269964164890
8269997454290
8270030743490
8270064032390
8270097321590
8270130612090
8270163899990
8270197189090
8270230479990
8270263771790
8270297057590
8270330348190
8270363644390
8270396925590
8270430215490
8270463510790
8270496826590
8270530082890
8270563378890
8270596663190
8270629951890
8270663240490
8270696530890
8270729821490
8270763109190
8270796398990
8270829687790
8270862977490
8270896267490
8270929555690
8270962845990
8270996140190
8271029423490
8271062717690
8271096010290
8271129291590
8271162582390
8271195877790
8271229160290
8271262449690
8271295744890
8271329028890
8271362327190
8271395606590
8271428897190
8271462186890
8271495474590
8271528765590
8271562054990
8271595344190
8271628633690
8271661922190
8271695212090
8271728502990
8271761789890
8271795080490
8271828442290
8271861657790
8271894948690
8271928243590
8271961527190
8271994816090
8272028111390
8272061396190
8272094683390
8272127973190
8272161263490
8272194552890
8272227840790
8272261131590
8272294421290
8272327710990
8272361000190
8272394288190
8272427579290
8272460869090
8272494156390
8272527446990
8272560741790
8272594027590
8272627314590
8272660611390
8272693915090
8272727182890
8272760477590
8272793782990
8272827050090
8272860339590
8272893629990
8272926919990
8272960207590
8272993498090
8273026787790
8273060075790
8273093366090
8273126654890
8273159944690
8273193234890
8273226522390
8273259812590
8273293108790
8273326390890
8273359681390
8273392978090
8273426258390
8273459549090
8273492844090
8273526127790
8273559417090
8273592705990
8273625996290
8273659285790
8273692573690
8273725863990
8273759153990
8273792442090
8273825732290
8273859020490
8273892311090
8273925602790
8273958888990
8273992179290
8274025495690
8274058757090
8274092047490
8274125367790
8274158624790
8274191915590
8274225241490
8274258494290
8274291783490
8274325071790
8274358364390
8274391650690
8274424939790
8274458230490
8274491519890
8274524807790
8274558098190
8274591387990
8274624678290
8274657969290
8274691255090
8274724546290
8274757839490
8274791123290
8274824413890
8274857709890
8274890991190
8274924281890
8274957578990
8274990864090
8275024149890
8275057438290
8275090729490
8275124016790
8275157306490
8275190596590
8275223885790
8275257174290
8275290464690
8275323755190
8275357042790
8275390334390
8275423621190
8275456955690
8275490205990
8275523489490
8275556779890
8275590076190
8275623357490
8275656648390
8275689944990
8275723225790
8275756516290
8275789804690
8275823094790
8275856383790
8275889672390
8275922963190
8275956252990
8275989540690
8276022853590
8276056121190
8276089408990
8276122700290
8276155987390
8276189277990
8276222573290
8276255855690
8276289146190
8276322460690
8276355723690
8276389014190
8276422313390
8276455591890
8276488882490
8276522171990
8276555460590
8276588750890
8276622039090
8276655329590
8276688617890
8276721906990
8276755197490
8276788535590
8276821774690
8276855066990
8276888356090
8276921644090
8276954939490
8276988221890
8277021513490
8277054806690
8277088090390
8277121380490
8277154679390
8277187958190
8277221248690
8277254538390
8277287827390
8277321116890
8277354404990
8277387696390
8277420983890
8277454273190
8277487564090
8277520853090
8277554141790
8277587433590
8277620722290
8277654031490
8277687305090
8277720588490
8277753900990
8277787173090
8277820456590
8277853747390
8277887043390
8277920327490
