7465093541490
7465126824890
7465160114090
7465193409290
7465226693090
7465259983290
7465293270290
7465326559790
7465359850190
7465393139490
7465426427790
7465459718190
7465493008090
7465526297590
7465559585990
7465592874990
7465626171490
7465659453590
7465692743190
7465726038990
7465759322390
7465792611390
7465825907590
7465859193890
7465892501390
7465925776090
7465959057790
7465992361090
7466025636390
7466058925790
7466092216690
7466125505890
7466158794490
7466192085490
7466225374890
7466258662790
7466291952990
7466325240990
7466358566890
7466391819590
7466425109490
7466458405590
7466491690190
7466524977290
7466558273890
7466591557090
7466624845690
7466658142190
7466691425590
7466724715390
7466758004790
7466791292590
7466824582690
7466857872690
7466891161090
7466924451190
7466957740790
7466991028790
7467024318990
7467057608790
7467090902390
7467124187390
7467157475590
7467190772190
7467224077290
7467257343490
7467290639790
7467323948690
7467357212190
7467390508690
7467423803090
7467457081490
7467490370990
7467523659090
7467556949790
7467590237790
7467623527290
7467656817390
7467690106590
7467723394690
7467756685690
7467789975490
7467823271290
7467856571490
7467889842390
7467923139690
7467956421390
7467989710290
7468023006490
7468056289990
7468089578490
7468122875290
7468156158290
7468189447690
7468222736990
7468256025190
7468289315690
7468322604090
7468355893090
7468389183890
7468422474290
7468455761690
7468489052390
7468522342690
7468555658690
7468588919790
7468622208390
7468655525690
7468688787590
7468722077290
7468755372790
7468788655990
7468821944590
7468855242990
7468888525890
7468921812790
7468955103790
7468988391690
7469021681790
7469054970690
7469088259990
7469121550190
7469154840790
7469188128090
7469221418390
7469254708990
7469287999990
7469321286590
7469354574690
7469387873890
7469421155190
7469454443490
7469487739290
7469521024690
7469554311190
7469587607790
7469620891290
7469654179390
7469687469890
7469720775090
7469754048290
7469787337990
7469820626690
7469853916890
7469887204990
7469920494490
7469953784790
7469987108790
7470020365390
7470053652890
7470086942590
7470120238490
7470153521590
7470186809790
7470220106990
7470253388190
7470286677790
7470319974290
7470353258890
7470386545790
7470419835890
7470453126590
7470486415790
7470519704590
7470552992590
7470586284290
7470619571890
7470652860890
7470686151590
7470719440490
7470752732690
7470786019590
7470819309090
7470852609490
7470885887090
7470919176090
7470952472790
7470985754790
7471019043990
7471052340690
7471085623590
7471118912190
7471152202890
7471185492890
7471218780390
7471252071090
7471285359090
7471318672790
7471351937790
7471385227090
7471418518090
7471451806890
7471485098390
7471518385890
7471551676790
7471584969190
7471618254190
7471651542390
7471684838290
7471718121990
7471751410090
7471784707290
7471817990890
7471851278490
7471884569190
7471917859090
7471951146590
7471984437190
7472017747590
7472051015790
7472084305790
7472117593590
7472150883690
7472184186490
7472217464890
7472250752290
7472284041290
7472317336490
7472350620490
7472383909990
7472417205290
7472450488290
7472483777190
7472517073790
7472550355390
7472583645090
7472616935590
7472650274890
7472683513190
7472716803390
7472750093090
7472783381990
7472816674790
7472849959890
7472883251190
7472916539190
7472949831090
7472983119190
7473016408490
7473049701890
7473082986790
7473116276490
7473149572190
7473182854590
7473216143490
7473249441190
7473282721590
7473316011190
7473349301690
7473382590990
7473415879390
7473449169690
7473482464390
7473515769990
7473549038390
7473582334490
7473615626590
7473648904990
7473682197390
7473715485290
7473748774590
7473782068290
7473815353190
7473848643290
7473881936390
7473915220790
7473948509590
7473981839790
7474015088490
7474048377890
7474081668190
7474114958690
7474148246090
7474181536290
7474214825490
7474248113890
7474281404290
7474314719990
7474347983890
7474381272590
7474414563890
7474447851790
7474481140790
7474514434890
7474547719790
7474581009090
7474614302990
7474647589090
7474680875990
7474714172590
7474747455990
7474780744690
7474814034990
7474847345190
7474880612690
7474913902990
7474947215190
7474980480390
7475013770890
7475047086090
7475080349690
7475113639290
7475146930390
7475180218190
7475213505790
7475246801290
7475280085590
7475313415190
7475346669290
7475379953690
7475413243590
7475446539390
7475479838290
7475513110590
7475546402090
7475579689290
7475612978890
7475646269090
7475679558290
7475712847090
7475746137390
7475779426990
7475812716290
7475846005590
7475879296290
7475912584390
7475945872190
7475979167590
7476012452290
7476045742990
7476079035890
7476112320390
7476145611290
7476178927190
7476212188490
7476245477090
7476278791090
7476312056090
7476345345290
7476378635690
7476411924690
7476445213290
7476478503790
7476511794190
7476545081090
7476578371690
7476611662590
7476644950690
7476678238790
7476711533890
7476744819090
7476778108790
7476811402090
7476844686490
7476877977390
7476911271390
7476944555090
7476977843390
7477011133990
7477044423490
7477077711590
7477111001790
7477144290490
7477177579690
7477210869990
7477244160090
7477277447790
7477310738390
7477344058390
7477377320290
7477410606190
7477443900490
7477477185390
7477510473390
7477543769490
7477577053390
7477610373490
7477643636890
7477676921590
7477710211090
7477743500490
7477776789590
7477810079690
7477843368890
7477876656890
7477909946290
7477943236490
7477976526590
7478009813890
7478043104690
7478076398290
7478109684090
7478142972790
7478176267590
7478209551990
7478242840190
7478276135190
7478309419390
7478342708890
7478376004090
7478409287990
7478442577690
7478475866990
7478509156090
7478542444490
7478575735290
7478609023290
7478642312490
7478675602590
7478708891990
7478742180690
7478775470990
7478808763990
7478842048990
7478875339590
7478908634090
7478941938190
7478975205890
7479008501390
7479041786190
7479075075390
7479108370090
7479141690090
7479174944590
7479208231890
7479241522190
7479274814590
7479308100490
7479341390490
7479374679090
7479407969390
7479441259290
7479474546990
7479507837790
7479541130390
7479574415190
7479607705490
7479641032490
7479674284190
7479707573390
7479740867890
7479774152490
7479807450690
7479840736290
7479874020590
7479907310290
7479940598490
7479973889290
7480007178490
7480040483490
7480073757290
7480107044990
7480140335390
7480173624190
7480206913290
7480240203890
7480273544290
7480306781590
7480340071690
7480373395390
7480406650490
7480439940090
7480473234290
7480506519790
7480539807390
7480573102290
7480606386990
7480639676090
7480672964590
7480706255290
7480739544690
7480772834390
7480806123290
7480839411490
7480872702990
7480905990690
7480939279690
7480972569890
7481005861290
7481039147590
7481072438190
7481105734090
7481139033390
7481172309290
7481205601190
7481238894290
7481272173890
7481305469390
7481338753390
7481372042790
7481405330990
7481438621790
7481471912090
7481505198990
7481538489690
7481571778690
7481605102290
7481638356790
7481671646290
7481704936890
7481738229490
7481771514490
7481804805290
7481838099990
7481871382690
7481904673090
7481938008390
7481971253590
7482004541590
7482037835390
7482071119690
7482104409490
7482137697390
7482170987890
7482204278490
7482237565390
7482270856090
7482304144390
7482337434690
7482370724690
7482404012890
7482437302790
7482470615390
7482503880490
7482537171490
7482570470890
7482603748890
7482637039190
7482670363390
7482703621390
7482736908090
7482770201990
7482803486390
7482836774790
7482870064190
7482903354290
7482936700390
7482969931890
7483003222490
7483036512190
7483069801390
7483103090590
7483136379190
7483169670390
7483202958690
7483236247390
7483269537790
7483302832490
7483336115790
7483369405890
7483402701390
7483435985390
7483469274190
7483502568990
7483535853490
7483569141290
7483602430390
7483635721090
7483669011190
7483702298490
7483735588990
7483768879690
7483802195690
7483835456990
7483868745590
7483902049890
7483935325390
7483968613690
7484001903990
7484035199590
7484068481690
7484101772090
7484135068790
7484168349690
7484201640590
7484234935090
7484268219090
7484301507290
7484334796890
7484368087090
7484401377690
7484434664890
7484467955990
7484501245790
7484534533590
7484567823490
7484601115290
7484634401790
7484667692390
7484700980290
7484734270590
7484767566490
7484800847690
7484834138790
7484867435090
7484900717290
7484934006690
7484967353190
7485000584890
7485033875090
7485067163590
7485100453790
7485133742190
7485167031190
7485200321790
7485233637390
7485266899090
7485300190090
7485333479390
7485366768290
7485400058890
7485433346790
7485466637090
7485499931090
7485533214590
7485566505290
7485599800890
7485633082490
7485666373090
7485699670490
7485732952590
7485766241290
7485799529690
7485832820790
7485866108490
7485899397890
7485932688090
7485965977290
7485999265590
7486032556390
7486065846090
7486099135190
7486132424690
7486165712890
7486199003190
7486232297290
7486265580790
7486298871490
7486332166590
7486365449190
7486398739590
7486432036490
7486465316590
7486498620490
7486531896190
7486565219890
7486598474890
7486631764690
7486665054590
7486698343690
7486731632290
7486764922890
7486798213190
7486831500390
7486864790690
7486898079590
7486931369490
7486964663190
7486997946790
7487031237790
7487064534290
7487097814990
7487131105490
7487164402790
7487197683490
7487230974190
7487264262690
7487297552190
7487330842790
7487364130690
7487397420990
7487430711790
7487463998790
7487497288590
7487530577990
7487563866890
7487597157590
7487630447090
7487663735490
7487697031590
7487730313890
7487763604290
7487796898690
7487830182590
7487863472190
7487896800890
7487930049990
7487963340390
7487996667790
7488029930590
7488063208590
7488096496790
7488129787790
7488163075990
7488196365390
7488229655390
7488262944590
7488296233390
7488329523690
7488362813190
7488396103490
7488429397490
7488462679990
7488495971390
7488529264690
7488562547690
7488595838390
7488629134390
7488662415990
7488695706790
7488729003090
7488762294090
7488795574490
7488828863490
7488862153490
7488895441890
7488928731690
7488962021790
7488995311090
7489028599690
7489061890190
7489095180290
7489128467390
7489161766690
7489195046590
7489228356890
7489261630690
7489294914990
7489328204690
7489361502390
7489394782390
7489428072890
7489461365690
7489494651390
7489527941590
7489561230990
7489594519190
7489627809490
7489661097790
7489694388190
7489727678090
7489760965690
7489794256590
7489827546690
7489860833990
7489894129990
7489927424690
7489960703290
7489993998090
7490027281090
7490060571690
7490093881890
7490127148890
7490160439590
7490193735490
7490227016490
7490260307390
7490293597290
7490326886290
7490360176190
7490393464390
7490426754690
7490460042990
7490493332390
7490526622690
7490559962990
7490593199790
7490626496090
7490659780290
7490693069990
7490726364690
7490759647190
7490792939090
7490826232190
7490859515890
7490892805790
7490926101290
7490959383490
7490992674190
7491025963790
7491059256590
7491092542090
7491125830690
7491159121490
7491192409390
7491225698890
7491258989190
7491292279490
7491325566890
7491358862290
7491392147690
7491425457990
7491458731290
7491492014990
7491525313590
7491558598290
7491591882290
7491625172390
7491658468490
7491691749990
7491725040690
7491758330590
7491791617990
7491824908490
7491858197090
7491891520290
7491924776190
7491958064990
7491991355490
7492024644890
7492057933190
7492091228390
7492124513990
7492157800890
7492191097790
7492224380590
7492257670090
7492290966190
7492324248390
7492357538990
7492390835390
7492424116190
7492457406990
7492490696890
7492523984690
7492557275190
7492590564690
7492623853690
7492657142790
7492690431690
7492723721990
7492757032490
7492790299590
7492823594690
7492856895290
7492890167890
7492923464290
7492956751090
7492990036890
7493023332390
7493056614890
7493089905390
7493123197090
7493156482990
7493189772990
7493223103290
7493256350790
7493289641390
7493322931590
7493356220990
7493389509190
7493422797890
7493456089490
7493489376690
7493522665990
7493555960890
7493589245390
7493622534590
7493655830290
7493689114190
7493722410290
7493755699290
7493788986890
7493822271790
7493855562990
7493888848990
7493922139590
7493955428590
7493988717290
7494022007790
7494055298590
7494088610590
7494121875590
7494155164390
7494188476890
7494221742790
7494255032390
7494288327290
7494321612290
7494354900790
7494388196990
7494421482690
7494454768890
7494488065690
7494521347290
7494554671690
7494587932790
7494621215590
7494654506290
7494687798590
7494721083890
7494754374390
7494787664590
7494820951690
7494854259290
7494887530590
7494920820890
7494954109790
7494987398790
7495020694390
7495053978190
7495087267090
7495120563390
7495153846890
7495187135090
7495220431490
7495253715290
7495287004290
7495320300290
7495353582090
7495386872890
7495420160490
7495453450090
7495486740790
7495520059090
7495553318590
7495586609190
7495619898390
7495653187490
7495686476790
7495719765390
7495753060990
7495786344090
7495819633690
7495852929790
7495886214390
7495919501390
7495952797890
7495986081690
7496019371190
7496052665990
7496085948390
7496119239790
7496152526990
7496185816490
7496219107190
7496252396290
7496285684890
7496318975390
7496352264890
7496385557790
7496418842990
7496452131690
7496485427390
7496518710490
7496551999690
7496585295690
7496618579590
7496651867690
7496685164190
7496718448290
7496751773290
7496785032790
7496818314990
7496851642990
7496884893290
7496918182990
7496951473490
7496984763890
7497018051090
7497051341790
7497084630990
7497117919290
7497151209190
7497184499590
7497217792190
7497251077790
7497284365890
7497317662390
7497350946390
7497384234090
7497417530690
7497450814690
7497484102390
7497517399090
7497550692390
7497583971690
7497617261390
7497650549290
7497683840190
7497717132990
7497750417690
7497783707990
7497816996890
7497850285490
7497883576090
7497916865190
7497950159190
7497983443690
7498016732690
7498050028690
7498083311490
7498116600690
7498149897290
7498183203490
7498216468290
7498249765590
7498283048990
7498316338090
7498349627790
7498382915990
7498416206890
7498449494590
7498482783590
7498516074290
7498549363390
7498582652090
7498615942590
7498649235390
7498682526390
7498715810290
7498749098990
7498782396690
7498815677390
7498848967390
7498882263290
7498915547690
7498948835490
7498982131890
7499015416490
7499048715790
7499081994390
7499115298290
7499148574590
7499181860790
7499215150290
7499248440590
7499281729790
7499315018490
7499348308890
7499381598690
7499414890390
7499448177190
7499481465090
7499514793190
7499548044190
7499581333690
7499614630090
7499647913490
7499681201790
7499714498390
7499747782190
7499781069990
7499814360190
7499847648390
7499880938890
7499914228190
7499947516790
7499980807190
7500014097190
7500047384790
7500080675790
7500113965690
7500147258390
7500180543390
7500213831990
7500247127890
7500280411490
7500313700090
7500346996490
7500380298690
7500413567790
7500446864490
7500480151790
7500513436390
7500546733090
7500580031690
7500613304990
7500646594990
7500679882890
7500713173790
7500746461490
7500779751290
7500813041490
7500846367990
7500879622090
7500912909790
7500946199590
7500979495290
7501012777890
7501046066490
7501079364090
7501112644690
7501145934690
7501179231290
7501212513790
7501245802390
7501279093090
7501312382390
7501345672690
7501378961290
7501412249390
7501445540490
7501478827790
7501512117790
7501545407990
7501578697090
7501611988390
7501645276590
7501678566890
7501711882390
7501745144490
7501778432690
7501811750290
7501845010990
7501878300690
7501911597790
7501944880390
7501978168690
7502011458990
7502044749490
7502078037390
7502111327690
7502144615690
7502177905890
7502211194890
7502244484290
7502277774690
7502311063990
7502344355490
7502377642290
7502410933390
7502444242790
7502477510990
7502510799190
7502544094890
7502577591590
7502610667190
7502643963790
7502677247490
7502710535590
7502743825690
7502777115190
7502810403190
7502843693990
7502876983490
7502910272290
7502943562390
7502976850690
7503010140890
7503043458590
7503076721090
7503110008990
7503143314890
7503176592490
7503209877090
7503243166490
7503276462490
7503309745390
7503343033390
7503376331090
7503409613690
7503442901890
7503476192190
7503509480990
7503542769490
7503576059890
7503609350890
7503642639890
7503675928590
7503709216790
7503742508090
7503775795790
7503809087490
7503842375090
7503875664490
7503908958690
7503942243590
7503975536990
7504008828990
7504042111690
7504075400290
7504108697590
7504141980490
7504175268090
7504208558690
7504241847790
7504275136090
7504308426990
7504341719890
7504375004190
7504408294790
7504441583290
7504474908290
7504508161290
7504541453790
7504574742090
7504608032190
7504641325290
7504674609890
7504707899590
7504741193490
7504774477990
7504807767090
7504841062790
7504874344690
7504907634490
7504940924590
7504974214790
7505007502490
7505040792990
7505074083190
7505107370690
7505140661090
7505173976490
7505207239790
7505240529690
7505273819790
7505307108390
7505340397590
7505373691090
7505406976390
7505440265990
7505473562690
7505506844790
7505540132390
7505573429690
7505606712990
7505640000690
7505673291490
7505706579390
7505739868890
7505773159190
7505806484190
7505839736490
7505873027290
7505906342490
7505939605990
7505972895490
7506006185790
7506039475590
7506072762490
7506106057990
7506139342390
7506172631890
7506205925890
7506239211890
7506272499690
7506305796990
7506339078990
7506372367490
7506405658590
7506438945890
7506472235490
7506505525990
7506538816090
7506572103490
7506605393990
7506638686190
7506671972090
7506705261990
7506738553090
7506771840690
7506805129090
7506838424290
7506871711090
7506904998290
7506938292690
7506971576790
7507004867390
7507038161090
7507071445290
7507104733890
7507138060290
7507171312390
7507204601290
7507237891790
7507271181390
7507304469790
7507337760390
7507371066790
7507404338190
7507437628590
7507470918790
7507504206690
7507537496190
7507570790190
7507604075190
7507637365490
7507670658990
7507703943190
7507737233790
7507770527290
7507803811590
7507837099790
7507870390190
7507903680290
7507936968090
7507970258590
7508003558190
7508036835990
7508070126590
7508103416190
7508136714390
7508169994290
7508203314790
7508236573090
7508269862490
7508303156790
7508336441790
7508369730390
7508403024890
7508436309790
7508469633190
7508502893790
7508536177990
7508569472690
7508602756990
7508636046590
7508669334490
7508702626190
7508735913290
7508769202690
7508802492990
7508835782490
7508869070790
7508902360890
7508935652790
7508968940690
7509002229290
7509035523890
7509068808890
7509102096590
7509135391590
7509168676190
7509201965590
7509235260090
7509268547790
7509301834190
7509335140590
7509368412290
7509401700690
7509434991190
7509468279390
7509501569090
7509534859490
7509568148890
7509601436890
7509634727690
7509668020490
7509701305390
7509734595890
7509767890190
7509801203990
7509834462590
7509867757890
7509901042590
7509934332390
7509967626190
7510000910890
7510034201390
7510067488490
7510100778190
7510134067190
7510167357590
7510200646890
7510233935590
7510267226090
7510300515390
7510333802890
7510367093790
7510400385290
7510433671190
7510466961990
7510500257390
7510533540790
7510566830690
7510600124290
7510633408990
7510666716590
7510699992990
7510733276890
7510766572390
7510799854790
7510833145190
7510866434790
7510899723890
7510933013890
7510966301490
7510999592290
7511032880290
7511066169890
7511099460690
7511132800390
7511166041090
7511199328490
7511232623390
7511265907390
7511299196590
7511332490590
7511365776190
7511399063690
7511432359390
7511465643790
7511498932590
7511532221790
7511565514890
7511598801390
7511632091590
7511665379690
7511698668090
7511731959390
7511765246590
7511798536390
7511831826890
7511865116890
7511898404490
7511931694790
7511964992290
7511998295090
7512031563390
7512064857290
7512098159090
7512131430090
7512164725490
7512198010190
7512231299990
7512264587490
7512297878290
7512331168190
7512364455690
7512397745490
7512431034790
7512464363990
7512497613290
7512530902790
7512564192790
7512597484390
7512630770690
7512664061190
7512697357990
7512730638990
7512763929290
7512797224290
7512830508190
7512863797790
7512897091890
7512930376290
7512963665790
7512996953690
7513030244490
7513063537590
7513096821990
7513130112190
7513163400790
7513196691090
7513229980490
7513263269090
7513296559790
7513329871090
7513363137090
7513396427490
7513429736390
7513463009890
7513496295590
7513529619290
7513562874690
7513596164090
7513629457890
7513662743190
7513696030990
7513729320490
7513762610790
7513795933190
7513829187890
7513862479290
7513895768590
7513929057990
7513962346690
7513995635190
7514028927190
7514062214790
7514095503490
7514128793990
7514162090690
7514195371690
7514228661990
7514261959290
7514295241290
7514328530090
7514361825390
7514395109190
7514428397390
7514461686790
7514494977190
7514528266290
7514561554890
7514594848590
7514628135890
7514661423190
7514694713290
7514728002390
7514761318190
7514794580890
7514827870090
7514861160490
7514894456890
7514927738090
7514961028690
7514994325390
7515027606390
7515060896890
7515094192190
7515127475190
7515160763790
7515194053390
7515227343390
7515260633590
7515293921490
7515327211790
7515360501990
7515393789990
7515427080090
7515460368290
7515493658290
7515526948390
7515560236490
7515593526390
7515626822690
7515660104890
7515693394790
7515726706990
7515759972790
7515793262590
7515826589690
7515859841790
7515893131790
7515926419790
7515959710190
7515992998690
7516026287490
7516059578290
7516092899890
7516126157890
7516159446690
7516192736390
7516226024990
7516259314790
7516292602790
7516325894490
7516359186890
7516392470590
7516425761990
7516459055890
7516492339090
7516525629390
7516558924990
7516592208990
7516625497890
7516658785690
7516692077390
7516725364490
7516758653890
7516791944790
7516825233690
7516858522390
7516891811990
7516925103490
7516958393690
7516991681190
7517024968990
7517058259490
7517091553290
7517124837290
7517158127390
7517191423290
7517224705590
7517258018390
7517291292590
7517324573890
7517357863590
7517391152290
7517424463790
7517457731190
7517491020390
7517524311190
7517557599790
7517590888890
7517624178990
7517657469190
7517690756690
7517724047590
7517757335790
7517790625790
7517823920390
7517857203590
7517890494090
7517923790590
7517957071790
7517990361790
7518023658490
7518056939990
7518090230390
7518123557690
7518156809190
7518190098890
7518223387090
7518256677190
7518289974590
7518323254990
7518356545390
7518389835990
7518423122890
7518456413590
7518489701690
7518522992490
7518556287090
7518589570590
7518622860490
7518656154890
7518689437690
7518722728390
7518756051190
7518789309190
7518822596190
7518855924190
7518889175390
7518922465290
7518955753190
7518989044290
7519022332290
7519055621290
7519088912190
7519122200790
7519155489090
7519188780290
7519222069390
7519255359490
7519288653290
7519321936390
7519355227990
7519388520690
7519421804790
7519455094990
7519488390490
7519521672790
7519554963290
7519588260290
7519621556490
7519654830790
7519688119390
7519721412090
7519754698490
7519787987990
7519821278390
7519854568390
7519887855990
7519921146390
7519954436390
7519987724690
7520021019290
7520054302990
7520087624290
7520120887590
7520154401490
7520187461390
7520220757490
7520254039290
7520287329490
7520320626590
7520353906990
7520387197290
7520420485890
7520453776490
7520487065890
7520520354190
7520553644890
7520586934790
7520620222690
7520653512890
7520686818990
7520720090490
7520753385790
7520786669290
7520819959490
7520853255090
7520886537390
7520919827590
7520953143990
7520986405790
7521019695890
7521052993790
7521086273890
7521119563890
7521152853590
7521186142690
7521219432190
7521252720190
7521286011590
7521319299590
7521352588690
7521385879190
7521419199490
7521452456290
7521485752090
7521519036990
7521552326190
7521585620990
7521618903790
7521652195290
7521685488790
7521718773690
7521752062290
7521785358890
7521818639790
7521851930290
7521885221590
7521918509290
7521951798590
7521985087290
7522018378190
7522051665390
7522084954690
7522118245190
7522151534590
7522184823690
7522218131890
7522251405690
7522284714190
7522317987290
7522351269890
7522384574090
7522417854890
7522451138090
7522484428290
7522517724790
7522551006190
7522584296990
7522617587190
7522650874690
7522684164490
7522717453390
7522750777790
7522784032090
7522817321290
7522850612090
7522883902790
7522917189790
7522950484590
7522983770790
7523017057590
7523050353790
7523083636490
7523116926990
7523150222290
7523183504390
7523216794890
7523250091590
7523283372690
7523316663390
7523349953390
7523383240690
7523416531290
7523449820390
7523483109690
7523516399290
7523549687990
7523582978290
7523616288290
7523649555890
7523682850490
7523716155590
7523749424890
7523782719990
7523816004190
7523849293490
7523882588790
7523915871190
7523949161590
7523982455890
7524015739190
7524049029690
7524082318590
7524115610490
7524148897290
7524182187390
7524215477990
7524248765690
7524282053990
7524315345690
7524348633190
7524381921990
7524415216790
7524448501990
7524481790490
7524515086790
7524548370390
7524581659890
7524614954690
7524648237790
7524681527890
7524714822390
7524748106390
7524781396190
7524814685390
7524847973990
7524881263890
7524914553790
7524947841690
7524981132490
7525014420590
7525047745390
7525080999590
7525114288890
7525147582790
7525180868390
7525214156990
7525247458290
7525280737690
7525314025190
7525347320990
7525380603690
7525413894190
7525447188890
7525480471790
7525513762490
7525547052990
7525580339990
7525613630690
7525646919990
7525680208490
7525713498990
7525746788190
7525780077090
7525813366990
7525846654990
7525879949490
7525913235090
7525946523490
7525979818890
7526013118690
7526046390990
7526079687090
7526112975690
7526146260290
7526179555790
7526212838390
7526246128990
7526279417190
7526312706190
7526345996790
7526379321890
7526412574690
7526445864690
7526479154490
7526512443490
7526545733290
7526579021390
7526612316590
7526645600390
7526678889390
7526712185390
7526745469590
7526778758390
7526812054390
7526845337790
7526878627790
7526911922090
7526945204490
7526978496190
7527011783290
7527045072590
7527078363390
7527111652090
7527144940890
7527178231690
7527211521290
7527244817290
7527278099490
7527311387790
7527344682490
7527377966690
7527411256190
7527444552190
7527477837290
7527511124090
7527544420790
7527577705190
7527610992390
7527644288990
7527677581890
7527710899590
7527744149990
7527777439190
7527810729790
7527844018890
7527877307590
7527910610790
7527943887790
7527977175590
7528010465990
7528043754390
7528077047990
7528110334090
7528143622090
7528176918490
7528210203590
7528243490390
7528276786790
7528310071290
7528343358190
7528376654790
7528409948190
7528443227690
7528476516890
7528509805190
7528543096190
7528576392690
7528609673690
7528642964190
7528676253290
7528709541890
7528742832790
7528776121890
7528809414290
7528842700490
7528875988390
7528909284990
7528942567590
7528975857190
7529009152990
7529042482990
7529075724890
7529109022190
7529142305090
7529175593990
7529208883590
7529242172290
7529275463590
7529308750590
7529342039890
7529375330690
7529408621090
7529441908290
7529475198690
7529508489290
7529541782190
7529575066990
7529608355390
7529641652290
7529674934190
7529708223290
7529741519890
7529774802990
7529808091490
7529841388390
7529874672090
7529907973190
7529941250190
7529974538390
7530007828490
7530041116890
7530074406690
7530107697190
7530140986490
7530174274890
7530207568190
7530240855490
7530274145890
7530307433090
7530340722090
7530374067290
7530407300390
7530440589690
7530473885790
7530507169290
7530540458090
7530573754290
7530607038590
7530640325790
7530673616290
7530706920590
7530740195090
7530773484190
7530806772590
7530840063790
7530873353590
7530906640990
7530939931990
7530973221690
7531006512190
7531039799690
7531073087890
7531106383490
7531139667690
7531172955790
7531206252290
7531239553690
7531272824490
7531306120890
7531339435090
7531372692490
7531405982790
7531439272790
7531472561590
7531505851290
7531539139190
7531572430090
7531605717890
7531639007390
7531672298090
7531705624490
7531738879490
7531772166290
7531805455490
7531838751290
7531872033490
7531905322490
7531938620490
7531971901490
7532005190590
7532038487190
7532071769890
7532105061690
7532138348890
7532171638390
7532204928290
7532238217490
7532271505690
7532304797190
7532338083990
7532371374190
7532404664090
7532437953590
7532471244890
7532504531790
7532537826990
7532571138590
7532604400890
7532637688990
7532670990590
7532704267690
7532737557290
7532770853390
7532804136490
7532837425090
7532870715390
7532904005790
7532937293290
7532970583790
7533003872490
7533037212190
7533070451090
7533103740290
7533137030690
7533170321490
7533203611190
7533236898490
7533270188390
7533303481990
7533336765190
7533370056690
7533403350490
7533436634990
7533469923290
7533503220290
7533536503990
7533569791790
7533603081990
7533636372090
7533669659290
7533702950290
7533736258590
7533769528890
7533802818390
7533836106390
7533869397090
7533902714290
7533935976690
7533969265490
7534002573790
7534035848790
7534069132790
7534102422390
7534135718790
7534169001490
7534202289890
7534235586790
7534268868490
7534302157890
7534335448390
7534368737390
7534402026190
7534435316490
7534468606390
7534501900090
7534535184690
7534568472690
7534601764190
7534635051990
7534668343290
7534701631790
7534734920690
7534768214690
7534801499490
7534834789090
7534868085090
7534901367690
7534934656290
7534967953590
7535001236390
7535034524290
7535067814690
7535101105290
7535134392790
7535167682990
7535200972890
7535234283090
7535267551090
7535300865490
7535334152790
7535367417790
7535400709890
7535433998190
7535467287190
7535500581190
7535533868090
7535567156890
7535600449190
7535633734290
7535667022890
7535700319390
7535733601690
7535766890890
7535800181190
7535833471590
7535866758990
7535900049290
7535933339490
7535966626990
7535999917590
7536033231790
7536066495990
7536099785590
7536133075390
7536166364390
7536199653890
7536232947890
7536266232490
7536299525990
7536332816090
7536366100490
7536399389590
7536432685590
7536465968890
7536499257190
7536532547390
7536565835890
7536599125290
7536632415790
7536665744890
7536698992890
7536732283290
7536765597790
7536798861990
7536832151790
7536865441690
7536898731690
7536932018890
7536965313990
7536998598590
7537031889190
7537065192490
7537098466790
7537131757290
7537165053590
7537198335390
7537231623190
7537264914490
7537298202490
7537331491590
7537364781790
7537398071390
7537431359690
7537464649790
7537497939890
7537531229090
7537564518290
7537597807990
7537631097190
7537664385590
7537697680290
7537730965490
7537764254790
7537797548690
7537830833490
7537864123990
7537897417290
7537930701790
7537963989590
7537997316390
7538030568490
7538063858190
7538097148390
7538130437390
7538163725690
7538197019990
7538230307090
7538263594490
7538296884290
7538330174990
7538363462990
7538396752590
7538430048090
7538463331790
7538496621490
7538529915390
7538563199490
7538596489590
7538629783790
7538663067890
7538696356290
7538729646390
7538762936690
7538796223990
7538829514990
7538862813890
7538896092990
7538929382990
7538962672490
7538995960090
7539029251290
7539062542090
7539095829590
7539129118990
7539162413390
7539195698090
7539228986790
7539262283090
7539295566290
7539328900790
7539362150090
7539395434390
7539428723890
7539462012690
7539495302890
7539528590690
7539561882390
7539595169790
7539628459090
7539661749490
7539695038190
7539728327190
7539761616890
7539794908790
7539828196790
7539861485690
7539894779690
7539928065290
7539961352590
7539994647490
7540027932290
7540061221490
7540094536790
7540127800690
7540161090090
7540194395590
7540227668590
7540260956890
7540294247890
7540327535790
7540360825090
7540394115890
7540427404490
7540460693290
7540493983890
7540527275690
7540560561390
7540593851490
7540627146390
7540660459090
7540693719190
7540727014190
7540760299090
7540793589490
7540826882590
7540860167490
7540893456090
7540926744990
7540960035290
7540993324890
7541026613690
7541059903290
7541093191490
7541126482190
7541159772090
7541193059690
7541226349790
7541259641690
7541292927390
7541326217790
7541359542190
7541392796890
7541426086890
7541459380390
7541492665190
7541525970790
7541559248990
7541592533090
7541625830290
7541659110790
7541692401490
7541725690990
7541758980590
7541792270290
7541825558090
7541858848490
7541892136890
7541925426190
7541958716890
7541992059790
7542025294190
7542058584490
7542091879990
7542125163590
7542158452990
7542191746890
7542225032490
7542258319790
7542291615390
7542324899690
7542358188990
7542391477590
7542424768090
7542458057490
7542491347090
7542524635890
7542557924290
7542591215790
7542624503490
7542657792690
7542691082890
7542724374290
7542757660490
7542790951190
7542824247990
7542857551790
7542890819190
7542924113690
7542957414490
7542990686390
7543023982090
7543057265990
7543090555490
7543123843890
7543157134190
7543190424690
7543223713290
7543257002290
7543290290590
7543323619890
7543356869490
7543390158990
7543423449390
7543456739890
7543490027090
7543523317290
7543556614190
7543589895390
7543623184890
7543656479990
7543689764290
7543723053690
7543756348490
7543789632690
7543822922490
7543856210290
7543889503890
7543922790290
7543956078390
7543989368690
7544022657390
7544055947090
7544089236690
7544122524990
7544155815490
7544189126490
7544222393390
7544255683890
7544288989990
7544322261190
7544355551790
7544388876490
7544422130390
7544455419590
7544488714690
7544522000690
7544555287090
7544588576190
7544621867190
7544655189290
7544688444490
7544721735490
7544755025690
7544788313890
7544821602890
7544854891590
7544888183190
7544921470690
7544954759590
7544988050290
7545021363390
7545054627990
7545087918290
7545121213790
7545154497190
7545187785990
7545221081390
7545254365790
7545287653690
7545320942690
7545354233290
7545387522690
7545420810890
7545454101590
7545487391790
7545520694690
7545553969590
7545587257790
7545620572690
7545653836990
7545687126190
7545720416690
7545753712590
7545786997290
7545820284490
7545853581390
7545886862090
7545920152490
7545953447490
7545986731690
7546020019990
7546053309390
7546086599790
7546119890090
7546153177190
7546186467590
7546219758590
7546253045990
7546286335990
7546319624490
7546352914790
7546386203990
7546419492690
7546452783090
7546486078690
7546519360890
7546552650890
7546585946790
7546619228590
7546652519090
7546685815490
7546719097790
7546752386490
7546785675990
7546818966290
7546852254590
7546885543990
7546918834390
7546952154490
7546985411990
7547018702290
7547051992490
7547085281590
7547118570290
7547151858890
7547185149490
7547218442590
7547251726990
7547285017590
7547318320890
7547351595190
7547384885590
7547418181590
7547451465290
7547484753190
7547518045790
7547551333090
7547584620690
7547617909890
7547651200890
7547684503890
7547717778690
7547751068990
7547784358590
7547817647490
7547850936690
7547884225390
7547917516390
7547950809390
7547984092790
7548017383990
7548050679090
7548083961390
7548117251990
7548150548590
7548183829790
7548217120190
7548250412090
7548283718390
7548316987090
7548350276890
7548383567190
7548416857290
7548450166390
7548483434690
7548516724390
7548550013190
7548583303690
7548616592790
7548649881590
7548683175990
7548716459590
7548749750090
7548783046590
7548816327990
7548849618490
7548882915190
7548916195890
7548949486290
7548982813390
7549016065290
7549049354990
7549082643390
7549115933290
7549149229990
7549182511190
7549215815690
7549249090690
7549282379490
7549315669090
7549348959290
7549382247990
7549415542390
7549448826290
7549482116390
7549515410890
7549548694290
7549581984790
7549615306290
7549648561990
7549681852490
7549715179290
7549748433090
7549781720990
7549815009290
7549848300590
7549881588090
7549914877790
7549948168290
7549981456690
7550014746090
7550048035990
7550081325590
7550114615590
7550147908690
7550181192690
7550214484190
7550247776890
7550281060890
7550314351490
7550347651190
7550380929190
7550414219490
7550447516890
7550480811590
7550514087490
7550547375790
7550580667090
7550613954890
7550647243990
7550680534090
7550713823190
7550747111990
7550780401990
7550813692490
7550846980290
7550880275090
7550913559090
7550946875590
7550980143290
7551013426890
7551046717290
7551080013790
7551113294990
7551146585890
7551179882790
7551213163790
7551246453890
7551279742290
7551313032390
7551346321290
7551379610190
7551412900790
7551446190390
7551479478290
7551512776290
7551546059290
7551579346590
7551612640690
7551645925290
7551679215490
7551712510690
7551745793590
7551779084090
7551812399690
7551845661090
7551878955190
7551912249190
7551945529790
7551978820290
7552012109590
7552045398790
7552078688190
7552111976890
7552145266890
7552178555190
7552211844990
7552245135190
7552278456990
7552311712590
7552345007890
7552378293890
7552411582090
7552444877290
7552478159890
7552511451290
7552544744390
7552578027690
7552611317890
7552644613790
7552677896290
7552711187090
7552744476090
7552777765490
7552811054890
7552844342790
7552877633790
7552910921890
7552944211190
7552977501790
7553010790690
7553044079190
7553077373490
7553110660090
7553143969890
7553177243190
7553210526290
7553243829690
7553277111190
7553310394190
7553343684490
7553376981290
7553410267990
7553443553090
7553476843190
7553510130990
7553543421190
7553576709290
7553610032690
7553643287790
7553676577390
7553709867690
7553743161090
7553776448690
7553809739790
7553843026390
7553876313490
7553909609590
7553942892490
7553976182690
7554009478390
7554042760590
7554076051290
7554109347890
7554142628290
7554175919090
7554209208690
7554242497090
7554275787590
7554309076990
7554342365790
7554375655790
7554408943590
7554442233990
7554475544990
7554508812190
7554542106290
7554575412690
7554608679990
7554641975790
7554675260090
7554708549490
7554741844390
7554775126990
7554808417390
7554841712490
7554874995190
7554908285390
7554941574590
7554974863490
7555008153690
7555041442890
7555074734990
7555108021990
7555141310290
7555174601090
7555207888690
7555241178290
7555274471990
7555307758190
7555341046590
7555374342390
7555407626590
7555440916290
7555474210890
7555507493690
7555540783990
7555574078190
7555607361490
7555640651790
7555673948290
7555707229390
7555740520490
7555773810490
7555807098290
7555840388790
7555873676390
7555907000390
7555940255490
7555973544590
7556006839190
7556040125390
7556073413190
7556106708990
7556139992790
7556173280990
7556206577390
7556239865490
7556273149890
7556306444490
7556339727690
7556373018390
7556406308390
7556439600690
7556472886290
7556506176990
7556539464090
7556572754390
7556606042890
7556639333490
7556672623290
7556705911390
7556739205190
7556772490590
7556805779290
7556839075090
7556872359490
7556905647590
7556938943190
7556972230990
7557005516590
7557038812690
7557072094590
7557105384790
7557138672790
7557171962190
7557205252790
7557238575890
7557271830190
7557305121090
7557338410690
7557371699990
7557404989090
7557438277690
7557471571790
7557504856490
7557538145290
7557571455290
7557604725490
7557638013690
7557671309590
7557704593990
7557737883990
7557771178690
7557804460690
7557837752390
7557871039690
7557904328890
7557937619190
7557970909390
7558004196890
7558037487490
7558070778190
7558104074090
7558137355090
7558170643790
7558203938490
7558237222390
7558270511990
7558303808090
7558337094290
7558370380390
7558403676590
7558436960690
7558470248090
7558503543890
7558536827190
7558570137390
7558603405890
7558636695190
7558669985690
7558703274790
7558736563290
7558769854290
7558803144590
7558836431690
7558869721990
7558903010190
7558936303390
7558969589390
7559002878390
7559036174690
7559069458690
7559102746290
7559136042990
7559169327490
7559202614690
7559235910690
7559269202990
7559302483490
7559335772690
7559369061590
7559402351790
7559435657290
7559468943390
7559502220190
7559535509590
7559568798290
7559602088490
7559635377590
7559668670490
7559701956290
7559735244790
7559768541390
7559801823690
7559835112690
7559868409090
7559901722790
7559934980590
7559968278490
7560001562090
7560034850290
7560068139490
7560101427590
7560134719290
7560168006790
7560201296290
7560234586490
7560267875790
7560301164290
7560334454990
7560367743890
7560401037790
7560434322790
7560467611090
7560500909290
7560534189990
7560567479290
7560600779090
7560634058290
7560667347090
7560700644590
7560733927490
7560767233290
7560800505990
7560833793990
7560867088490
7560900373590
7560933662490
7560966952790
7561000242190
7561033530290
7561066821390
7561100111390
7561133402490
7561166688990
7561199977790
7561233323390
7561266556690
7561299845890
7561333141790
7561366428790
7561399713790
7561433010390
7561466294790
7561499581990
7561532872390
7561566175890
7561599450690
7561632739990
7561666028890
7561699319590
7561732609690
7561765897090
7561799187690
7561832476890
7561865769190
7561899055790
7561932345190
7561965640090
7561998924290
7562032212190
7562065508790
7562098815190
7562132079990
7562165377090
7562198676690
7562231948190
7562265238790
7562298542290
7562331817590
7562365106390
7562398395490
7562431686090
7562464973990
7562498263690
7562531553490
7562564900990
7562598133790
7562631421990
7562664711590
7562698009390
7562731290190
7562764578590
7562797876290
7562831157090
7562864446190
7562897743090
7562931025690
7562964314690
7562997604790
7563030894890
7563064184090
7563097472490
7563130761790
7563164053390
7563197340290
7563230629690
7563263936090
7563297209690
7563330499290
7563363788490
7563397081590
7563430395690
7563463656690
7563496944990
7563530252690
7563563525390
7563596813090
7563630109590
7563663394890
7563696681490
7563729971790
7563763263090
7563796549290
7563829839890
7563863148590
7563896451790
7563929707490
7563962996590
7563996286690
7564029577390
7564062866390
7564096155190
7564129445390
7564162738090
7564196022490
7564229311190
7564262607690
7564295891290
7564329179590
7564362476190
7564395762590
7564429047390
7564462338190
7564495627890
7564528915890
7564562206190
7564595514490
7564628784990
7564662073790
7564695362890
7564728652890
7564761941190
7564795232290
7564828521290
7564861831190
7564895104490
7564928389290
7564961678890
7564994973890
7565028258190
7565061545790
7565094843090
7565128124790
7565161413790
7565194704690
7565227992990
7565261281690
7565294572090
7565327862090
7565361151990
7565394440090
7565427729090
7565461020290
7565494307990
7565527598790
7565560892690
7565594177690
7565627470490
7565660755790
7565694046190
7565727340990
7565760623690
7565793912590
7565827209490
7565860491190
7565893780590
7565927092190
7565960359190
7565993648490
7566026939090
7566060229090
7566093516390
7566126806690
7566160095290
7566193416990
7566226674290
7566259964690
7566293253790
7566326543290
7566359837290
7566393122190
7566426412990
7566459705790
7566492989990
7566526278890
7566559574790
7566592858190
7566626147090
7566659437390
7566692739090
7566726014690
7566759305490
7566792595390
7566825883290
7566859172990
7566892486690
7566925752390
7566959041590
7566992330890
7567025650690
7567058909690
7567092203490
7567125488290
7567158778090
7567192072190
7567225357090
7567258646390
7567291941690
7567325225290
7567358513390
7567391803690
7567425091990
7567458380990
7567491671890
7567524983090
7567558249390
7567591539590
7567624831790
7567658118890
7567691407790
7567724697990
7567757987490
7567791275190
7567824570390
7567857856590
7567891144090
7567924438490
7567957722790
7567991012390
7568024309690
7568057590890
7568090879490
7568124174090
7568157458290
7568190747490
7568224039090
7568257327390
7568290615390
7568323906290
7568357195890
7568390491190
7568423774690
7568457063590
7568490352990
7568523641490
7568556936390
7568590221290
7568623510590
7568656804190
7568690088790
7568723379690
7568756673390
7568789957490
7568823246090
7568856562190
7568889824590
7568923113990
7568956404490
7568989693490
7569022982190
7569056272690
7569089562490
7569122850390
7569156140390
7569189430090
7569222719390
7569256008490
7569289302890
7569322587690
7569355881290
7569389171290
7569422456890
7569455745390
7569489040090
7569522323990
7569555613590
7569588902390
7569622192390
7569655480790
7569688770890
7569722072990
7569755349090
7569788638790
7569821929490
7569855216490
7569888506990
7569921824790
7569955085890
7569988375990
7570021669490
7570054953790
7570088242090
7570121537590
7570154821590
7570188135990
7570221405790
7570254690090
7570287979790
7570321269090
7570354558490
7570387847190
7570421138490
7570454425090
7570487715390
7570521004990
7570554294490
7570587582890
7570620873990
7570654163590
7570687452790
7570720741590
7570754035490
7570787321090
7570820608190
7570853904190
7570887187790
7570920478090
7570953772490
7570987056290
7571020346690
7571053660790
7571086924790
7571120213190
7571153506990
7571186791990
7571220081490
7571253374790
7571286662190
7571319949690
7571353240190
7571386530190
7571419817690
7571453108190
7571486431990
7571519737790
7571552975690
7571586270890
7571619554590
7571652844390
7571686139190
7571719422590
7571752713590
7571786000890
7571819291090
7571852579290
7571885869590
7571919159290
7571952447690
7571985738390
7572019031390
7572052316190
7572085606790
7572118897190
7572152183790
7572185474390
7572218797690
7572252052890
7572285342990
7572318636790
7572351921590
7572385231790
7572418505490
7572451789790
7572485091290
7572518367890
7572551657490
7572584946890
7572618236590
7572651525990
7572684814090
7572718104490
7572751393190
7572784682690
7572817972690
7572851295590
7572884550590
7572917841190
7572951136490
7572984419590
7573017708790
7573051002590
7573084288890
7573117576290
7573150871590
7573184155690
7573217446190
7573250733390
7573284024190
7573317315090
7573350603190
7573383892290
7573417180590
7573450471590
7573483759090
7573517048390
7573550339390
7573583628790
7573616916790
7573650207190
7573683503990
7573716807490
7573750075290
7573783370090
7573816677390
7573849942290
7573883238090
7573916527390
7573949810890
7573983099890
7574016390390
7574049680490
7574082968390
7574116258290
7574149546890
7574182837390
7574216126290
7574249415190
7574282705490
7574315995990
7574349283390
7574382573890
7574415870490
7574449151590
7574482441990
7574515736590
7574549019690
7574582309590
7574615604590
7574648888690
7574682189390
7574715466090
7574748756390
7574782046590
7574815334690
7574848624090
7574881913090
7574915203690
7574948493290
7574981781290
7575015071790
7575048360290
7575081649490
7575114940190
7575148251090
7575181517590
7575214808390
7575248103990
7575281386390
7575314676890
7575347970290
7575381255490
7575414543790
7575447832590
7575481122890
7575514411990
7575547701490
7575580990690
7575614280690
7575647574890
7575680859290
7575714147690
7575747439290
7575780726590
7575814036390
7575847306590
7575880600390
7575913883890
7575947174790
7575980470190
7576013753390
7576047042690
7576080337290
7576113621890
7576146910190
7576180202690
7576213489490
7576246778290
7576280067290
7576313357290
7576346648290
7576379935790
7576413225490
7576446514790
7576479833790
7576513093190
7576546382190
7576579672690
7576612968490
7576646251190
7576679541290
7576712837590
7576746118590
7576779409090
7576812703890
7576845987890
7576879277090
7576912568990
7576945856090
7576979146290
7577012433890
7577045724190
7577079013190
7577112301890
7577145592390
7577178881990
7577212170590
7577245460690
7577278748690
7577312039190
7577345344490
7577378616990
7577411907090
7577445203390
7577478484790
7577511775590
7577545099490
7577578353790
7577611644390
7577644935090
7577678222390
7577711513890
7577744799690
7577778090490
7577811428490
7577844668390
7577877958390
7577911247690
7577944537490
7577977826390
7578011115290
7578044411190
7578077698190
7578110983490
7578144272890
7578177568990
7578210850890
7578244142290
7578277437790
7578310721490
7578344009790
7578377301190
7578410589490
7578443877190
7578477166390
7578510457190
7578543745990
7578577034390
7578610325490
7578643614590
7578676906590
7578710192890
7578743481390
7578776772390
7578810064390
7578843349690
7578876639690
7578909936490
7578943217690
7578976507790
7579009805390
7579043085590
7579076376690
7579109703190
7579142977090
7579176243390
7579209533090
7579242823090
7579276118190
7579309402390
7579342691390
7579375981890
7579409268990
7579442558790
7579475848090
7579509137890
7579542431490
7579575716090
7579609022890
7579642302690
7579675584190
7579708874290
7579742171490
7579775452590
7579808742690
7579842070090
7579875321590
7579908610690
7579941899190
7579975189590
7580008487090
7580041767290
7580075057390
7580108361190
7580141635590
7580174927490
7580208214390
7580241504590
7580274797590
7580308082090
7580341372790
7580374667090
7580407950390
7580441240390
7580474567890
7580507818190
7580541109090
7580574435790
7580607687790
7580640977790
7580674265490
7580707557090
7580740844690
7580774135490
7580807424290
7580840714490
7580874001790
7580907292090
7580940582990
7580973872190
7581007164190
7581040448690
7581073740390
7581107033090
7581140317190
7581173606990
7581206902390
7581240185490
7581273475890
7581306772090
7581340068490
7581373343490
7581406631890
7581439924290
7581473210590
7581506523590
7581539790490
7581573079890
7581606368390
7581639658990
7581672949190
7581706236490
7581739530590
7581772815390
7581806130390
7581839399890
7581872683190
7581905973390
7581939269790
7581972551590
7582005842290
7582039138690
7582072419390
7582105709790
7582138998590
7582172288590
7582205578890
7582238866490
7582272157090
7582305446490
7582338734590
7582372025190
7582405314490
7582438602990
7582471896590
7582505181790
7582538471790
7582571766490
7582605049690
7582638340390
7582671654390
7582704918190
7582738208190
7582771505990
7582804785890
7582838076290
7582871366390
7582904655090
7582937945290
7582971233090
7583004523690
7583037811790
7583071101090
7583104391490
7583137680490
7583170969490
7583204264590
7583237549090
7583270838290
7583304132990
7583337416390
7583370707890
7583404013690
7583437284190
7583470574790
7583503869790
7583537152490
7583570442590
7583603732190
7583637022290
7583670310790
7583703599190
7583736890590
7583770178390
7583803467690
7583836757690
7583870047290
7583903335090
7583936629190
7583969916190
7584003226290
7584036499590
7584069782190
7584103083190
7584136367290
7584169650690
7584202940890
7584236236490
7584269518690
7584302808890
7584336099590
7584369386890
7584402677390
7584435965690
7584469289490
7584502544490
7584535833990
7584569124090
7584602414790
7584635701690
7584668995290
7584702281790
7584735570190
7584768865890
7584802150290
7584835439190
7584868734190
7584902017190
7584935306990
7584968603590
7585001885290
7585035175590
7585068465590
7585101753190
7585135043590
7585168333190
7585201622690
7585234912290
7585268200290
7585301493590
7585334800790
7585368068290
7585401361590
7585434667890
7585467936290
7585501232090
7585534516190
7585567806090
7585601101490
7585634382990
7585667673690
7585700968690
7585734251590
7585767541690
7585800831690
7585834119790
7585867410390
7585900699690
7585933993090
7585967278390
7586000566990
7586033857890
7586067148690
7586100434790
7586133727690
7586167014190
7586200302990
7586233598690
7586266883390
7586300172490
7586333467690
7586366749690
7586400040890
7586433350490
7586466617890
7586499907790
7586533198690
7586566485990
7586599776690
7586633067690
7586666376890
7586699644790
7586732933190
7586766251390
7586799511890
7586832801390
7586866094190
7586899380990
7586932669190
7586965965790
7586999250490
7587032537190
7587065833290
7587099115790
7587132440490
7587165701090
7587198987790
7587232274490
7587265565090
7587298852390
7587332143190
7587365433190
7587398720390
7587432011190
7587465299290
7587498589490
7587531879690
7587565167390
7587598460690
7587631747090
7587665035990
7587698331990
7587731615390
7587764904090
7587798199790
7587831486090
7587864772690
7587898068490
7587931350890
7587964641290
7587997929790
7588031218690
7588064509390
7588097824590
7588131086290
7588164377690
7588197666790
7588230956190
7588264245690
7588297533590
7588330830990
7588364112790
7588397402190
7588430698390
7588463982390
7588497269790
7588530566590
7588563851090
7588597140090
7588630434590
7588663717090
7588697008590
7588730295790
7588763585890
7588796875290
7588830165090
7588863453490
7588896743890
7588930033490
7588963323590
7588996612190
7589029900290
7589063193590
7589096479390
7589129768290
7589163064190
7589196347690
7589229636490
7589262932790
7589296217490
7589329504690
7589362800790
7589396083490
7589429406390
7589462661990
7589495951690
7589529241490
7589562531090
7589595819790
7589629109990
7589662400790
7589695687790
7589728977990
7589762266890
7589795558690
7589828846190
7589862138490
7589895431190
7589928715390
7589962002890
7589995299090
7590028582990
7590061871090
7590095167390
7590128458990
7590161739790
7590195029990
7590228318190
7590261607990
7590294897390
7590328186390
7590361476690
7590394765990
7590428054190
7590461344990
7590494634090
7590527925490
7590561212890
7590594501590
7590627797390
7590661079590
7590694369290
7590727665690
7590760986390
7590794237490
7590827533590
7590860817590
7590894106590
7590927396790
7590960684390
7590993975890
7591027263190
7591060552490
7591093843090
7591127132290
7591160420590
7591193711390
7591227000790
7591260294690
7591293579490
7591326867590
7591360165290
7591393446390
7591426735990
7591460031790
7591493315590
7591526604290
7591559900090
7591593183490
7591626478290
7591659762090
7591693050990
7591726340990
7591759632690
7591792918690
7591826209590
7591859498790
7591892787290
7591926077390
7591959367690
7591992656390
7592025945490
7592059233890
7592092554390
7592125812590
7592159102290
7592192398190
7592225683190
7592258970390
7592292266990
7592325550090
7592358838190
7592392128290
7592425431290
7592458707490
7592491996590
7592525285590
7592558575590
7592591865190
7592625153690
7592658443890
7592691734590
7592725022190
7592758312090
7592791601290
7592824896090
7592858180290
7592891468390
7592924764790
7592958058190
7592991336390
7593024633190
7593057915990
7593091204490
7593124494890
7593157797390
7593191073790
7593224365790
7593257651890
7593290942290
7593324230190
7593357519990
7593390810390
7593424128690
7593457388490
7593490678690
7593523967790
7593557265490
7593590546990
7593623834890
7593657135490
7593690413190
7593723703090
7593756999690
7593790282590
7593823571290
7593856861190
7593890150990
7593923441190
7593956729890
7593990018390
7594023309290
7594056596690
7594089886190
7594123176690
7594156466890
7594189755290
7594223045490
7594256335690
7594289646690
7594322913590
7594356201190
7594389497590
7594422791590
7594456069190
7594489366190
7594522649090
7594555937590
7594589227390
7594622518190
7594655805290
7594689096390
7594722384890
7594755704190
7594788962990
7594822252790
7594855543390
7594888832490
7594922121790
7594955410990
7594988701490
7595021996090
7595055279190
7595088567890
7595121863690
7595155147290
7595188435990
7595221732690
7595255015790
7595288303790
7595321593890
7595354884290
7595388171690
7595421462190
7595454769390
7595488040890
7595521330990
7595554622290
7595587909190
7595621226890
7595654487390
7595687777690
7595721076590
7595754360290
7595787645490
7595820935290
7595854230890
7595887514190
7595920802390
7595954099290
7595987380590
7596020669890
7596053960690
7596087282990
7596120538090
7596153828490
7596187119390
7596220407590
7596253697090
7596286985590
7596320276590
7596353563990
7596386853990
7596420143890
7596453433190
7596486727190
7596520012290
7596553301790
7596586598090
7596619880390
7596653168590
7596686466090
7596719750890
7596753036890
7596786326890
7596819616090
7596852904990
7596886194890
7596919485790
7596952795590
7596986063190
7597019351690
7597052660090
7597085933590
7597119221090
7597152510090
7597185799590
7597219093690
7597252378690
7597285668390
7597318961890
7597352246690
7597385535090
7597418865090
7597452113290
7597485403090
7597518696890
7597551983790
7597585271290
7597618561190
7597651851990
7597685139490
7597718429590
7597751741590
7597785008190
7597818298490
7597851595490
7597884876690
7597918166790
7597951460190
7597984744790
7598018034390
7598051328190
7598084613090
7598117902790
7598151198090
7598184481090
7598217769890
7598251063090
7598284348290
7598317637690
7598350927790
7598384247590
7598417505890
7598450795890
7598484108690
7598517374890
7598550664590
7598583952690
7598617247190
7598650531190
7598683826290
7598717110990
7598750400490
7598783694190
7598816979490
7598850269190
7598883565890
7598916847290
7598950135990
7598983436890
7599016714690
7599050004190
7599083293990
7599116583590
7599149872290
7599183162390
7599216452190
7599249741390
7599283030690
7599316319290
7599349609790
7599382897690
7599416192290
7599449477590
7599482766990
7599516061090
7599549345990
7599582635990
7599615952590
7599649213490
7599682502290
7599715822490
7599749080990
7599782370290
7599815660390
7599848951290
7599882238690
7599915529090
7599948818590
7599982106590
7600015397090
7600048715090
7600081975690
7600115264190
7600148559390
7600181844090
7600215134290
7600248427890
7600281712190
7600315001990
7600348295990
7600381580590
7600414869190
7600448165590
7600481448590
7600514736690
7600548026990
7600581318990
7600614604890
7600647895290
7600681184890
7600714472490
7600747763490
7600781080990
7600814342190
7600847631990
7600880927890
7600914210690
7600947498790
7600980794090
7601014078290
7601047397490
7601080661890
7601113946790
7601147236190
7601180532290
7601213815090
7601247103590
7601280394890
7601313682390
7601346971690
7601380261990
7601413551190
7601446839690
7601480129890
7601513419590
7601546709490
7601579997890
7601613290890
7601646577590
7601679864890
7601713160390
7601746444790
7601779735190
7601813028990
7601846312690
7601879604190
7601912901490
7601946181290
7601979469790
7602012768490
7602046048290
7602079337590
7602112628290
7602145916890
7602179206090
7602212495990
7602245786690
7602279073390
7602312364790
7602345657890
7602378965190
7602412231290
7602445526590
7602478811290
7602512101090
7602545395490
7602578681090
7602611969490
7602645260590
7602678547890
7602711835990
7602745126290
7602778417490
7602811704690
7602844994690
7602878284190
7602911572190
7602944862490
7602978152890
7603011440390
7603044730590
7603078053490
7603111309590
7603144599590
7603177892990
7603211177690
7603244475390
7603277761390
7603311046190
7603344335090
7603377630090
7603410914390
7603444203190
7603477492990
7603510782290
7603544070790
7603577360890
7603610649290
7603643938990
7603677229090
7603710549690
7603743806790
7603777097290
7603810392990
7603843675590
7603876965590
7603910263490
7603943545390
7603976832890
7604010127590
7604043413790
7604076701690
7604109996090
7604143280390
7604176569790
7604209860190
7604243148190
7604276436690
7604309728290
7604343015790
7604376304890
7604409595290
7604442884590
7604476173490
7604509463190
7604542758290
7604576056390
7604609331990
7604642626390
7604675922390
7604709198890
7604742494090
7604775778990
7604809067690
7604842362590
7604875646190
7604908937590
7604942224990
7604975515090
7605008803090
7605042130490
7605075381990
7605108671690
7605141961690
7605175251090
7605208539390
7605241830090
7605275124990
7605308407890
7605341697890
7605374992190
7605408276790
7605441568790
7605474860790
7605508144990
7605541434790
7605574728890
7605608012790
7605641302690
7605674591090
7605707881190
7605741170790
7605774459690
7605807753190
7605841038190
7605874328290
7605907637190
7605940905790
7605974196490
7606007491690
7606040773990
7606074064390
7606107387990
7606140643190
7606173932390
7606207226890
7606240511590
7606273799690
7606307095690
7606340379190
7606373698790
7606406957090
7606440247990
7606473537390
7606506826790
7606540115690
7606573403990
7606606695290
7606639983190
7606673272090
7606706563090
7606739855690
7606773140490
7606806430890
7606839726690
7606873010390
7606906299090
7606939593590
7606972878390
7607006166190
7607039461890
7607072752390
7607106034990
7607139323590
7607172614190
7607205903890
7607239220690
7607272482290
7607305770690
7607339074690
7607372349390
7607405638690
7607438928790
7607472223790
7607505506790
7607538797090
7607572093590
7607605374990
7607638665590
7607671989690
7607705278990
7607738532690
7607771828090
7607805112290
7607838401890
7607871689890
7607904980490
7607938270890
7607971558490
7608004850290
7608038136990
7608071426990
7608104716890
7608138004890
7608171295290
7608204589690
7608237873090
7608271163990
7608304459890
7608337741290
7608371031690
7608404355490
7608437610490
7608470910590
7608504194590
7608537478690
7608570789290
7608604056390
7608637346890
7608670651490
7608703924990
7608737215790
7608770504590
7608803793690
7608837083390
7608870371790
7608903661790
7608936953590
7608970239390
7609003530090
7609036856590
7609070107490
7609103398290
7609136693890
7609169980690
7609203266390
7609236560990
7609269846290
7609303133490
7609336422690
7609369713090
7609403003890
7609436291390
7609469581090
7609502872290
7609536160790
7609569449690
7609602737990
7609636029190
7609669320190
7609702606390
7609735896390
7609769191590
7609802474290
7609835764690
7609869061390
7609902364290
7609935632490
7609968927390
7610002239690
7610035499590
7610068789090
7610102079990
7610135369190
7610168657390
7610201947090
7610235237890
7610268525690
7610301815790
7610335104490
7610368394590
7610401686090
7610434972690
7610468262990
7610501558890
7610534840690
7610568131190
7610601427890
7610634709090
7610667998990
7610701293990
7610734577790
7610767876990
7610801155790
7610834446090
7610867735490
7610901023990
7610934314090
7610967604090
7611000892290
7611034182190
7611067470790
7611100761090
7611134056790
7611167338490
7611200629590
7611233945190
7611267207490
7611300497490
7611333808490
7611367074790
7611400365390
7611433661690
7611466943790
7611500233890
7611533521890
7611566812490
7611600100390
7611633390190
7611666680790
7611699969590
7611733257990
7611766548490
7611799837890
7611833131990
7611866419890
7611899705190
7611932996390
7611966289690
7611999572990
7612032863690
7612066158990
7612099441990
7612132731490
7612166028590
7612199310490
7612232600090
7612265888290
7612299180790
7612332467190
7612365756690
7612399047190
7612432336290
7612465624890
7612498914690
7612532205590
7612565492790
7612598785390
7612632071790
7612665386190
7612698655990
7612731939990
7612765230290
7612798526490
7612831807590
7612865098290
7612898394890
7612931676090
7612964966690
7612998254590
7613031547890
7613064833390
7613098123290
7613131413590
7613164703290
7613197991190
7613231280790
7613264571090
7613297859190
7613331151990
7613364439390
7613397728490
7613431023590
7613464306090
7613497596690
7613530891990
7613564174590
7613597464490
7613630760590
7613664042290
7613697332890
7613730622290
7613763911090
7613797204090
7613830489190
7613863780290
7613897068190
7613930358090
7613963647790
7613996970190
7614030224990
7614063518490
7614096805590
7614130094690
7614163407090
7614196672290
7614229964290
7614263256790
7614296540790
7614329830790
7614363126090
7614396408590
7614429699290
7614462988590
7614496278490
7614529567690
7614562855690
7614596146690
7614629434090
7614662724090
7614696013790
7614729302990
7614762591790
7614795884690
7614829171990
7614862460790
7614895756490
7614929042190
7614962329190
7614995623290
7615028906990
7615062197490
7615095495390
7615128775190
7615162065690
7615195356190
7615228643490
7615261933690
7615295223590
7615328534190
7615361800990
7615395090390
7615428380690
7615461669490
7615494958590
7615528250690
7615561539090
7615594826290
7615628122590
7615661407090
7615694695090
7615727990690
7615761273790
7615794563990
7615827860490
7615861141490
7615894432090
7615927722190
7615961010090
7615994299890
7616027588290
7616060878690
7616094168090
7616127456690
7616160746790
7616194039390
7616227324690
7616260616990
7616293904390
7616327192290
7616360488890
7616393771490
7616427061990
7616460357490
7616493639590
7616526930190
7616560225090
7616593508490
7616626798290
7616660129390
7616693375590
7616726666590
7616759955590
7616793245390
7616826550690
7616859823090
7616893113990
7616926401790
7616959690790
7616992983190
7617026271790
7617059559090
7617092854790
7617126140290
7617159428890
7617192723290
7617226011690
7617259297690
7617292591090
7617325874490
7617359164390
7617392453590
7617425742290
7617459032790
7617492321890
7617525623190
7617558900390
7617592189190
7617625479890
7617658767990
7617692057590
7617725349590
7617758637190
7617791925690
7617825223190
7617858506090
7617891793390
7617925089890
7617958372190
7617991684090
7618024957190
7618058240690
7618091530790
7618124820190
7618158108990
7618191399490
7618224689790
7618257977090
7618291267590
7618324555690
7618357845290
7618391134790
7618424423990
7618457715990
7618491004090
7618524292090
7618557587990
7618590872690
7618624160090
7618657455990
7618690742090
7618724047190
7618757325190
7618790606790
7618823897090
7618857205590
7618890474890
7618923765390
7618957055090
7618990343890
7619023633490
7619056923390
7619090212190
7619123501790
7619156790090
7619190083090
7619223368790
7619256658490
7619289954790
7619323268690
7619356526590
7619389822690
7619423106290
7619456395490
7619489691290
7619522972890
7619556264790
7619589552390
7619622841690
7619656132190
7619689421290
7619722709590
7619755999990
7619789289590
7619822580390
7619855871590
7619889156590
7619922450190
7619955735290
7619989024490
7620022320690
7620055604190
7620088892990
7620122189090
7620155472990
7620188778690
7620222057690
7620255345690
7620288634690
7620321918590
7620355208090
7620388498190
7620421787590
7620455076390
7620488366390
7620521656690
7620554944290
7620588234690
7620621524390
7620654865390
7620688102190
7620721390990
7620754687290
7620787971990
7620821259190
7620854555390
7620887838890
7620921127690
7620954423790
7620987707590
7621020995990
7621054285890
7621087574090
7621120864690
7621154154790
7621187442690
7621220732690
7621254023090
7621287310390
7621320600890
7621353889190
7621387181190
7621420469190
7621453757390
7621487053990
7621520358590
7621553625390
7621586921790
7621620220090
7621653493590
7621686790490
7621720080790
