8464473989190
8464507277390
8464540568290
8464573857190
8464607147290
8464640436390
8464673724190
8464707015690
8464740303290
8464773592690
8464806883390
8464840175690
8464873460890
8464906751390
8464940047690
8464973351890
8465006619290
8465039913590
8465073223090
8465106486190
8465139781990
8465173066290
8465206355590
8465239645290
8465272933890
8465306224290
8465339511790
8465372802390
8465406090690
8465439380690
8465472669290
8465505958890
8465539249290
8465572544090
8465605827090
8465639117290
8465672413890
8465705695190
8465738985690
8465772309090
8465805564590
8465838854090
8465872148690
8465905432590
8465938723790
8465972010390
8466005300390
8466038589690
8466071878590
8466105168590
8466138458690
8466171747490
8466205037090
8466238324990
8466271615390
8466304907090
8466338193290
8466371483590
8466404807790
8466438061290
8466471352190
8466504675990
8466537930590
8466571220490
8466604514290
8466637799490
8466671087290
8466704376390
8466737666690
8466770970190
8466804244590
8466837534690
8466870824290
8466904115390
8466937402490
8466970691690
8467003982190
8467037273190
8467070559590
8467103849790
8467137145190
8467170427190
8467203717890
8467237014690
8467270318490
8467303586290
8467336881290
8467370190490
8467403453490
8467436870290
8467470033490
8467503322290
8467536611190
8467569901490
8467603191590
8467636479390
8467669769490
8467703057590
8467736347490
8467769638790
8467802925790
8467836216290
8467869513290
8467902809490
8467936084790
8467969379790
8468002662090
8468035952490
8468069279490
8468102533190
8468135820590
8468169108790
8468202399290
8468235690190
8468268976990
8468302267690
8468335556490
8468368845090
8468402135390
8468435424690
8468468714390
8468502006290
8468535291790
8468568583090
8468601876190
8468635160190
8468668459490
8468701774690
8468735028090
8468768318690
8468801645990
8468834899390
8468868186490
8468901475190
8468934766190
8468968053990
8469001343190
8469034633890
8469067923290
8469101211290
8469134501590
8469167791390
8469201081690
8469234372490
8469267658490
8469300949390
8469334242290
8469367526290
8469400817090
8469434111690
8469467394590
8469500685090
8469533982090
8469567285590
8469600553290
8469633841290
8469667156990
8469700420590
8469733709590
8469767000190
8469800293490
8469833577690
8469866868490
8469900157790
8469933445490
8469966739290
8470000024390
8470033314790
8470066609390
8470099892590
8470133182990
8470166480590
8470199760890
8470233050590
8470266348090
8470299628490
8470332919390
8470366207890
8470399498890
8470432787690
8470466075790
8470499365990
8470532656490
8470565943690
8470599234290
8470632523490
8470665812090
8470699105090
8470732390790
8470765681290
8470798975990
8470832258790
8470865549390
8470898843390
8470932127190
8470965417190
8470998741590
8471031994890
8471065284990
8471098575190
8471131865590
8471165153390
8471198442290
8471231733190
8471265020790
8471298309890
8471331603890
8471364889490
8471398178290
8471431471090
8471464758490
8471498048590
8471531342990
8471564625590
8471597916190
8471631209490
8471664493090
8471697783890
8471731080790
8471764361590
8471797651690
8471830942390
8471864251690
8471897520190
8471930808290
8471964123690
8471997387390
8472030676190
8472063966790
8472097256690
8472130544990
8472163837990
8472197125590
8472230412490
8472263708790
8472296993090
8472330281890
8472363576190
8472396859590
8472430150290
8472463451690
8472496727490
8472530018390
8472563308490
8472596595890
8472629885590
8472663174490
8472696464690
8472729754590
8472763042390
8472796333090
8472829624290
8472862911190
8472896203890
8472929490290
8472962778890
8472996075090
8473029359490
8473062647690
8473095942590
8473129225890
8473162516290
8473195810990
8473229096790
8473262384590
8473295701990
8473328962090
8473362252890
8473395541890
8473428831090
8473462120290
8473495408890
8473528700190
8473561987390
8473595277390
8473628569790
8473661857390
8473695145390
8473728441290
8473761726490
8473795015290
8473828309590
8473861592190
8473894883090
8473928177190
8473961461990
8473994755590
8474028040090
8474061328090
8474094618790
8474127910390
8474161218790
8474194486790
8474227775190
8474261085390
8474294353890
8474327643190
8474360939390
8474394223090
8474427511190
8474460807790
8474494092090
8474527379390
8474560676090
8474593958590
8474627248390
8474660543190
8474693826590
8474727116990
8474760406890
8474793694790
8474826984990
8474860274790
8474893562490
8474926852390
8474960141690
8474993432190
8475026721190
8475060009390
8475093302190
8475126595090
8475159877890
8475193173890
8475226457590
8475259745390
8475293041890
8475326328190
8475359614690
8475392910790
8475426192790
8475459483190
8475492771390
8475526060590
8475559351190
8475592672690
8475625928690
8475659219290
8475692511090
8475725798090
8475759086990
8475792375890
8475825670490
8475858954490
8475892244290
8475925540390
8475958823490
8475992111890
8476025408290
8476058692190
8476091981290
8476125277190
8476158558890
8476191850490
8476225137190
8476258427390
8476291717790
8476325006790
8476358295290
8476391585690
8476424876290
8476458186390
8476491453790
8476524742190
8476558054890
8476591320790
8476624610190
8476657906290
8476691189890
8476724478490
8476757774390
8476791059690
8476824346290
8476857642990
8476890925390
8476924215690
8476957503890
8476990793490
8477024096290
8477057374490
8477090661490
8477123951790
8477157242390
8477190529690
8477223819890
8477257108490
8477290400390
8477323688390
8477356976390
8477390272790
8477423560690
8477456844890
8477490140790
8477523424590
8477556713290
8477590009690
8477623293190
8477656581790
8477689870990
8477723159490
8477756449790
8477789746190
8477823027690
8477856318090
8477889642190
8477922896090
8477956186390
8477989475490
8478022768690
8478056054290
8478089342790
8478122640590
8478155925090
8478189210790
8478222507190
8478255790990
8478289078990
8478322375790
8478355658890
8478388948690
8478422238190
8478455525790
8478488816590
8478522104790
8478555393890
8478588684590
8478621973690
8478655262290
8478688552590
8478721842790
8478755156490
8478788420090
8478821709090
8478855022290
8478888287690
8478921577490
8478954873190
8478988158790
8479021445090
8479054743390
8479088025890
8479121313390
8479154603590
8479187892090
8479221181890
8479254470790
8479287760590
8479321050690
8479354341090
8479387628290
8479420919090
8479454208790
8479487497990
8479520786490
8479554076390
8479587371590
8479620655090
8479653943090
8479687243890
8479720530290
8479753811690
8479787108190
8479820392690
8479853679690
8479886970190
8479920272190
8479953548490
8479986840190
8480020126890
8480053420890
8480086705290
8480119994690
8480153285490
8480186608990
8480219863690
8480253152990
8480286442690
8480319738890
8480353020890
8480386309790
8480419607990
8480452889990
8480486177990
8480519473990
8480552759390
8480586046090
8480619336290
8480652625790
8480685915390
8480719204790
8480752492890
8480785783890
8480819083690
8480852360690
8480885651190
8480918940290
8480952230390
8480985518790
8481018809690
8481052127990
8481085387690
8481118675690
8481151991590
8481185254790
8481218544490
8481251840590
8481285124390
8481318411890
8481351702590
8481384992290
8481418280390
8481451570790
8481484878690
8481518149890
8481551437490
8481584727690
8481618017890
8481651307890
8481684596590
8481717885390
8481751176190
8481784468290
8481817753990
8481851042190
8481884338590
8481917622190
8481950914290
8481984206990
8482017498890
8482050778390
8482084068990
8482117358490
8482150646390
8482183936790
8482217245090
8482250515390
8482283805490
8482317093490
8482350384390
8482383672090
8482416962590
8482450251190
8482483577490
8482516835090
8482550120190
8482583409690
8482616705990
8482649988090
8482683276990
8482716575090
8482749855490
8482783144690
8482816434990
8482849723990
8482883012990
8482916303090
8482949592690
8482982882090
8483016171790
8483049459890
8483082750490
8483116038590
8483149328690
8483182618090
8483215908690
8483249201490
8483282485990
8483315776990
8483349091790
8483382354690
8483415642990
8483448961390
8483482221590
8483515510990
8483548801690
8483582090490
8483615379190
8483648669290
8483681959990
8483715247090
8483748537190
8483781825890
8483815116090
8483848408490
8483881694890
8483914984390
8483948274590
8483981567890
8484014852490
8484048143090
8484081435990
8484114721290
8484148009090
8484181305890
8484214589590
8484247877290
8484281168090
8484314469090
8484347745290
8484381035490
8484414326690
8484447613490
8484480903790
8484514216890
8484547482790
8484580772790
8484614061290
8484647355790
8484680638890
8484713933890
8484747218790
8484780565790
8484813802290
8484847086990
8484880376390
8484913672390
8484946955390
8484980243790
8485013541890
8485046822790
8485080111890
8485113402590
8485146692590
8485179979890
8485213270190
8485246560590
8485279849290
8485313138290
8485346427590
8485379717890
8485413005490
8485446300590
8485479585190
8485512874390
8485546168590
8485579453090
8485612743690
8485646037590
8485679321590
8485712609690
8485745937690
8485779188690
8485812478390
8485845768490
8485879057390
8485912345790
8485945636990
8485978927090
8486012213590
8486045504590
8486078793890
8486112082990
8486145371990
8486178666590
8486211951390
8486245241490
8486278534990
8486311819390
8486345110090
8486378403490
8486411687790
8486444976190
8486478266490
8486511556490
8486544844290
8486578134890
8486611441190
8486644712390
8486678002890
8486711299890
8486744580490
8486777870890
8486811189190
8486844449690
8486877739790
8486911032990
8486944325390
8486977606390
8487010900790
8487044186390
8487077507790
8487110769590
8487144053790
8487177344390
8487210632390
8487243922390
8487277210690
8487310502190
8487343788990
8487377078690
8487410369090
8487443658190
8487476946790
8487510236690
8487543527990
8487576815990
8487610104990
8487643402290
8487676684590
8487709972290
8487743267790
8487776552290
8487809841690
8487843135990
8487876420390
8487909710790
8487942998090
8487976288090
8488009576590
8488042907790
8488076155490
8488109445190
8488142735690
8488176024390
8488209312990
8488242603090
8488275894290
8488309181790
8488342471590
8488375766390
8488409050290
8488442339590
8488475633790
8488508918590
8488542208290
8488575503090
8488608786290
8488642077190
8488675364490
8488708654590
8488741942990
8488775233790
8488808523390
8488841811690
8488875101790
8488908412890
8488941679590
8488974969990
8489008271090
8489041547490
8489074837390
8489108133990
8489141416590
8489174710990
8489207999790
8489241284990
8489274573090
8489307868590
8489341152590
8489374475090
8489407730790
8489441021190
8489474310690
8489507603390
8489540889090
8489574177590
8489607469090
8489640756290
8489674045390
8489707336190
8489740625390
8489773913390
8489807204090
8489840500190
8489873782490
8489907072290
8489940366590
8489973651490
8490006939490
8490040235190
8490073519190
8490106808190
8490140097190
8490173387590
8490206677690
8490239965190
8490273255790
8490306543890
8490339878790
8490373122190
8490406412190
8490439702690
8490472992490
8490506279990
8490539570290
8490572866890
8490606148290
8490639438390
8490672732990
8490706026590
8490739306390
8490772601590
8490805885290
8490839174890
8490872600490
8490905753690
8490939042990
8490972331290
8491005621590
8491038911290
8491072203490
8491105490390
8491138778790
8491172068690
8491205379390
8491238646290
8491271936690
8491305246190
8491338514190
8491371804690
8491405128890
8491438383490
8491471673590
8491504967490
8491538253890
8491571539990
8491604829290
8491638120390
8491671409190
8491704697290
8491737987690
8491771277690
8491804567490
8491837856090
8491871144490
8491904435690
8491937722990
8491971012690
8492004303290
8492037597590
8492070880890
8492104170790
8492137467490
8492170755190
8492204042690
8492237333790
8492270618090
8492303906390
8492337195390
8492370486390
8492403774990
8492437063990
8492470354490
8492503644990
8492536932290
8492570221990
8492603510890
8492636834790
8492670089390
8492703378990
8492736669290
8492769965690
8492803247290
8492836537190
8492869833090
8492903115290
8492936405290
8492969732290
8493002984390
8493036273590
8493069561790
8493102852790
8493136142090
8493169429890
8493202720690
8493236010390
8493269297990
8493302588690
8493335877090
8493369167090
8493402456590
8493435744990
8493469035790
8493502351890
8493535612890
8493568903890
8493602222190
8493635480890
8493668771790
8493702098290
8493735354190
8493768640590
8493801928390
8493835219490
8493868506590
8493901796490
8493935086990
8493968376290
8494001664490
8494034954990
8494068244590
8494101534790
8494134822690
8494168111190
8494201402690
8494234695290
8494267979590
8494301269490
8494334565090
8494367847390
8494401137790
8494434434590
8494467733290
8494501006190
8494534294290
8494567589690
8494600872990
8494634163090
8494667453190
8494700743290
8494734031190
8494767321290
8494800611590
8494833899090
8494867189190
8494900477690
8494933805190
8494967061190
8495000345790
8495033636190
8495066931990
8495100213890
8495133504090
8495166800990
8495200081790
8495233372490
8495266664490
8495299950290
8495333240590
8495366528990
8495399819390
8495433109190
8495466397190
8495499687890
8495532976790
8495566265190
8495599555290
8495632847490
8495666134190
8495699427790
8495732711790
8495766002690
8495799296890
8495832580290
8495865870490
8495899199490
8495932447890
8495965738490
8495999069190
8496032317090
8496065606490
8496098896990
8496132186590
8496165473690
8496198763190
8496232053890
8496265342990
8496298631190
8496331921490
8496365211290
8496398501390
8496431794590
8496465078190
8496498369290
8496531662890
8496564946190
8496598236490
8496631533890
8496664814690
8496698105090
8496731402390
8496764721790
8496797973090
8496831261390
8496864574890
8496897840590
8496931129790
8496964419790
8496997708890
8497030997290
8497064289890
8497097578490
8497130865090
8497164160690
8497197444390
8497230734490
8497264029390
8497297312890
8497330602890
8497363900390
8497397180590
8497430471490
8497463767790
8497497049290
8497530342290
8497563627890
8497596917890
8497630207690
8497663495390
8497696786290
8497730079890
8497763364490
8497796653990
8497829944190
8497863232190
8497896526990
8497929810990
8497963101190
8497996395690
8498029678990
8498062968990
8498096263590
8498129546790
8498162837290
8498196182790
8498229415090
8498262705890
8498296002790
8498329284990
8498362573590
8498395861890
8498429153590
8498462440590
8498495730190
8498529020290
8498562311190
8498595598290
8498628893290
8498662179490
8498695467890
8498728762990
8498762045890
8498795336190
8498828629590
8498861913290
8498895203590
8498928499190
8498961781590
8498995071590
8499028363190
8499061676390
8499094939690
8499128227990
8499161539090
8499194806890
8499228096190
8499261386990
8499294676290
8499327964290
8499361259390
8499394545190
8499427835290
8499461129090
8499494411590
8499527701190
8499560996690
8499594279390
8499627570090
8499660866790
8499694147890
8499727438290
8499760728390
8499794015690
8499827306390
8499860594490
8499893884390
8499927174390
8499960462490
8499993753290
8500027061190
8500060331190
8500093625290
8500126924690
8500160198690
8500193494990
8500226777790
8500260067890
8500293363090
8500326645690
8500359936290
8500393227590
8500426514090
8500459804090
8500493094490
8500526381590
8500559672390
8500592962890
8500626252890
8500659540690
8500692828890
8500726119790
8500759407990
8500792697190
8500825991890
8500859276390
8500892565190
8500925860990
8500959145190
8500992433790
8501025729590
8501059012090
8501092302190
8501125597190
8501158879790
8501192170790
8501225459590
8501258748190
8501292038690
8501325332290
8501358615990
8501391906290
8501425195090
8501458514790
8501491773790
8501525063090
8501558358190
8501591642590
8501624930990
8501658227190
8501691511990
8501724799190
8501758095990
8501791383990
8501824668190
8501857963290
8501891246390
8501924536790
8501957826490
8501991114190
8502024404990
8502057694690
8502090982990
8502124273090
8502157562390
8502190851590
8502224141090
8502257429390
8502290724690
8502324008190
8502357297090
8502390593990
8502423905090
8502457165590
8502490461590
8502523745890
8502557034990
8502590330490
8502623612390
8502656906990
8502690191490
8502723481190
8502756771090
8502790060490
8502823348790
8502856639190
8502889929190
8502923218590
8502956507390
8502989795490
8503023092090
8503056374490
8503089663890
8503122959790
8503156243390
8503189531790
8503222843790
8503256112590
8503289418490
8503322696690
8503355978490
8503389276690
8503422557390
8503455846690
8503489137390
8503522426890
8503555714890
8503589005390
8503622295690
8503655583190
8503688873190
8503722161790
8503755489990
8503788740590
8503822029390
8503855326390
8503888610690
8503921898190
8503955194790
8503988478590
8504021766490
8504055063190
8504088355690
8504121635290
8504154925090
8504188212990
8504221503790
8504254792890
8504288081590
8504321371690
8504354661290
8504387949190
8504421239290
8504454529890
8504487822490
8504521108190
8504554396190
8504587692790
8504620974890
8504654264290
8504687560590
8504720872790
8504754132390
8504787428790
8504820712390
8504854001590
8504887290890
8504920579090
8504953870590
8504987158190
8505020447390
8505053737990
8505087026790
8505120317990
8505153605690
8505186895890
8505220190390
8505253474090
8505286762290
8505320059790
8505353341190
8505386630890
8505419926590
8505453210390
8505486498590
8505519795590
8505553079590
8505586389190
8505619657390
8505652945390
8505686261490
8505719524590
8505752813790
8505786104190
8505819393690
8505852681890
8505885972590
8505919262490
8505952553890
8505985839890
8506019128890
8506052424690
8506085708190
8506118996690
8506152293090
8506185577190
8506218865190
8506252164890
8506285444890
8506318733290
8506352023190
8506385313290
8506418602390
8506451891590
8506485180290
8506518470590
8506551773990
8506585048290
8506618338490
8506651634390
8506684919690
8506718205790
8506751496190
8506784791690
8506818075190
8506851362590
8506884659590
8506917941790
8506951231190
8506984527890
8507017845390
8507051098890
8507084389590
8507117679190
8507150971790
8507184257890
8507217545990
8507250837690
8507284124990
8507317414090
8507350704490
8507383994190
8507417285990
8507450572090
8507483862690
8507517157690
8507550440890
8507583728890
8507617026190
8507650307990
8507683597490
8507716894390
8507750176990
8507783465690
8507816755690
8507850046390
8507883334090
8507916624190
8507949912590
8507983224790
8508016491190
8508049780290
8508083070990
8508116361490
8508149667490
8508182939290
8508216228390
8508249522590
8508282807090
8508316096690
8508349391490
8508382675590
8508415963690
8508449259890
8508482545190
8508515831790
8508549122390
8508582412190
8508615699590
8508648990490
8508682300390
8508715568890
8508748858490
8508782147290
8508815436790
8508848754290
8508882018190
8508915307390
8508948613390
8508981888890
8509015173190
8509048462990
8509081758190
8509115041490
8509148329690
8509181626890
8509214910290
8509248197690
8509281488290
8509314777590
8509348065690
8509381356290
8509414646090
8509447936190
8509481224190
8509514512990
8509547804490
8509581091690
8509614384090
8509647671190
8509680960590
8509714255290
8509747539590
8509780828990
8509814133590
8509847407690
8509880696190
8509913992290
8509947274790
8509980563990
8510013854590
8510047148290
8510080432290
8510113723890
8510147012790
8510180300190
8510213591190
8510246907090
8510280201190
8510313457790
8510346750490
8510380037690
8510413327090
8510446621890
8510479905890
8510513195990
8510546489090
8510579773890
8510613061990
8510646358290
8510679642490
8510712930390
8510746220790
8510779510090
8510812798690
8510846088790
8510879378790
8510912666590
8510945956690
8510979273190
8511012535690
8511045825190
8511079116290
8511112404090
8511145692490
8511178987390
8511212272190
8511245591590
8511278854990
8511312140190
8511345429790
8511378725790
8511412008690
8511445296790
8511478587990
8511511874790
8511545164790
8511578460890
8511611744090
8511645032590
8511678322990
8511711612790
8511744902590
8511778191490
8511811482790
8511844770990
8511878058390
8511911353490
8511944642190
8511977929090
8512011221790
8512044506790
8512077797090
8512111111990
8512144374490
8512177662690
8512210968590
8512244241190
8512277530890
8512310821290
8512344110290
8512377399190
8512410688890
8512443979790
8512477267090
8512510557890
8512543849490
8512577136190
8512610425190
8512643719890
8512677004490
8512710294590
8512743588090
8512776872790
8512810162590
8512843456490
8512876740890
8512910028990
8512943319390
8512976608490
8513009897090
8513043187790
8513076486690
8513109765490
8513143055890
8513176344590
8513209633990
8513242923190
8513276244590
8513309502690
8513342792190
8513376085890
8513409370690
8513442659190
8513475953990
8513509239090
8513542555990
8513575822290
8513609107090
8513642396490
8513675685590
8513708974390
8513742263790
8513775554590
8513808842290
8513842134790
8513875421590
8513908711990
8513941999590
8513975289890
8514008584190
8514041869490
8514075158190
8514108453490
8514141737490
8514175025390
8514208320190
8514241604990
8514274893990
8514308188890
8514341473190
8514374763490
8514408050790
8514441340890
8514474629690
8514507953290
8514541208590
8514574497790
8514607788190
8514641076990
8514674365990
8514707655990
8514740950790
8514774233790
8514807524390
8514840818590
8514874102790
8514907392290
8514940686390
8514973971390
8515007261390
8515040555190
8515073839690
8515107129790
8515140417390
8515173707390
8515206995790
8515240285990
8515273575190
8515306863590
8515340154390
8515373467590
8515406732490
8515440022890
8515473323290
8515506600190
8515539890790
8515573214990
8515606469290
8515639758790
8515673052690
8515706337590
8515739625690
8515772921490
8515806205890
8515839495890
8515872783190
8515906073790
8515939364090
8515972657190
8516005941990
8516039230190
8516072521890
8516105809090
8516139098390
8516172388790
8516205680490
8516238966590
8516272257390
8516305552890
8516338835790
8516372125290
8516405419490
8516438703990
8516471991890
8516505287390
8516538571990
8516571860690
8516605149690
8516638439590
8516671730190
8516705017790
8516738307490
8516771596390
8516804917090
8516838175390
8516871464590
8516904755390
8516938047090
8516971332390
8517004623390
8517037920790
8517071201390
8517104491090
8517137785490
8517171069690
8517204359690
8517237653990
8517270951390
8517304227890
8517337516090
8517370806390
8517404096490
8517437383890
8517470673890
8517503962890
8517537253190
8517570542190
8517603831490
8517637121490
8517670434790
8517703698990
8517736989490
8517770310890
8517803567090
8517836857590
8517870153190
8517903436590
8517936725990
8517970019890
8518003304890
8518036592590
8518069882190
8518103172290
8518136461790
8518169750090
8518203039890
8518236330090
8518269619890
8518302909190
8518336197290
8518369488690
8518402778290
8518436065390
8518469355790
8518502650690
8518535932990
8518569223590
8518602519790
8518635820090
8518669091990
8518702386490
8518735684690
8518768958890
8518802251090
8518835538590
8518868827990
8518902116490
8518935406790
8518968697390
8519001984390
8519035274490
8519068563690
8519101853390
8519135144290
8519168431390
8519201722190
8519235017890
8519268299490
8519301589690
8519334886590
8519368167690
8519401458190
8519434752990
8519468038290
8519501325890
8519534614590
8519567905190
8519601194390
8519634482590
8519667772690
8519701062490
8519734351190
8519767641590
8519800930490
8519834220190
8519867511990
8519900797890
8519934092090
8519967382490
8520000666090
8520033956290
8520067282390
8520100534090
8520133824190
8520167150590
8520200402590
8520233692690
8520266980790
8520300272490
8520333559390
8520366848790
8520400139090
8520433428990
8520466717390
8520500007190
8520533297390
8520566586690
8520599877690
8520633163690
8520666455790
8520699749590
8520733032090
8520766322590
8520799617790
8520832900290
8520866190690
8520899487290
8520932790990
8520966058790
8520999347290
8521032668490
8521065925690
8521099215090
8521132505590
8521165794690
8521199083590
8521232373090
8521265664290
8521298951790
8521332243590
8521365530190
8521398820290
8521432114790
8521465405890
8521498688590
8521531985490
8521565266090
8521598556690
8521631852990
8521665134290
8521698425190
8521731714690
8521765003590
8521798292990
8521831585090
8521864871890
8521898175690
8521931449590
8521964739190
8521998036490
8522031317590
8522064609690
8522097897490
8522131186690
8522164481990
8522197764490
8522231055290
8522264349090
8522297632390
8522330923190
8522364251690
8522397500490
8522430790890
8522464080890
8522497373690
8522530659190
8522563947690
8522597239190
8522630526690
8522663816190
8522697105890
8522730395490
8522763683990
8522796976090
8522830263990
8522863553090
8522896847990
8522930130990
8522963421590
8522996715390
8523029998990
8523063289790
8523096584890
8523129867190
8523163157590
8523196447990
8523229734990
8523263025390
8523296313890
8523329627190
8523362892590
8523396181890
8523429472090
8523462762590
8523496050190
8523529342290
8523562629790
8523595917790
8523629214390
8523662498390
8523695787490
8523729085490
8523762365290
8523795655690
8523828952490
8523862233090
8523895523790
8523928818190
8523962100890
8523995391690
8524028681690
8524061970790
8524095259790
8524128548090
8524161838690
8524195149790
8524228416390
8524261708290
8524295017290
8524328283990
8524361580490
8524394864290
8524428153790
8524461449290
8524494731390
8524528022490
8524561316490
8524594599290
8524627890090
8524661179290
8524694467690
8524727758190
8524761047590
8524794337790
8524827626490
8524860914590
8524894206090
8524927493390
8524960782190
8524994074290
8525027362690
8525060650690
8525093947090
8525127231090
8525160529690
8525193815090
8525227097790
8525260392690
8525293682290
8525326965890
8525360256390
8525393550390
8525426834090
8525460124590
8525493414090
8525526701990
8525559992190
8525593281890
8525626606390
8525659859690
8525693148790
8525726440390
8525759728590
8525793016990
8525826313090
8525859597390
8525892885190
8525926181490
8525959466890
8525992754190
8526026054290
8526059331990
8526092622490
8526125911890
8526159199990
8526192490790
8526225780590
8526259068490
8526292358590
8526325647890
8526358937490
8526392226490
8526425515190
8526458807490
8526492094390
8526525383290
8526558679590
8526591999890
8526625250990
8526658547490
8526691831490
8526725120490
8526758416490
8526791701390
8526824989590
8526858277590
8526891566590
8526924856790
8526958145890
8526991434490
8527024724990
8527058014190
8527091303990
8527124592990
8527157881190
8527191174490
8527224459690
8527257749590
8527291045590
8527324330390
8527357617690
8527390913590
8527424198290
8527457507390
8527490782390
8527524072990
8527557376190
8527590643190
8527623932690
8527657222790
8527690512390
8527723800790
8527757092490
8527790382190
8527823668690
8527856958590
8527890247690
8527923538990
8527956826890
8527990115990
8528023411590
8528056696090
8528089984290
8528123279790
8528156564690
8528189851490
8528223148390
8528256441090
8528289721090
8528323010790
8528356298890
8528389589490
8528422893890
8528456166890
8528489457290
8528522746190
8528556035190
8528589325390
8528622615190
8528655905890
8528689211890
8528722482290
8528755779990
8528789060890
8528822350290
8528855646290
8528888960890
8528922218090
8528955514590
8528988797990
8529022087390
8529055376890
8529088664690
8529121956490
8529155243890
8529188533390
8529221823490
8529255114090
8529288401490
8529321691790
8529354982290
8529388272190
8529421559790
8529454848090
8529488145690
8529521427090
8529554716190
8529588012690
8529621295590
8529654584690
8529687880990
8529721165090
8529754452390
8529787743290
8529821031190
8529854358990
8529887609890
8529920899290
8529954189890
8529987478990
8530020767890
8530054057890
8530087348390
8530120636790
8530153925790
8530187214390
8530220510190
8530253794390
8530287082490
8530320378890
8530353662990
8530386950490
8530420247290
8530453533290
8530486818590
8530520109290
8530553411190
8530586701590
8530619977590
8530653265890
8530686555990
8530719873290
8530753133690
8530786424390
8530819728590
8530853002590
8530886292290
8530919582090
8530952877690
8530986160790
8531019448890
8531052745890
8531086027790
8531119317090
8531152613490
8531185897990
8531219184690
8531252475690
8531285765690
8531319055290
8531352343490
8531385631890
8531418923090
8531452210590
8531485500290
8531518790390
8531552079990
8531585368890
8531618658490
8531651947990
8531685253690
8531718529890
8531751814990
8531785111790
8531818393990
8531851683090
8531884980290
8531918264090
8531951551490
8531984841990
8532018132090
8532051419190
8532084709490
8532117998390
8532151337890
8532184576990
8532217866290
8532251156790
8532284446090
8532317735090
8532351024890
8532384315290
8532417610190
8532450892990
8532484182990
8532517477590
8532550761290
8532584049590
8532617345990
8532650628890
8532683917390
8532717207890
8532750497590
8532783785390
8532817076190
8532850402390
8532883654390
8532916944790
8532950232290
8532983523190
8533016811490
8533050101190
8533083391190
8533116718890
8533149974290
8533183259090
8533216550290
8533249844690
8533283127490
8533316415690
8533349713990
8533382994490
8533416283690
8533449574290
8533482863690
8533516151890
8533549442190
8533582731590
8533616024890
8533649310190
8533682598590
8533715889790
8533749177590
8533782467490
8533815757290
8533849046290
8533882340790
8533915625590
8533948915990
8533982231590
8534015493190
8534048782290
8534082092190
8534115360990
8534148650190
8534181939990
8534215229590
8534248517990
8534281808390
8534315098490
8534348386190
8534381676490
8534414964590
8534448255390
8534481544390
8534514834890
8534548123690
8534581413690
8534614706890
8534647991590
8534681281690
8534714575790
8534747859990
8534781148290
8534814444390
8534847727990
8534881016290
8534914310390
8534947607490
8534980884090
8535014174790
8535047463590
8535080752290
8535114043090
8535147332590
8535180621090
8535213910790
8535247199490
8535280489690
8535313777990
8535347073090
8535380358090
8535413704290
8535446941690
8535480226390
8535513519190
8535546811990
8535580093790
8535613382490
8535646680490
8535679961190
8535713250490
8535746540690
8535779830790
8535813118590
8535846409090
8535879698790
8535912987890
8535946276890
8535979565590
8536012855990
8536046144390
8536079439190
8536112723990
8536146013290
8536179307490
8536212592190
8536245882490
8536279176290
8536312460390
8536345748590
8536379064690
8536412327390
8536445616790
8536478907590
8536512196190
8536545484890
8536578775690
8536612065190
8536645353390
8536678643390
8536711932390
8536745221890
8536778511390
8536811805490
8536845090290
8536878380890
8536911673290
8536944958590
8536978248190
8537011542290
8537044826490
8537078115790
8537111404990
8537144694990
8537177983090
8537211273390
8537244584090
8537277850990
8537311141490
8537344460890
8537377718990
8537411013290
8537444327590
8537477588590
8537510878290
8537544171590
8537577458690
8537610744990
8537644040190
8537677324990
8537710613990
8537743908390
8537777192890
8537810481990
8537843779390
8537877060690
8537910349190
8537943640090
8537976927590
8538010217390
8538043507790
8538076797490
8538110085890
8538143376190
8538176678890
8538209969890
8538243244290
8538276538390
8538309835590
8538343111490
8538376406390
8538409690690
8538442980390
8538476274790
8538509559190
8538542849690
8538576136990
8538609427790
8538642715590
8538676045190
8538709294390
8538742583790
8538775874390
8538809164290
8538842451890
8538875742290
8538909032190
8538942319590
8538975610290
8539008934190
8539042188790
8539075479190
8539108772490
8539142056890
8539175346290
8539208641190
8539241925490
8539275214790
8539308512490
8539341793490
8539375082790
8539408371790
8539441661890
8539474949890
8539508240590
8539541528690
8539574818090
8539608108690
8539641428490
8539674685690
8539707975390
8539741300890
8539774555390
8539807845090
8539841138890
8539874424490
8539907712190
8539941007490
8539974291890
8540007580690
8540040869390
8540074159890
8540107448690
8540140739390
8540174027990
8540207316290
8540240606990
8540273895090
8540307184590
8540340474790
8540373764790
8540407052090
8540440342790
8540473639190
8540506942790
8540540210490
8540573504990
8540606818590
8540640078190
8540673373490
8540706657890
8540739948290
8540773235790
8540806526190
8540839815890
8540873103790
8540906394190
8540939683090
8540972972890
8541006262390
8541039550690
8541072841190
8541106131390
8541139419090
8541172709390
8541206008790
8541239286290
8541272577290
8541305901290
8541339155590
8541372445190
8541405740190
8541439023890
8541472330290
8541505601790
8541538892290
8541572187790
8541605469490
8541638760090
8541672049990
8541705338890
8541738628490
8541771916490
8541805207290
8541838495290
8541871784990
8541905075990
8541938403290
8541971652490
8542004943190
8542038238990
8542071523190
8542104811490
8542138105890
8542171391390
8542204678790
8542237967790
8542271258290
8542304547390
8542337835790
8542371126990
8542404415990
8542437704690
8542470994790
8542504283290
8542537573490
8542570861890
8542604151290
8542637441690
8542670737490
8542704019190
8542737312590
8542770606790
8542803887390
8542837177890
8542870502890
8542903787190
8542937045190
8542970334190
8543003624790
8543036913790
8543070202490
8543103492890
8543136782990
8543170070790
8543203360790
8543236649490
8543269939590
8543303229090
8543336517790
8543369807690
8543403103690
8543436385590
8543469675590
8543502978190
8543536253490
8543569544290
8543602869190
8543636122090
8543669412090
8543702700390
8543735991290
8543769278790
8543802568490
8543835859090
8543869193090
8543902436290
8543935726790
8543969016690
8544002306090
8544035595590
8544068883690
8544102175090
8544135467190
8544168751590
8544202042390
8544235336890
8544268619790
8544301910190
8544335206290
8544368489590
8544401778890
8544435070190
8544468358190
8544501645490
8544534934890
8544568225390
8544601515890
8544634805990
8544668092790
8544701383690
8544734699790
8544767961490
8544801249790
8544834552290
8544867833190
8544901117790
8544934408590
8544967704490
8545000985890
8545034276990
8545067573690
8545100854290
8545134144690
8545167436490
8545200723390
8545234011990
8545267300990
8545300591590
8545333881990
8545367169190
8545400469890
8545433750190
8545467037290
8545500327690
8545533616290
8545567097990
8545600200790
8545633484390
8545666774790
8545700073590
8545733352290
8545766642490
8545799938790
8545833219990
8545866510590
8545899837790
8545933089490
8545966378890
8545999667190
8546032957890
8546066246190
8546099535390
8546132825890
8546166164990
8546199403290
8546232694690
8546265983590
8546299273090
8546332567090
8546365850690
8546399141890
8546432434790
8546465718790
8546499008890
8546532307890
8546565586690
8546598877290
8546632174690
8546665455890
8546698744990
8546732033590
8546765324590
8546798612490
8546831901590
8546865192590
8546898481290
8546931769990
8546965059790
8546998350490
8547031638390
8547064932590
8547098216790
8547131545990
8547164801490
8547198084890
8547231374990
8547264671390
8547297965190
8547331243390
8547364540290
8547397821390
8547431111390
8547464399590
8547497690390
8547530979790
8547564267890
8547597558490
8547630848090
8547664136190
8547697426390
8547730716590
8547764004290
8547797298290
8547830582990
8547863873590
8547897168590
8547930450890
8547963742090
8547997057890
8548030318990
8548063609690
8548096918990
8548130186990
8548163477990
8548196767390
8548230056190
8548263346590
8548296634290
8548329924490
8548363213290
8548396502290
8548429795090
8548463082890
8548496370290
8548529665590
8548562951290
8548596240390
8548629534290
8548662817290
8548696108790
8548729402390
8548762685290
8548795975990
8548829271390
8548862553590
8548895843990
8548929133490
8548962433090
8548995712490
8549029000790
8549062292590
8549095579290
8549128868690
8549162158990
8549195458590
8549228736490
8549262031590
8549295317190
8549328604490
8549361901990
8549395183590
8549428530590
8549461768790
8549495051590
8549528341990
8549561641290
8549594919990
8549628210590
8549661500190
8549694787690
8549728078390
8549761366990
8549794656690
8549827946690
8549861234790
8549894525190
8549927814390
8549961102990
8549994397690
8550027682790
8550060970990
8550094266790
8550127549690
8550160839990
8550194135390
8550227418190
8550260708690
8550294003090
8550327286290
8550360576690
8550393907190
8550427154390
8550460444390
8550493735490
8550527024990
8550560312590
8550593600890
8550626892490
8550660179690
8550693469090
8550726763690
8550760047890
8550793337390
8550826633290
8550859917190
8550893207290
8550926500890
8550959784290
8550993074690
8551026368490
8551059652190
8551092945790
8551126230790
8551159520090
8551192810390
8551226100990
8551259388390
8551292678890
8551325967390
8551359291990
8551392546190
8551425835290
8551459129590
8551492413990
8551525703290
8551558999690
8551592284190
8551625571890
8551658867290
8551692150290
8551725440190
8551758736490
8551792018290
8551825308590
8551858598890
8551891886090
8551925176790
8551958467390
8551991754990
8552025045090
8552058333290
8552091623490
8552124913290
8552158201490
8552191496190
8552224822490
8552258069590
8552291366090
8552324667590
8552357937990
8552391234190
8552424519790
8552457806490
8552491101990
8552524384490
8552557674790
8552590963090
8552624253090
8552657542590
8552690831990
8552724120890
8552757411490
8552790701090
8552823990390
8552857279290
8552890567390
8552923863390
8552957146590
8552990438790
8553023731990
8553057015390
8553090303990
8553123599890
8553156883790
8553190180190
8553223468190
8553256750690
8553290041490
8553323329390
8553356619190
8553389909390
8553423198790
8553456487090
8553489777090
8553523067190
8553556354990
8553589645490
8553622933890
8553656258990
8553689512990
8553722802390
8553756098590
8553789382490
8553822670290
8553855966290
8553889250690
8553922538190
8553955834290
8553989127790
8554022407190
8554055696790
8554088984990
8554122275290
8554155565090
8554188853290
8554222143690
8554255433090
8554288721890
8554322011890
8554355337590
8554388594290
8554421879990
8554455167890
8554488464490
8554521746790
8554555036490
8554588332390
8554621643990
8554654904490
8554688200390
8554721484290
8554754773390
8554788062790
8554821351390
8554854642590
8554887949990
8554921219790
8554954509490
8554987799090
8555021087290
8555054378190
8555087667190
8555120963990
8555154245990
8555187534190
8555220831890
8555254112890
8555287402590
8555320699190
8555353982390
8555387270390
8555420566990
8555453851390
8555487160990
8555520428390
8555553717590
8555587034090
8555620296190
8555653585890
8555686875990
8555720165190
8555753453890
8555786743990
8555820034690
8555853327190
8555886612290
8555919900490
8555953196490
8555986479990
8556019768390
8556053065390
8556086350790
8556119636990
8556152933690
8556186216690
8556219504590
8556252794890
8556286084890
8556319373790
8556352663390
8556385951790
8556419241990
8556452557690
8556485819690
8556519110490
8556552408190
8556585691290
8556618978490
8556652268090
8556685564090
8556718846990
8556752134590
8556785434590
8556818715190
8556852002990
8556885299590
8556918582390
8556951870490
8556985161190
8557018451290
8557051740790
8557085030090
8557118318090
8557151609190
8557184896190
8557218186090
8557251476490
8557284765190
8557318057690
8557351344690
8557384634490
8557417931890
8557451212690
8557484501390
8557517797390
8557551083390
8557584369190
8557617665990
8557650948890
8557684237190
8557717527390
8557750818290
8557784105790
8557817396090
8557850683990
8557884024190
8557917262990
8557950552090
8557983842890
8558017133090
8558050423390
8558083710590
8558117000390
8558150295990
8558183578390
8558216868590
8558250163090
8558283447290
8558316735490
8558350032090
8558383315290
8558416603390
8558449893590
8558483183690
8558516471390
8558549761890
8558583072390
8558616340190
8558649630590
8558682922090
8558716208890
8558749497090
8558782789990
8558816076590
8558849402090
8558882659990
8558915944590
8558949234690
8558982530090
8559015813390
8559049101490
8559082399690
8559115680290
8559148969790
8559182259690
8559215549490
8559248837790
8559282128390
8559315417790
8559348707690
8559381996290
8559415284690
8559448575890
8559481863190
8559515157690
8559548443390
8559581732490
8559615026890
8559648311890
8559681605690
8559714916790
8559748179390
8559781468090
8559814794290
8559848046690
8559881336190
8559914626090
8559947916690
8559981203890
8560014494390
8560047785090
8560081071990
8560114362290
8560147678890
8560180941390
8560214230490
8560247523190
8560280809390
8560314099290
8560347392990
8560380677790
8560413967990
8560447260690
8560480545490
8560513833990
8560547130690
8560580416490
8560613701990
8560646992390
8560680293790
8560713570490
8560746860790
8560780152390
8560813437890
8560846728690
8560880044590
8560913307590
8560946597290
8560979888490
8561013175690
8561046463790
8561079759290
8561113043890
8561146391090
8561179626890
8561212911690
8561246201290
8561279497790
8561312779790
8561346068190
8561379359490
8561412648090
8561445936490
8561479226790
8561512516190
8561545804190
8561579095290
8561612384490
8561645673590
8561678963090
8561712258390
8561745542090
8561778830290
8561812125390
8561845409790
8561878699990
8561911993290
8561945277890
8561978569090
8562011861890
8562045146090
8562078435290
8562111751290
8562145013090
8562178302590
8562211593090
8562244882290
8562278171190
8562311461290
8562344751390
8562378038590
8562411329290
8562444621090
8562477910590
8562511197490
8562544491590
8562577776690
8562611066290
8562644359590
8562677644390
8562710934290
8562744228790
8562777512790
8562810800790
8562844091090
8562877380890
8562910668890
8562943959790
8562977247390
8563010537090
8563043827590
8563077151990
8563110404690
8563143695790
8563177016290
8563210274390
8563243564190
8563276857890
8563310143190
8563343431190
8563376725590
8563410010890
8563443299690
8563476594490
8563509878590
8563543167890
8563576458390
8563609769190
8563643035090
8563676326490
8563709613690
8563742903090
8563776193390
8563809483590
8563842771290
8563876061590
8563909355290
8563942660490
8563975929990
8564009224390
8564042523990
8564075796790
8564109091990
8564142376790
8564175665990
8564208960390
8564242244890
8564275535290
8564308822990
8564342113190
8564375402190
8564408690790
8564441979990
8564475269590
8564508559790
8564541849790
8564575137690
8564608427790
8564641721890
8564675006090
8564708295490
8564741623790
8564774874290
8564808164390
8564841458590
8564874742890
8564908033390
8564941326890
8564974611190
8565007900390
8565041188990
8565074478690
8565107768890
8565141057290
8565174346790
8565207635790
8565240925790
8565274214690
8565307503490
8565340794290
8565374135590
8565407371290
8565440662190
8565473957690
8565507263690
8565540530190
8565573824290
8565607110090
8565640397290
8565673693090
8565706979090
8565740267390
8565773554690
8565806845090
8565840135890
8565873424490
8565906712990
8565940001590
8565973292790
8566006580690
8566039869890
8566073160690
8566106452390
8566139738190
8566173028090
8566206324890
8566239605690
8566272896590
8566306190890
8566339511090
8566372763790
8566406059290
8566439343190
8566472632990
8566505921690
8566539211290
8566572501490
8566605788990
8566639079690
8566672368190
8566705658490
8566738946990
8566772235990
8566805526390
8566838819390
8566872104290
8566905394790
8566938690890
8566971972290
8567005262890
8567038590390
8567071841190
8567105131190
8567138425390
8567171709490
8567205019790
8567238287290
8567271578090
8567304884090
8567338155490
8567371445990
8567404735890
8567438024290
8567471313290
8567504602590
8567537892890
8567571182890
8567604470290
8567637761090
8567671057190
8567704338490
8567737629190
8567770925690
8567804216290
8567837496990
8567870791990
8567904078490
8567937364190
8567970653890
8568003944090
8568037232790
8568070521590
8568103811890
8568137101590
8568170403590
8568203679990
8568236968590
8568270258890
8568303549590
8568336836590
8568370126890
8568403422290
8568436704590
8568469995190
8568503291490
8568536572690
8568569862990
8568603158090
8568636472990
8568669730490
8568703019490
8568736310090
8568769599690
8568802887590
8568836178390
8568869468690
8568902755990
8568936049690
8568969334590
8569002624790
8569035916490
8569069202790
8569102492990
8569135788890
8569169070790
8569202361190
8569235657490
8569268938890
8569302229690
8569335555990
8569368807990
8569402097990
8569435385990
8569468676390
8569501964590
8569535254290
8569568544290
8569601856490
8569635121890
8569668412590
8569701703490
8569734991390
8569768282490
8569801569290
8569834860690
8569868153190
8569901437290
8569934727990
8569968022790
8570001305190
8570034595790
8570067891390
8570101174990
8570134463490
8570167752090
8570201043190
8570234331190
8570267620790
8570300910990
8570334199690
8570367488090
8570400778990
8570434069290
8570467384990
8570500648890
8570533935190
8570567257390
8570600519390
8570633803190
8570667094090
8570700389890
8570733671190
8570766963490
8570800259090
8570833542390
8570866829690
8570900118590
8570933408690
8570966697690
8570999986590
8571033276790
8571066567590
8571099854690
8571133145190
8571166435590
8571199722690
8571233014790
8571266301790
8571299591490
8571332887190
8571366169590
8571399460190
8571432770790
8571466037990
8571499327690
8571532624290
8571565905290
8571599196190
8571632486090
8571665774890
8571699064290
8571732352390
8571765643290
8571798931590
8571832220690
8571865511590
8571898831690
8571932089090
8571965382790
8571998668890
8572031959190
8572065253090
8572098536090
8572131827390
8572165120190
8572198404290
8572231694490
8572264989490
8572298271890
8572331562390
8572364873690
8572398144490
8572431430390
8572464718990
8572498012490
8572531297690
8572564587090
8572597877290
8572631166490
8572664455290
8572697747190
8572731035690
8572764322990
8572797619090
8572830902290
8572864215790
8572897486990
8572930770190
8572964060590
8572997356790
8573030638290
8573063928690
8573097219190
8573130506890
8573163796390
8573197085290
8573230375190
8573263664490
8573296953390
8573330243290
8573363533590
8573396821490
8573430113290
8573463401290
8573496689390
8573529985290
8573563269190
8573596558590
8573629854190
8573663136390
8573696426790
8573729743990
8573763004190
8573796294890
8573829613790
8573862872690
8573896162990
8573929451590
8573962741390
8573996031290
8574029319190
8574062610790
8574095898190
8574129187590
8574162479590
8574195766990
8574229055790
8574262354290
8574295635690
8574328925590
8574362220590
8574395502390
8574428793690
8574462087590
8574495370190
8574528661190
8574561950190
8574595238490
8574628529290
8574661819690
8574695129790
8574728397090
8574761685790
8574794988290
8574828264490
8574861554190
8574894845590
8574928133390
8574961422190
8574994717990
8575028002290
8575061289990
8575094586090
8575127868590
8575161158990
8575194453890
8575227736790
8575261027390
8575294317490
8575327604690
8575360895490
8575394188490
8575427473190
8575460763390
8575494053290
8575527341590
8575560631890
8575593919990
8575627212090
8575660503990
8575693788590
8575727084090
8575760369090
8575793656090
8575826952690
8575860238090
8575893525090
8575926820490
8575960103290
8575993393490
8576026681490
8576059971190
8576093261490
8576126606990
8576159839890
8576193129990
8576226419090
8576259708190
8576292997690
8576326286590
8576359579590
8576392865090
8576426154490
8576459450590
8576492733890
8576526022590
8576559318590
8576592601890
8576625891790
8576659186690
8576692469090
8576725759590
8576759047790
8576792337290
8576825627790
8576858916890
8576892205390
8576925496090
8576958786290
8576992073590
8577025363890
8577058652590
8577091967290
8577125231290
8577158520590
8577191816590
8577225101190
8577258388990
8577291687890
8577324968590
8577358256990
8577391553290
8577424836890
8577458125790
8577491414490
8577524703690
8577557994390
8577591284490
8577624571890
8577657861890
8577691152090
8577724439290
8577757730190
8577791019690
8577824312090
8577857598590
8577890886490
8577924183290
8577957487390
8577990754890
8578024051290
8578057376690
8578090623190
8578123919490
8578157202290
8578190491790
8578223780890
8578257069990
8578290360390
8578323647890
8578356938090
8578390228290
8578423517290
8578456805790
8578490095690
8578523386290
8578556679690
8578589964690
8578623252890
8578656549990
8578689831790
8578723121190
8578756416890
8578789700890
8578822992190
8578856285790
8578889570290
8578922870190
8578956147690
8578989436090
8579022728790
8579056014790
8579089304090
8579122594690
8579155884690
8579189172190
8579222462590
8579255752690
8579289040990
8579322331190
8579355620490
8579388965990
8579422197990
8579455487190
8579488783290
8579522070290
8579555355590
8579588667790
8579621936190
8579655223090
8579688513990
8579721815390
8579755092190
8579788382490
8579821670390
8579854960590
8579888250190
8579921538390
8579954829090
8579988118390
8580021407690
8580054697290
8580087986490
8580121281990
8580154565690
8580187853490
8580221150090
8580254432790
8580287721890
8580321017890
8580354338790
8580387589390
8580420879790
8580454169590
8580487458690
8580520748690
8580554036490
8580587327890
8580620615190
8580653904590
8580687195390
8580720484490
8580753773290
8580787063390
8580820352890
8580853648590
8580886931390
8580920220190
8580953517090
8580986798590
8581020087990
8581053384790
8581086670190
8581119955890
8581153246190
8581186536990
8581219846990
8581253114490
8581286422890
8581319717290
8581352981090
8581386271390
8581419561490
8581452851090
8581486139590
8581519429090
8581552720090
8581586012390
8581619297390
8581652586190
8581685881890
8581719165190
8581752453990
8581785750990
8581819034590
8581852322290
8581885612590
8581918902590
8581952190090
8581985480690
8582018788290
8582052059290
8582085348390
8582118636990
8582151927490
8582185233090
8582218505690
8582251816590
8582285091190
8582318379390
8582351664090
8582384953190
8582418248690
8582451531890
8582484820090
8582518117890
8582551398790
8582584688090
8582617978790
8582651301690
8582684556290
8582717847090
8582751136190
8582784426790
8582817714690
8582851003190
8582884294590
8582917581990
8582950871690
8582984162090
8583017452590
8583050745790
8583084029890
8583117320890
8583150614890
8583183898390
8583217186390
8583250483590
8583283765290
8583317055190
8583350348690
8583383634090
8583416922890
8583450212790
8583483503390
8583516790590
8583550081590
8583583369590
8583616687490
8583649948090
8583683238090
8583716528090
8583749817690
8583783111590
8583816396190
8583849686790
8583882979690
8583916263890
8583949552590
8583982849590
8584016132490
8584049420690
8584082714890
8584116001190
8584149304790
8584182579590
8584215869190
8584249157190
8584282447690
8584315759790
8584349026190
8584382316190
8584415604290
8584448894590
8584482182390
8584515477590
8584548762790
8584582077090
8584615345890
8584648630190
8584681920190
8584715215790
8584748498490
8584781787190
8584815080990
8584848366090
8584881655290
8584914945890
8584948236190
8584981523290
8585014813490
8585048104090
8585081393590
8585114681590
8585147970790
8585181261490
8585214549190
8585247844290
8585281128590
8585314418090
8585347712290
8585380996590
8585414286490
8585447599990
8585480864890
8585514153290
8585547451590
8585580732190
8585614021690
8585647312190
8585680600590
8585713889490
8585747180290
8585780470490
8585813757990
8585847048590
8585880336890
8585913659790
8585946915590
8585980210490
8586013494990
8586046787490
8586080078790
8586113362890
8586146653290
8586179947090
8586213230890
8586246519790
8586279813290
8586313099390
8586346387790
8586379677890
8586412972190
8586446255890
8586479546490
8586512835490
8586546123890
8586579413890
8586612732590
8586645993090
8586679282390
8586712576190
8586745861590
8586779149490
8586812445290
8586845729390
8586879042690
8586912312990
8586945597590
8586978888090
8587012179590
8587045465190
8587078753690
8587112045290
8587145332790
8587178626090
8587211911690
8587245201290
8587278490490
8587311780590
8587345070390
8587378359990
8587411649090
8587444942490
8587478227990
8587511515790
8587544810690
8587578095390
8587611384490
8587644679390
8587677963790
8587711253890
8587744541290
8587777831390
8587811120590
8587844439090
8587877698690
8587910988190
8587944279090
8587977567790
8588010856390
8588044147090
8588077438090
8588110724590
8588144014890
8588177309390
8588210593490
8588243883090
8588277177190
8588310461690
8588343751190
8588377045490
8588410329990
8588443620490
8588476911690
8588510197590
8588543486190
8588576776590
8588610066590
8588643354690
8588676645090
8588709953490
8588743222790
8588776513190
8588809813390
8588843090390
8588876381090
8588909676390
8588942959290
8588976249490
8589009543290
8589042827590
8589076133490
8589109411690
8589142696290
8589175985390
8589209273690
8589242563890
8589275853490
8589309146190
8589342432490
8589375721090
8589409012290
8589442299590
8589475588790
8589508879690
8589542168490
8589575456990
8589608746890
8589642042690
8589675325990
8589708615090
8589741909390
8589775194090
8589808482790
8589841777790
8589875062190
8589908351890
8589941640190
8589974929790
8590008220590
8590041508990
8590074798390
8590108086890
8590141406790
8590174665690
8590207954990
8590241245690
8590274535490
8590307823090
8590341113490
8590374409790
8590407691290
8590440981790
8590474276190
8590507559990
8590540848990
8590574144690
8590607428390
8590640718690
8590674009890
8590707296390
8590740586190
8590773874390
8590807164990
8590840454190
8590873743390
8590907033490
8590940321490
8590973611590
8591006900490
8591040189190
8591073479690
8591106802890
8591140057690
8591173348090
8591206671890
8591239926590
8591273215390
8591306510390
8591339795790
8591373083390
8591406372390
8591439662290
8591472951890
8591506240390
8591539531290
8591572820190
8591606111090
8591639399590
8591672687390
8591705978990
8591739266190
8591772555790
8591805846090
8591839140490
8591872423690
8591905714190
8591939010190
8591972312290
8592005582090
8592038877090
8592072178090
8592105449190
8592138742290
8592172029590
8592205318490
8592238606790
8592271897390
8592305187490
8592338474890
8592371765490
8592405053590
8592438344290
8592471632390
8592504938790
8592538212190
8592571507990
8592604790090
8592638080590
8592671376490
8592704658490
8592737948890
8592771273890
8592804526990
8592837816990
8592871108590
8592904395190
8592937684490
8592970973490
8593004262990
8593037552390
8593070840890
8593104132090
8593137420090
8593170710390
8593203999790
8593237288690
8593270578590
8593303871790
8593337156290
8593370446790
8593403771890
8593437024190
8593470314690
8593503639790
8593536893590
8593570182590
8593603470890
8593636762590
8593670049690
8593703339590
8593736630090
8593769918990
8593803207490
8593836497990
8593869787190
8593903077290
8593936366490
8593969654590
8594002945290
8594036238290
8594069522490
8594102812790
8594136108190
8594169391090
8594202680890
8594235977990
8594269258790
8594302548590
8594335840890
8594369159690
8594402418990
8594435705290
8594468995490
8594502286590
8594535573890
8594568864090
8594602153490
8594635441390
8594668732290
8594702021590
8594735310790
8594768604590
8594801888590
8594835179090
8594868475890
8594901756990
8594935047390
8594968344290
8595001626190
8595034915190
8595068242090
8595101493790
8595134783890
8595168071790
8595201362090
8595234671290
8595267939790
8595301230490
8595334527490
8595367808290
8595401098490
8595434388290
8595467677190
8595500971390
8595534254790
8595567545490
8595600839890
8595634122990
8595667413390
8595700742790
8595733991390
8595767281290
8595800577690
8595833861190
8595867149090
8595900438090
8595933729190
8595967016690
8596000305990
8596033596790
8596066885690
8596100174090
8596133465590
8596166754590
8596200042790
8596233337590
8596266621190
8596299915090
8596333205790
8596366489390
8596399779790
8596433076690
8596466357890
8596499647590
8596532944890
8596566225390
8596599515590
8596632805690
8596666128690
8596699382790
8596732672390
8596765962790
8596799252190
8596832540690
8596865830390
8596899121190
8596932408590
8596965703290
8596998987490
8597032278190
8597065572590
8597098855590
8597132146090
8597165442290
8597198723890
8597232014190
8597265310890
8597298591590
8597331882290
8597365171490
8597398460390
8597431750190
8597465039090
8597498328790
8597531617190
8597564906790
8597598197290
8597631515090
8597664774690
8597698069390
8597731354990
8597764644090
8597797939090
8597831223590
8597864513190
8597897806890
8597931089690
8597964380590
8597997675790
8598030958390
8598064248790
8598097537890
8598130827890
8598164116390
8598197408690
8598230695590
8598263983590
8598297273190
8598330564190
8598363853990
8598397141490
8598430435690
8598463722190
8598497028690
8598530307090
8598563587990
8598596884990
8598630173090
8598663456190
8598696746490
8598730042390
8598763324690
8598796614690
8598829904890
8598863192190
8598896482590
8598929771490
8598963061590
8598996349590
8599029639190
8599062930190
8599096220290
8599129507390
8599162802190
8599196088190
8599229375190
8599262672090
8599295954090
8599329244290
8599362539890
8599395822690
8599429112490
8599462408790
8599495690590
8599528980790
8599562270690
8599595559090
8599628848790
8599662138690
8599695427590
8599728717290
8599762005590
8599795295790
8599828584190
8599861873590
8599895168290
8599928480790
8599961741590
8599995037690
8600028321690
8600061610490
8600094909290
8600128188790
8600161479890
8600194773490
8600228056590
8600261347390
8600294637590
8600327924690
8600361215190
8600394505790
8600427794290
8600461083690
8600494371490
8600527664190
8600560950890
8600594240090
8600627533990
8600660819590
8600694108090
8600727404290
8600760690490
8600793998290
8600827272190
8600860554990
8600893867690
8600927139790
8600960423290
8600993713490
8601027002990
8601060291190
8601093581590
8601126872190
8601160159690
8601193449490
8601226738190
8601260028190
8601293317590
8601326606090
8601359900090
8601393186490
8601426474290
8601459770190
8601493054890
8601526342590
8601559638890
8601592926790
8601626211790
8601659507790
8601692789190
8601726079590
8601759388290
8601792657490
8601825947990
8601859237790
8601892524990
8601925815890
8601959105190
8601992396290
8602025684490
8602058971790
8602092266690
8602125551290
8602158840790
8602192136690
8602225454790
8602258708590
8602292004690
8602325290090
8602358579590
8602391873490
8602425155990
8602458446590
8602491734390
8602525024090
8602558314190
8602591602690
8602624891890
8602658182090
8602691471190
8602724760690
8602758050290
8602791338390
8602824633490
8602857917590
8602891207090
8602924503090
8602957786390
8602991074690
8603024370790
8603057655390
8603090942490
8603124242790
8603157521890
8603190832890
8603224100390
8603257389490
8603290680290
