8657519072990
8657552377790
8657585651890
8657618941390
8657652230990
8657685519990
8657718808690
8657752097490
8657785388190
8657818678190
8657851966990
8657885256490
8657918546890
8657951842590
8657985123890
8658018412690
8658051710490
8658084991890
8658118280690
8658151577790
8658184860290
8658218152690
8658251439490
8658284728790
8658318019390
8658351307390
8658384595890
8658417886190
8658451174490
8658484463690
8658517754290
8658551043690
8658584333590
8658617622490
8658650912090
8658684206090
8658717490290
8658750779290
8658784104890
8658817359290
8658850647090
8658883943990
8658917226990
8658950514890
8658983805390
8659017095790
8659050382890
8659083673590
8659116982190
8659150252290
8659183541590
8659216829990
8659250120890
8659283410390
8659316699390
8659349988690
8659383278590
8659416572090
8659449856990
8659483146090
8659516441390
8659549724890
8659583013190
8659616310190
8659649613990
8659682881390
8659716171890
8659749494190
8659782749490
8659816040190
8659849329490
8659882618390
8659915907890
8659949196490
8659982487390
8660015774690
8660049066190
8660082354990
8660115647790
8660148938490
8660182223190
8660215512690
8660248809390
8660282091190
8660315379590
8660348677590
8660381958290
8660415247790
8660448537890
8660481827490
8660515115790
8660548405690
8660581695790
8660614996690
8660648274590
8660681562790
8660714858590
8660748141890
8660781432090
8660814721490
8660848011090
8660881304690
8660914589490
8660947879790
8660981174490
8661014457390
8661047745890
8661081074190
8661114324190
8661147613790
8661180904490
8661214193690
8661247482390
8661280772790
8661314062990
8661347349790
8661380640590
8661413954090
8661447218790
8661480509190
8661513798290
8661547087490
8661580377390
8661613670890
8661646955590
8661680244790
8661713539090
8661746823690
8661780113290
8661813409190
8661846691390
8661879980290
8661913270590
8661946559290
8661979848590
8662013142390
8662046448590
8662079716390
8662113006990
8662146296490
8662179585690
8662212874690
8662246164190
8662279454590
8662312742290
8662346036790
8662379323490
8662412618490
8662445905390
8662479189890
8662512479490
8662545776190
8662579057890
8662612346590
8662645641390
8662678924990
8662712214390
8662745504790
8662778794090
8662812082790
8662845372590
8662878667990
8662911971690
8662945240690
8662978531190
8663011831690
8663045108190
8663078403590
8663111688190
8663144977690
8663178272190
8663211556390
8663244846690
8663278140190
8663311424390
8663344712790
8663378002590
8663411291390
8663444580690
8663477871590
8663511161590
8663544452090
8663577739690
8663611028890
8663644316990
8663677607690
8663710926590
8663744186390
8663777475790
8663810769990
8663844054590
8663877343690
8663910638090
8663943922790
8663977212090
8664010506190
8664043790390
8664077080090
8664110369290
8664143658090
8664176947190
8664210238090
8664243526090
8664276815390
8664310115790
8664343421790
8664376682990
8664409973990
8664443293090
8664476552190
8664509842190
8664543136190
8664576421590
8664609708490
8664643003790
8664676288690
8664709655690
8664742872590
8664776156890
8664809446190
8664842735990
8664876024690
8664909313790
8664942604590
8664975892190
8665009181090
8665042471790
8665075761090
8665109049890
8665142339890
8665175632190
8665208939790
8665242207990
8665275502490
8665308804690
8665342075590
8665375370590
8665408654990
8665441959590
8665475238890
8665508523190
8665541812690
8665575100890
8665608391290
8665641680890
8665674969990
8665708258190
8665741547890
8665774838590
8665808127890
8665841415890
8665874706190
8665907997890
8665941284090
8665974574390
8666007897890
8666041153390
8666074442790
8666107736790
8666141021290
8666174313690
8666207615390
8666240889690
8666274178690
8666307467490
8666340757790
8666374047190
8666407335990
8666440625490
8666473914190
8666507204490
8666540492590
8666573782190
8666607072090
8666640412390
8666673649890
8666706939990
8666740236090
8666773519390
8666806808990
8666840102790
8666873388290
8666906675890
8666939971290
8666973255590
8667006545090
8667039833290
8667073123990
8667106413590
8667139702790
8667172991890
8667206279990
8667239571490
8667272858990
8667306148490
8667339459590
8667372730490
8667406016690
8667439307090
8667472603690
8667505884390
8667539174790
8667572499390
8667605780590
8667639042290
8667672338290
8667705621990
8667738911290
8667772199890
8667805490190
8667838780590
8667872067190
8667905358190
8667938646590
8667971936490
8668005225990
8668038514690
8668071805390
8668105096390
8668138382890
8668171673390
8668204969990
8668238251390
8668271541790
8668304865390
8668338119790
8668371409890
8668404703690
8668437988090
8668471292790
8668504566190
8668537856290
8668571147090
8668604434390
8668637724790
8668671014190
8668704303690
8668737592590
8668770880590
8668804171390
8668837459990
8668870748790
8668904038890
8668937385390
8668970616690
8669003907690
8669037202990
8669070486290
8669103775890
8669137070290
8669170355490
8669203643090
8669236950190
8669270222390
8669303513190
8669336800390
8669370090890
8669403381790
8669436669790
8669469959190
8669503247290
8669536538790
8669569826290
8669603115290
8669636405390
8669669701390
8669702983590
8669736274190
8669769570490
8669802851390
8669836141890
8669869437390
8669902758990
8669936009090
8669969298290
8670002589090
8670035878190
8670069166790
8670102457090
8670135747190
8670169034690
8670202324790
8670235613790
8670268903890
8670302192790
8670335481890
8670368775890
8670402068890
8670435349590
8670468640290
8670501936990
8670535218390
8670568508390
8670601834990
8670635086990
8670668376690
8670701664990
8670734954990
8670768266190
8670801532690
8670834823690
8670868141090
8670901401590
8670934691690
8670967981090
8671001270290
8671034559290
8671067848090
8671101138590
8671134432190
8671167715890
8671201005990
8671234336990
8671267583890
8671300874390
8671334171690
8671367454090
8671400743090
8671434031090
8671467322490
8671500609690
8671533899390
8671567189490
8671600478890
8671633767190
8671667057690
8671700347590
8671733636390
8671766925290
8671800214290
8671833505090
8671866798190
8671900082490
8671933372290
8671966668290
8671999950390
8672033240890
8672066537690
8672099818290
8672133108990
8672166397690
8672199712190
8672232976090
8672266268890
8672299556390
8672332845490
8672366134990
8672399424190
8672432714090
8672466001890
8672499292090
8672532580490
8672565870690
8672599164690
8672632448490
8672665738990
8672699035390
8672732316990
8672765606790
8672798903490
8672832185290
8672865475390
8672898767690
8672932053790
8672965343590
8672998631890
8673031922390
8673065233090
8673098499990
8673131790290
8673165108590
8673198367990
8673231658390
8673264947790
8673298237490
8673331531890
8673364815290
8673398105590
8673431399190
8673464682990
8673497972290
8673531269190
8673564551090
8673597841890
8673631137590
8673664421390
8673697709790
8673730998790
8673764289290
8673797577090
8673830866390
8673864156590
8673897445590
8673930734790
8673964024790
8673997319390
8674030608590
8674063898490
8674097181190
8674130471590
8674163768490
8674197049490
8674230339490
8674263635590
8674296917490
8674330207490
8674363504290
8674396785690
8674430075790
8674463364290
8674496704390
8674529943290
8674563232290
8674596522990
8674629812390
8674663100790
8674696390990
8674729681090
8674762968690
8674796264290
8674829547490
8674862837590
8674896132290
8674929423090
8674962705590
8674996002190
8675029283990
8675062573890
8675095870190
8675129151690
8675162442190
8675195731690
8675229020890
8675262310790
8675295599090
8675328889090
8675362177490
8675395466990
8675428757290
8675462075390
8675495334790
8675528630590
8675561915090
8675595204090
8675628499190
8675661781690
8675695073490
8675728366990
8675761650090
8675794939690
8675828236190
8675861518490
8675894808490
8675928098090
8675961387890
8675994676890
8676027965290
8676061256190
8676094544090
8676127833190
8676161123290
8676194412890
8676227701390
8676260996290
8676294282290
8676327584590
8676360865790
8676394148090
8676427441390
8676460738990
8676494016290
8676527306890
8676560603290
8676593884490
8676627174390
8676660464990
8676693752790
8676727042790
8676760331390
8676793654390
8676826909890
8676860199490
8676893489990
8676926779790
8676960067290
8676993362590
8677026647590
8677059935390
8677093231790
8677126517390
8677159804190
8677193099890
8677226382490
8677259672890
8677292969090
8677326250390
8677359540590
8677392830690
8677426118690
8677459409390
8677492698990
8677525987890
8677559277690
8677592565490
8677625855890
8677659144890
8677692433390
8677725728590
8677759050390
8677792301790
8677825597690
8677858883290
8677892170990
8677925466990
8677958749990
8677992056890
8678025330790
8678058616890
8678091907090
8678125196490
8678158485190
8678191775290
8678225065390
8678258356290
8678291643590
8678324931790
8678358222990
8678391510390
8678424800190
8678458095090
8678491379490
8678524667990
8678557964090
8678591251190
8678624558490
8678657832590
8678691114890
8678724416990
8678757700490
8678790983190
8678824273290
8678857563990
8678890851390
8678924141990
8678957431390
8678990719290
8679024010190
8679057299190
8679090588490
8679123876990
8679157166590
8679190461390
8679223746890
8679257034690
8679290330690
8679323615090
8679356902490
8679390198990
8679423489690
8679456771490
8679490066990
8679523349290
8679556639490
8679589928790
8679623217690
8679656507990
8679689797590
8679723085890
8679756375990
8679789665590
8679822954590
8679856244490
8679889551590
8679922827890
8679956111190
8679989400890
8680022697390
8680056007790
8680089268590
8680122565190
8680155850390
8680189138090
8680222433090
8680255715690
8680289006990
8680322294390
8680355583790
8680388874190
8680422163290
8680455452090
8680488742390
8680522031790
8680555320990
8680588610090
8680621898790
8680655195490
8680688477890
8680721767390
8680755062790
8680788348090
8680821635090
8680854931590
8680888217690
8680921525490
8680954799290
8680988093590
8681021394590
8681054660190
8681087949890
8681121240890
8681154529690
8681187817890
8681221108690
8681254398690
8681287685990
8681320976990
8681354265190
8681387559390
8681420847190
8681454133290
8681487429090
8681520713890
8681554001190
8681587297490
8681620581990
8681653869190
8681687166290
8681720459190
8681753738590
8681787027590
8681820315890
8681853606090
8681886903290
8681920184590
8681953475090
8681986764390
8682020053090
8682053343190
8682086632590
8682119926190
8682153211890
8682186509890
8682219795990
8682253078890
8682286368190
8682319664090
8682352997890
8682386235490
8682419532790
8682452815490
8682486105090
8682519394090
8682552682490
8682585974190
8682619261690
8682652550590
8682685840790
8682719131790
8682752418790
8682785709490
8682819001390
8682852293190
8682885577790
8682918865890
8682952163090
8682985444490
8683018733790
8683052030590
8683085313690
8683118602190
8683151898690
8683185182690
8683218469890
8683251760190
8683285048990
8683318371890
8683351627590
8683384916690
8683418207390
8683451496790
8683484784990
8683518075890
8683551366190
8683584656690
8683617944090
8683651232190
8683684527790
8683717811790
8683751100090
8683784396490
8683817680590
8683850968690
8683884264890
8683917548790
8683950836690
8683984126790
8684017432090
8684050705290
8684083995090
8684117283490
8684150573290
8684183881690
8684217151690
8684250441890
8684283734690
8684317022890
8684350310090
8684383599490
8684416895190
8684450178390
8684483466790
8684516763190
8684550045190
8684583334990
8684616631190
8684649948890
8684683202390
8684716492890
8684749783690
8684783074890
8684816361590
8684849649890
8684882940890
8684916228290
8684949517690
8684982808290
8685016097390
8685049389390
8685082676190
8685115965990
8685149262090
8685182544490
8685215846290
8685249129690
8685282411390
8685315701090
8685348997290
8685382280690
8685415568690
8685448858790
8685482149790
8685515437390
8685548727690
8685582015990
8685615325690
8685648594290
8685681883890
8685715174490
8685748463990
8685781755890
8685815042190
8685848332690
8685881626190
8685914910390
8685948198990
8685981494790
8686014778490
8686048067190
8686081364090
8686114648190
8686147935090
8686181225590
8686214515890
8686247803190
8686281093790
8686314403590
8686347672090
8686380962390
8686414250190
8686447540690
8686480857990
8686514122090
8686547408790
8686580710190
8686613993690
8686647277190
8686680566590
8686713861990
8686747145390
8686780433490
8686813730390
8686847011990
8686880301790
8686913592090
8686946881290
8686980169590
8687013459790
8687046749890
8687080039490
8687113331290
8687146616790
8687179907990
8687213194990
8687246488290
8687279775190
8687313064390
8687346358490
8687379643590
8687412932890
8687446227890
8687479511490
8687512799790
8687546096590
8687579378190
8687612668190
8687645958290
8687679247190
8687712535390
8687745825890
8687779116690
8687812404490
8687845693990
8687878982890
8687912300490
8687945561590
8687978854190
8688012141390
8688045430590
8688078724790
8688112009590
8688145298090
8688178592890
8688211877890
8688245166090
8688278461890
8688311745090
8688345033990
8688378324590
8688411614290
8688444902090
8688478192390
8688511481790
8688544770490
8688578060990
8688611350190
8688644639490
8688677929490
8688711220690
8688744507590
8688777818190
8688811090990
8688844375790
8688877686590
8688910959190
8688944243890
8688977533190
8689010832890
8689044112190
8689077400590
8689110691190
8689143978890
8689177268790
8689210559190
8689243848390
8689277136390
8689310427090
8689343716790
8689377006890
8689410295290
8689443586390
8689476875190
8689510162490
8689543457290
8689576741790
8689610030990
8689643325490
8689676609990
8689709899690
8689743203690
8689776478590
8689809766590
8689843057290
8689876344990
8689909634590
8689942925190
8689976214290
8690009502990
8690042793490
8690076083190
8690109371190
8690142661390
8690175953090
8690209290190
8690242528590
8690275823090
8690309107890
8690342398490
8690375691990
8690408976890
8690442265490
8690475560090
8690508844490
8690542137790
8690575422690
8690608712790
8690642000790
8690675291190
8690708581090
8690741869090
8690775159490
8690808450090
8690841736690
8690875027390
8690908351490
8690941606490
8690974896090
8691008189890
8691041474390
8691074762490
8691108058090
8691141342790
8691174660590
8691207926590
8691241210790
8691274500090
8691307789490
8691341078790
8691374366790
8691407657990
8691440946090
8691474235590
8691507525990
8691540814890
8691574103490
8691607393890
8691640686190
8691673973290
8691707261790
8691740556390
8691773841890
8691807128990
8691840424890
8691873708990
8691906997990
8691940292490
8691973576990
8692006866990
8692040179890
8692073445390
8692106733490
8692140026890
8692173312090
8692206601690
8692239892090
8692273182690
8692306469990
8692339759990
8692373053890
8692406338190
8692439627890
8692472952490
8692506239790
8692539495290
8692572790590
8692606075190
8692639365390
8692672659190
8692705943490
8692739233790
8692772520590
8692805812790
8692839099890
8692872389890
8692905679790
8692938967790
8692972258690
8693005547090
8693038836090
8693072126390
8693105419490
8693138703390
8693171994890
8693205318490
8693238573190
8693271862990
8693305156990
8693338441090
8693371729990
8693405025590
8693438309890
8693471635490
8693504887490
8693538177890
8693571467290
8693604756790
8693638045690
8693671334890
8693704630090
8693737913290
8693771202590
8693804493090
8693837784290
8693871070190
8693904360890
8693937669890
8693970940190
8694004228190
8694037522790
8694070808390
8694104096490
8694137391590
8694170675890
8694203966290
8694237253990
8694270543790
8694303834490
8694337150690
8694370412090
8694403700690
8694437012190
8694470279390
8694503568590
8694536859090
8694570151890
8694603436790
8694636726990
8694670024190
8694703304790
8694736595190
8694769889290
8694803173990
8694836462090
8694869757790
8694903043390
8694936332190
8694969619690
8695002910090
8695036200390
8695069487990
8695102778190
8695136066990
8695169357090
8695202647190
8695235934890
8695269225290
8695302518790
8695335802990
8695369092990
8695402388990
8695435670790
8695469045090
8695502286190
8695535541790
8695568829190
8695602124190
8695635408490
8695668696990
8695701986490
8695735276390
8695768591990
8695801853990
8695835148390
8695868434190
8695901723890
8695935012690
8695968300890
8696001592590
8696034881890
8696068168990
8696101459690
8696134755890
8696168037190
8696201327590
8696234624490
8696267906590
8696301195890
8696334490690
8696367775490
8696401063290
8696434352590
8696467642890
8696500932090
8696534220790
8696567510990
8696600805890
8696634117490
8696667379190
8696700667490
8696733984090
8696767247990
8696800535190
8696833826290
8696867121790
8696900403990
8696933694190
8696966990790
8697000272190
8697033561290
8697066856590
8697100142390
8697133429990
8697166718790
8697200009390
8697233299090
8697266586990
8697299877090
8697333167790
8697366481890
8697399745190
8697433033790
8697466323690
8697499615390
8697532901690
8697566192290
8697599492390
8697632770390
8697666060290
8697699356190
8697732637590
8697765928090
8697799255390
8697832507290
8697865796290
8697899084690
8697932375590
8697965663390
8697998953090
8698032243690
8698065564890
8698098820690
8698132111490
8698165402290
8698198690590
8698231981790
8698265268190
8698298559590
8698331852490
8698365136290
8698398427190
8698431721490
8698465003990
8698498294690
8698531590690
8698564874090
8698598162890
8698631451290
8698664741690
