7669823228090
7669856516990
7669889807190
7669923101490
7669956384990
7669989675590
7670022972390
7670056253490
7670089543690
7670122867890
7670156121990
7670189411890
7670222706190
7670255990890
7670289293290
7670322568190
7670355873490
7670389149090
7670422436390
7670455726490
7670489016490
7670522305690
7670555594790
7670588883390
7670622173690
7670655465490
7670688751490
7670722041990
7670755387190
7670788619690
7670821910190
7670855205790
7670888488590
7670921777690
7670955072790
7670988358090
7671021645290
7671054934690
7671088224990
7671121519890
7671154802790
7671188092790
7671221382790
7671254672390
7671287960390
7671321249790
7671354540790
7671387831190
7671421117790
7671454407790
7671487706390
7671520985690
7671554276390
7671587578690
7671620877290
7671654144690
7671687439190
7671720740090
7671754011690
7671787300590
7671820591490
7671853880790
7671887169490
7671920459090
7671953749790
7671987037090
7672020327990
7672053615890
7672086963290
7672120197790
7672153483890
7672186774590
7672220071590
7672253365390
7672286642690
7672319937990
7672353220990
7672386511190
7672419837590
7672453089790
7672486379490
7672519667490
7672552957690
7672586248090
7672619535390
7672652825590
7672686115490
7672719403790
7672752694090
7672785982390
7672819272990
7672852566490
7672885850690
7672919140990
7672952457290
7672985719090
7673019009090
7673052315790
7673085586590
7673118876990
7673152204390
7673185455990
7673218745390
7673252033890
7673285324390
7673318612590
7673351901890
7673385196090
7673418514890
7673451769890
7673485060090
7673518349890
7673551642090
7673584931090
7673618217290
7673651508190
7673684801390
7673718084790
7673751375490
7673784670490
7673817953290
7673851243490
7673884539690
7673917822190
7673951111990
7673984400290
7674017690990
7674050978690
7674084268190
7674117558990
7674150865190
7674184136190
7674217426590
7674250717490
7674284004490
7674317297490
7674350583090
7674383895590
7674417167490
7674450451690
7674483742090
7674517037690
7674550319690
7674583610090
7674616907490
7674650187690
7674683478190
7674716766990
7674750056290
7674783345190
7674816635090
7674849925290
7674883215390
7674916502890
7674949792890
7674983083490
7675016371190
7675049663390
7675082949790
7675116240290
7675149534990
7675182817890
7675216108690
7675249403290
7675282689890
7675315976090
7675349272990
7675382554090
7675415844990
7675449134190
7675482423290
7675515713390
7675549001290
7675582291690
7675615579990
7675648869390
7675682159790
7675715482990
7675748737290
7675782029990
7675815317490
7675848606590
7675881902190
7675915184490
7675948479890
7675981768190
7676015052090
7676048342790
7676081639690
7676114920490
7676148210990
7676181501690
7676214790290
7676248079190
7676281367590
7676314658290
7676347946490
7676381235390
7676414525990
7676447815190
7676481103590
7676514396490
7676547683790
7676580977490
7676614268390
7676647550790
7676680840790
7676714134790
7676747418790
7676780709290
7676814005390
7676847286890
7676880576990
7676913867590
7676947155290
7676980445390
7677013733790
7677047049990
7677080312990
7677113601890
7677146892590
7677180185290
7677213470190
7677246762590
7677280051190
7677313338290
7677346634090
7677379917290
7677413207290
7677446502390
7677479785590
7677513075790
7677546373190
7677579653590
7677612943190
7677646234190
7677679521590
7677712811890
7677746101390
7677779390290
7677812680290
7677845967990
7677879259290
7677912561990
7677945836790
7677979128990
7678012423690
7678045704890
7678079000490
7678112284890
7678145573990
7678178868790
7678212151190
7678245442190
7678278736290
7678312020090
7678345309890
7678378655390
7678411889190
7678445178090
7678478467590
7678511757090
7678545046490
7678578334790
7678611626490
7678644913790
7678678203490
7678711494790
7678744782290
7678778070790
7678811367190
7678844650990
7678877940790
7678911235490
7678944517790
7678977808890
7679011102690
7679044386190
7679077690290
7679110966090
7679144254290
7679177544190
7679210839690
7679244144790
7679277412990
7679310701290
7679344003290
7679377279890
7679410569490
7679443861190
7679477149290
7679510437390
7679543734090
7679577017990
7679610305690
7679643601490
7679676884190
7679710232290
7679743469690
7679776752690
7679810042890
7679843347290
7679876620790
7679909911090
7679943200690
7679976488890
7680009778790
7680043069090
7680076357890
7680109647990
7680142935690
7680176227690
7680209515990
7680242803990
7680276099590
7680309384390
7680342671790
7680375968290
7680409254290
7680442540690
7680475836790
7680509118890
7680542409190
7680575726290
7680608987290
7680642277290
7680675586190
7680708855090
7680742145090
7680775435190
7680808723590
7680842013390
7680875302190
7680908594190
7680941881190
7680975186790
7681008466290
7681041783090
7681075037890
7681108334790
7681141618190
7681174908790
7681208203590
7681241484990
7681274776990
7681308063790
7681341353390
7681374643890
7681407933190
7681441221490
7681474511390
7681507801590
7681541090290
7681574380190
7681607668490
7681640960590
7681674247190
7681707536390
7681740836290
7681774117290
7681807404390
7681840701190
7681873985490
7681907272490
7681940569490
7681973861290
7682007171190
7682040430190
7682073719790
7682107010190
7682140299690
7682173587990
7682206877890
7682240169090
7682273455990
7682306746190
7682340035090
7682373325790
7682406614490
7682439902890
7682473199690
7682506486390
7682539771090
7682573066990
7682606351590
7682639639190
7682672935790
7682706226190
7682739508490
7682772797990
7682806086190
7682839376590
7682872665590
7682905954390
7682939244390
7682972533990
7683005822990
7683039112590
7683072402690
7683105692990
7683138980890
7683172269290
7683205565990
7683238848490
7683272137790
7683305433690
7683338754290
7683372005390
7683405302190
7683438585790
7683471874890
7683505164190
7683538452290
7683571743790
7683605030990
7683638320890
7683671611190
7683704901890
7683738188990
7683771479490
7683804769590
7683838062190
7683871347490
7683904635690
7683937933990
7683971214590
7684004503590
7684037800090
7684071083890
7684104371790
7684137668790
7684170952590
7684204249190
7684237530390
7684270819190
7684304108890
7684337397990
7684370686790
7684403977590
7684437268590
7684470554990
7684503845690
7684537135990
7684570423990
7684603713790
7684637002390
7684670325990
7684703580090
7684736870090
7684770166690
7684803450290
7684836738490
7684870034490
7684903320690
7684936606790
7684969900490
7685003198790
7685036475290
7685069764890
7685103053190
7685136343790
7685169637390
7685202921290
7685236211990
7685269502090
7685302790190
7685336080490
7685369368690
7685402664490
7685435948590
7685469236390
7685502533090
7685535833990
7685569104690
7685602401390
7685635694890
7685668972890
7685702266790
7685735552790
7685768841690
7685802132190
7685835419690
7685868710190
7685901998590
7685935299690
7685968578490
7686001903990
7686035156190
7686068446190
7686101736390
7686135031890
7686168314490
7686201603190
7686234900490
7686268181490
7686301470990
7686334767790
7686368050590
7686401339590
7686434632790
7686467919290
7686501209190
7686534497890
7686567785990
7686601077590
7686634365190
7686667654290
7686700948090
7686734233590
7686767522390
7686800812990
7686834105390
7686867419890
7686900681190
7686933969590
7686967274390
7687000547990
7687033837690
7687067134390
7687100417090
7687133705990
7687166999090
7687200286490
7687233573690
7687266864390
7687300152690
7687333474290
7687366731390
7687400020790
7687433311090
7687466601690
7687499888790
7687533179290
7687566468790
7687599761990
7687633046990
7687666336890
7687699631590
7687732916090
7687766203790
7687799500690
7687832783890
7687866072290
7687899365390
7687932652090
7687965939890
7687999231090
7688032537090
7688065809190
7688099099090
7688132387090
7688165677490
7688198993990
7688232260490
7688265545790
7688298854090
7688332127890
7688365413690
7688398703490
7688431998890
7688465281790
7688498569990
7688531867290
7688565148690
7688598441690
7688631735290
7688665017690
7688698306090
7688731596390
7688764886290
7688798176190
7688831464790
7688864753490
7688898044490
7688931332090
7688964621590
7688997912090
7689031201090
7689064494490
7689097779790
7689131069690
7689164364690
7689197647890
7689230936490
7689264233690
7689297515590
7689330804590
7689364101290
7689397385890
7689430673490
7689463963490
7689497253690
7689530541090
7689563831490
7689597142990
7689630442290
7689663698390
7689696988490
7689730278790
7689763567390
7689796861590
7689830146990
7689863436890
7689896729790
7689930014390
7689963302890
7689996599190
7690029882690
7690063171290
7690096467990
7690129751590
7690163039090
7690196329690
7690229620090
7690262907090
7690296197190
7690329509090
7690362776890
7690396066090
7690429354390
7690462644990
7690495939790
7690529227490
7690562512490
7690595802690
7690629096290
7690662380990
7690695670690
7690728965990
7690762248990
7690795537290
7690828834690
7690862116490
7690895405690
7690928696190
7690962008490
7690995273790
7691028563890
7691061853490
7691095142690
7691128432590
7691161720690
7691195011790
7691228299590
7691261600290
7691294878990
7691328169790
7691361462590
7691394747690
7691428038090
7691461333590
7691494615390
7691527903590
7691561201490
7691594484690
7691627771990
7691661061990
7691694351890
7691727640390
7691760929990
7691794220290
7691827522190
7691860798890
7691894086990
7691927387390
7691960665790
7691993959490
7692027245690
7692060534790
7692093829390
7692127113790
7692160404190
7692193697890
7692226982290
7692260270390
7692293617390
7692326850390
7692360138390
7692393447990
7692426719290
7692460006290
7692493297090
7692526587290
7692559875190
7692593164890
7692626453390
7692659743490
7692693033090
7692726325890
7692759612190
7692792901890
7692826195490
7692859479690
7692892770290
7692926064290
7692959348290
7692992636790
7693025932690
7693059216390
7693092504690
7693125795890
7693159113690
7693192373090
7693225663390
7693258964690
7693292240990
7693325531490
7693358821390
7693392109990
7693425399390
7693458692290
7693491978690
7693525266790
7693558561890
7693591846490
7693625167090
7693658430390
7693691714890
7693725004390
7693758300290
7693791582890
7693824871490
7693858162890
7693891449790
7693924739590
7693958029890
7693991318890
7694024607590
7694057897990
7694091187790
7694124476990
7694157765590
7694191058590
7694224345390
7694257633490
7694290931290
7694324212790
7694357502090
7694390796490
7694424081190
7694457371690
7694490687890
7694523948990
7694557237390
7694590545490
7694623816190
7694657105690
7694690395590
7694723684690
7694756973590
7694790264190
7694823554390
7694856841790
7694890131890
7694923424690
7694956744390
7694989999390
7695023294790
7695056588390
7695089869490
7695123163190
7695156447490
7695189736890
7695223031290
7695256315390
7695289604890
7695322893590
7695356184190
7695389471990
7695422762590
7695456051690
7695489340290
7695522630390
7695555919990
7695589207890
7695622497990
7695655819390
7695689077290
7695722366390
7695755660790
7695788945390
7695822233990
7695855529190
7695888813990
7695922132590
7695955397590
7695988682290
7696021971390
7696055260890
7696088549890
7696121838590
7696155129190
7696188419990
7696221706790
7696254997190
7696288285790
7696321574690
7696354865190
7696388158490
7696421444490
7696454732890
7696488027290
7696521312890
7696554600090
7696587895590
7696621179990
7696654469390
7696687764190
7696721048490
7696754337790
7696787626490
7696820916390
7696854204890
7696887494990
7696920783790
7696954091690
7696987363690
7697020653690
7697053941190
7697087231390
7697120526090
7697153809390
7697187099890
7697220422990
7697253715890
7697286967190
7697320262090
7697353546090
7697386835790
7697420130590
7697453413890
7697486704590
7697519992690
7697553283090
7697586571190
7697619861190
7697653150290
7697686439290
7697719729590
7697753019690
7697786307490
7697819597890
7697852891890
7697886175790
7697919466390
7697952789190
7697986044390
7698019333790
7698052628790
7698085914690
7698119210390
7698152496490
7698185780790
7698219069490
7698252359090
7698285650490
7698318938990
7698352227490
7698385517590
7698418805490
7698452096090
7698485384190
7698518673790
7698551964390
7698585289490
7698618541990
7698651832490
7698685156090
7698718411290
7698751699890
7698784994690
7698818280190
7698851570890
7698884863090
7698918146790
7698951437690
7698984724990
7699018015890
7699051305990
7699084595190
7699117883490
7699151171890
7699184463290
7699217751090
7699251040290
7699284330590
7699317622690
7699350908190
7699384198890
7699417494690
7699450796090
7699484066090
7699517360590
7699550656790
7699583934090
7699617236890
7699650513290
7699683803190
7699717091990
7699750381790
7699783672190
7699816958990
7699850249890
7699883538590
7699916885590
7699950117090
7699983406290
7700016696890
7700049989890
7700083274690
7700116565290
7700149861990
7700183142690
7700216433290
7700249727490
7700283011890
7700316300790
7700349596090
7700382879990
7700416169690
7700449457990
7700482747990
7700516037990
7700549326490
7700582616390
7700615904690
7700649195090
7700682484390
7700715772990
7700749066490
7700782376290
7700815640990
7700848931490
7700882250890
7700915508690
7700948799390
7700982095690
7701015378190
7701048668190
7701081962290
7701115246790
7701148534990
7701181824290
7701215114590
7701248437790
7701281692190
7701314982890
7701348272090
7701381561790
7701414850890
7701448139090
7701481430890
7701514720690
7701548007290
7701581297890
7701614592590
7701647875690
7701681166090
7701714461490
7701747744690
7701781034690
7701814328690
7701847613290
7701880901090
7701914190290
7701947480690
7701980770090
7702014058690
7702047348990
7702080639490
7702113926790
7702147217290
7702180505090
7702213818890
7702247086690
7702280390290
7702313664290
7702346960190
7702380242190
7702413532390
7702446828890
7702480110190
7702513400790
7702546694990
7702579978990
7702613267490
7702646557090
7702679846990
7702713137590
7702746424890
7702779715290
7702813005090
7702846293190
7702879583690
7702912873290
7702946162190
7702979453990
7703012740090
7703046030590
7703079326290
7703112608390
7703145898990
7703179194090
7703212476190
7703245766990
7703279092790
7703312345990
7703345634590
7703378923490
7703412213790
7703445501990
7703478791490
7703512081790
7703545390290
7703578659190
7703611949990
7703645239690
7703678528990
7703711820390
7703745106490
7703778397990
7703811693990
7703844974790
7703878265290
7703911559990
7703944842490
7703978133690
7704011429390
7704044712190
7704078000890
7704111289290
7704144581490
7704177868290
7704211157490
7704244448090
7704277737490
7704311026290
7704344316290
7704377605690
7704410902990
7704444186690
7704477472790
7704510763290
7704544057190
7704577344490
7704610631790
7704643928890
7704677209190
7704710499790
7704743795390
7704777077390
7704810368090
7704843657590
7704876974690
7704910235090
7704943523890
7704976814390
7705010103890
7705043392490
7705076682390
7705109973290
7705143259990
7705176552790
7705209839690
7705243129390
7705276424390
7705309707390
7705342998290
7705376294690
7705409575790
7705442866590
7705476162890
7705509443290
7705542733690
7705576023590
7705609312690
7705642602290
7705675890790
7705709181090
7705742487690
7705775758490
7705809049190
7705842347190
7705875627390
7705908919990
7705942207090
7705975496190
7706008790990
7706042073690
7706075364290
7706108658390
7706141941890
7706175232090
7706208560190
7706241809690
7706275100390
7706308390290
7706341681090
7706374968690
7706408256390
7706441548390
7706474852990
7706508125190
7706541415890
7706574705590
7706607992890
7706641284390
7706674574790
7706707863290
7706741157190
7706774440190
7706807731490
7706841024490
7706874308490
7706907598990
7706940894190
7706974176490
7707007467190
7707040761190
7707074067090
7707107335290
7707140623090
7707173936890
7707207201590
7707240491390
7707273781890
7707307071090
7707340359790
7707373652190
7707406940290
7707440227490
7707473523890
7707506806590
7707540136390
7707573391290
7707606674390
7707639964990
7707673260990
7707706542690
7707739833090
7707773127290
7707806410890
7707839701090
7707872989590
7707906279890
7707939568990
7707972857890
7708006148290
7708039438290
7708072725990
7708106017190
7708139305990
7708172593990
7708205890090
7708239172990
7708272463290
7708305757790
7708339040690
7708372334690
7708405649290
7708438909190
7708472199590
7708505527290
7708538776690
7708572067690
7708605357390
7708638645690
7708671936290
7708705224190
7708738514490
7708771802590
7708805092590
7708838383190
7708871671790
7708904960490
7708938256390
7708971540590
7709004830590
7709038125090
7709071407490
7709104698690
7709137992490
7709171275790
7709204565690
7709237855090
7709271143490
7709304433990
7709337723990
7709371014690
7709404302390
7709437590290
7709470880990
7709504169190
7709537458490
7709570749690
7709604037990
7709637326890
7709670622890
7709703907190
7709737194490
7709770491390
7709803773990
7709837096090
7709870358890
7709903662590
7709936932790
7709970221790
7710003509590
7710036800490
7710070090890
7710103377990
7710136668690
7710169957190
7710203247190
7710236536190
7710269825590
7710303116490
7710336405590
7710369693190
7710402989390
7710436273090
7710469560990
7710502857490
7710536141590
7710569430390
7710602726590
7710636008090
7710669298590
7710702602190
7710735876890
7710769166890
7710802474590
7710835744590
7710869034990
7710902324590
7710935613390
7710968902690
7711002191290
7711035483190
7711068770390
7711102059790
7711135355490
7711168690090
7711201927490
7711235223890
7711268507590
7711301797190
7711335092390
7711368374490
7711401665690
7711434961690
7711468242590
7711501533190
7711534822290
7711568110890
7711601400890
7711634690890
7711667980290
7711701269190
7711734557790
7711767851090
7711801136790
7711834425890
7711867722090
7711901005390
7711934293890
7711967589990
7712000875590
7712034181590
7712067459090
7712100741090
7712134037190
7712167319690
7712200609090
7712233899090
7712267190090
7712300477590
7712333767890
7712367057790
7712400345290
7712433635390
7712466925590
7712500245390
7712533503090
7712566792090
7712600088190
7712633372590
7712666660890
7712699956290
7712733240990
7712766528590
7712799825290
7712833115090
7712866397490
7712899686990
7712932975590
7712966266090
7712999555790
7713032843590
7713066133990
7713099423590
7713132711890
7713166001790
7713199291390
7713232581490
7713265870590
7713299158990
7713332469890
7713365759590
7713399026990
7713432323090
7713465627390
7713498894890
7713532191390
7713565483090
7713598764190
7713632057290
7713665341890
7713698632390
7713731920590
7713765209990
7713798500390
7713831789690
7713865077590
7713898368390
7713931658090
7713964952190
7713998235890
7714031524890
7714064822390
7714098103590
7714131393190
7714164689790
7714197973690
7714231261690
7714264557890
7714297842490
7714331131790
7714364423590
7714397708090
7714430999290
7714464290490
7714497576390
7714530866890
7714564156090
7714597444490
7714630734690
7714664025590
7714697312390
7714730602690
7714763891390
7714797206290
7714830470290
7714863759290
7714897056090
7714930339190
7714963627590
7714996924290
7715030208290
7715063495790
7715096789690
7715130074890
7715163364590
7715196653190
7715229942690
7715263232690
7715296523090
7715329810790
7715363101290
7715396391590
7715429679490
7715462968990
7715496257990
7715529553690
7715562836990
7715596125990
7715629422090
7715662705890
7715695993790
7715729290690
7715762573890
7715795862190
7715829159190
7715862453190
7715895730990
7715929020790
7715962308890
7715995599690
7716028887590
7716062177390
7716095467890
7716128791290
7716162044790
7716195335590
7716228625590
7716261921190
7716295203390
7716328492790
7716361792390
7716395071290
7716428360290
7716461656890
7716494939990
7716528228590
7716561525290
7716594808390
7716628098690
7716661386990
7716694675290
7716727967090
7716761254190
7716794543690
7716827834390
7716861123290
7716894411790
7716927701590
7716960991890
7716994295490
7717027569890
7717060858690
7717094155690
7717127437390
7717160726790
7717194023090
7717227306390
7717260594790
7717293888390
7717327175590
7717360463090
7717393753690
7717427041690
7717460357290
7717493620590
7717526910490
7717560200990
7717593489890
7717626778190
7717660068190
7717693358890
7717726652090
7717759937190
7717793224590
7717826520890
7717859804990
7717893093090
7717926389990
7717959673490
7717992961290
7718026257990
7718059541590
7718092829290
7718126119990
7718159409490
7718192698490
7718225988290
7718259279890
7718292566990
7718325880090
7718359144590
7718392434490
7718425729090
7718459017890
7718492303190
7718525592590
7718558888590
7718592171390
7718625459890
7718658757190
7718692038390
7718725327690
7718758624390
7718791957090
7718825195590
7718858486190
7718891775690
7718925064990
7718958354590
7718991642890
7719024934390
7719058221290
7719091510690
7719124801390
7719158090790
7719191383590
7719224668590
7719257959190
7719291255390
7719324537390
7719357825790
7719391123990
7719424406290
7719457694290
7719490990390
7719524273690
7719557562190
7719590852290
7719624143490
7719657452090
7719690720990
7719724008890
7719757313390
7719790587490
7719823877090
7719857167390
7719890458090
7719923750190
7719957035290
7719990325890
7720023618990
7720056903490
7720090193290
7720123522690
7720156784590
7720190060790
7720223357090
7720256644790
7720289928390
7720323219190
7720356667890
7720389796290
7720423087290
7720456398490
7720489665590
7720522955590
7720556243690
7720589533890
7720622824190
7720656116390
7720689401490
7720722692090
7720755985590
7720789270490
7720822560190
7720855855690
7720889138390
7720922426690
7720955724190
7720989005690
7721022294690
7721055584990
7721088907290
7721122162890
7721155453190
7721188742790
7721222032290
7721255322090
7721288609990
7721321901290
7721355187990
7721388482990
7721421768990
7721455057590
7721488351590
7721521636390
7721554926290
7721588223090
7721621504790
7721654792790
7721688091090
7721721371690
7721754661490
7721787952090
7721821241990
7721854529690
7721887819790
7721921110390
7721954398190
7721987688190
7722020976390
7722054270690
7722087554790
7722120848990
7722154134890
7722187423690
7722220718590
7722254002690
7722287292990
7722320587190
7722353870990
7722387159790
7722420491190
7722453738290
7722487027690
7722520317690
7722553607090
7722586895990
7722620186390
7722653476690
7722686763890
7722720054190
7722753342890
7722786632890
7722819928590
7722853215190
7722886501190
7722919791490
7722953086190
7722986369490
7723019659990
7723052953190
7723086237690
7723119525990
7723152822590
7723186105890
7723219394090
7723252684590
7723285982590
7723319261990
7723352552790
7723385841590
7723419130090
7723452420590
7723485737590
7723518999190
7723552289290
7723585582190
7723618867690
7723652155790
7723685451190
7723718735290
7723752046490
7723785319390
7723818604190
7723851894590
7723885189490
7723918472190
7723951763490
7723985051890
7724018339490
7724051628490
7724084918890
7724118207790
7724151496690
7724184786890
7724218076590
7724251366390
7724284655090
7724317947890
7724351236590
7724384522090
7724417817190
7724451103790
7724484391590
7724517686090
7724550970390
7724584260190
7724617573090
7724650838190
7724684126790
7724717424590
7724750705690
7724783994890
7724817285190
7724850574190
7724883863190
7724917153190
7724950443290
7724983731490
7725017021990
7725050314690
7725083634190
7725116888890
7725150183790
7725183468090
7725216758090
7725250052090
7725283336790
7725316626990
7725349920090
7725383204590
7725416493190
7725449783490
7725483072790
7725516361290
7725549651590
7725582940690
7725616229490
7725649519590
7725682808890
7725716097390
7725749388090
7725782681990
7725815966390
7725849258790
7725882550490
7725915836090
7725949145890
7725982418790
7726015703190
7726049006990
7726082287090
7726115570990
7726148860490
7726182149990
7726215439990
7726248727490
7726282018490
7726315306290
7726348596190
7726381885890
7726415175390
7726448463290
7726481754490
7726515047890
7726548334190
7726581621890
7726614916490
7726648202190
7726681489790
7726714784590
7726748069490
7726781358290
7726814653290
7726847937390
7726881226990
7726914516690
7726947805390
7726981093890
7727014385590
7727047673290
7727080961990
7727114252390
7727147541890
7727180829990
7727214120790
7727247416290
7727280698290
7727313988290
7727347283090
7727380604890
7727413855990
7727447151190
7727480436190
7727513726090
7727547019390
7727580303890
7727613593390
7727646881590
7727680172190
7727713461690
7727746753990
7727780038890
7727813328490
7727846618990
7727879909190
7727913196690
7727946486890
7727979781690
7728013064190
7728046354890
7728079678590
7728112933790
7728146223590
7728179517790
7728212801790
7728246091190
7728279385890
7728312670190
7728345959290
7728379247290
7728412538090
7728445826790
7728479117290
7728512406890
7728545695190
7728578985390
7728612273290
7728645562790
7728678853390
7728712182790
7728745431290
7728778721290
7728812045690
7728845299990
7728878589990
7728911883690
7728945169590
7728978456990
7729011752290
7729045036890
7729078325790
7729111613690
7729144904790
7729178194290
7729211483990
7729244772790
7729278061590
7729311352790
7729344639490
7729377929590
7729411220190
7729444513590
7729477797390
7729511087290
7729544384790
7729577670090
7729610955790
7729644267690
7729677534790
7729710823190
7729744118590
7729777403090
7729810692190
7729843980590
7729877271090
7729910561290
7729943848890
7729977139090
7730010427390
7730043759790
7730077006590
7730110295790
7730143586090
7730176879290
7730210163790
7730243454490
7730276751190
7730310031890
7730343322290
7730376616690
7730409909590
7730443190390
7730476485190
7730509769590
7730543059590
7730576346590
7730609637590
7730642927690
7730676214790
7730709505390
7730742793890
7730776083590
7730809373990
7730842661890
7730875952690
7730909260590
7730942530290
7730975820690
7731009116590
7731042398090
7731075688390
7731109012690
7731142267290
7731175556690
7731208851090
7731242135490
7731275424090
7731308713490
7731342003690
7731375321090
7731408581290
7731441871790
7731475162790
7731508450590
7731541742990
7731575028890
7731608319690
7731641609890
7731674896590
7731708186990
7731741482090
7731774765090
7731808055190
7731841350790
7731874634690
7731907923290
7731941217790
7731974502790
7732007790590
7732041079790
7732074368890
7732107659690
7732140947890
7732174238290
7732207527990
7732240844390
7732274106390
7732307394890
7732340693090
7732373976590
7732407263090
7732440553190
7732473848990
7732507130890
7732540421290
7732573718190
7732606999590
7732640289690
7732673588090
7732706903590
7732740156690
7732773445790
7732806736190
7732840025690
7732873314090
7732906604790
7732939894890
7732973182190
7733006472890
7733039761290
7733073051590
7733106343290
7733139629090
7733172919690
7733206215990
7733239497390
7733272787990
7733306083190
7733339365890
7733372656290
7733405951990
7733439236990
7733472523690
7733505811990
7733539118290
7733572414490
7733605680690
7733638970890
7733672278690
7733705548590
7733738839090
7733772128290
7733805417890
7733838709690
7733871995590
7733905285990
7733938580190
7733971863890
7734005154290
7734038483390
7734071731890
7734105022390
7734138317890
7734171602090
7734204890690
7734238178790
7734271469790
7734304757690
7734338046890
7734371336990
7734404626690
7734437914890
7734471205890
7734504494890
7734537784790
7734571091090
7734604361690
7734637652890
7734670946290
7734704230190
7734737520690
7734770816290
7734804098390
7734837388690
7734870685690
7734903966390
7734937256990
7734970545290
7735003873190
7735037123890
7735070413390
7735103702990
7735136993990
7735170281490
7735203571790
7735236861190
7735270149290
7735303441990
7735336742690
7735370018790
7735403312390
7735436596790
7735469887190
7735503183690
7735536464690
7735569754790
7735603052490
7735636332590
7735669622890
7735702911590
7735736201590
7735769491590
7735802779690
7735836070090
7735869358790
7735902647690
7735935937890
7735969227590
7736002515590
7736035808290
7736069094990
7736102400790
7736135680490
7736168962690
7736202253390
7736235547490
7736268831090
7736302121190
7736335448790
7736368698690
7736401989890
7736435278990
7736468568190
7736501857390
7736535146490
7736568437490
7736601724490
7736635013790
7736668304690
7736701593690
7736734882190
7736768174290
7736801462290
7736834752190
7736868052890
7736901328990
7736934620090
7736967913890
7737001197390
7737034487690
7737067784590
7737101065290
7737134355790
7737167646590
7737200944590
7737234223690
7737267512190
7737300802690
7737334090790
7737367380490
7737400670790
7737433960490
7737467248690
7737500541590
7737533829290
7737567116190
7737600412790
7737633695390
7737667008990
7737700280090
7737733563390
7737766854090
7737800150590
7737833432090
7737866722290
7737900016790
7737933299990
7737966590090
7737999882390
7738033168990
7738066457890
7738099746990
7738133037790
7738166327390
7738199614790
7738232907290
7738266195790
7738299482990
7738332778990
7738366062190
7738399351790
7738432647590
7738465930290
7738499220490
7738532535490
7738565797990
7738599088590
7738632378590
7738665666190
7738698956690
7738732246090
7738765535590
7738798824390
7738832113190
7738865403590
7738898691990
7738931981190
7738965273290
7738998593490
7739031849390
7739065145490
7739098430890
7739131718990
7739165014390
7739198298290
7739231587890
7739264881490
7739298164390
7739331454890
7739364744090
7739398032290
7739431322790
7739464612890
7739497902790
7739531190990
7739564479390
7739597770490
7739631058390
7739664347790
7739697639390
7739730927190
7739764215790
7739797511890
7739830796890
7739864106290
7739897383090
7739930664190
7739963970390
7739997247290
7740030530790
7740063821490
7740097109990
7740130398890
7740163689490
7740196979490
7740230266790
7740263557590
7740296845690
7740330135590
7740363424390
7740396713690
7740430005490
7740463294590
7740496582090
7740529877990
7740563162590
7740596449690
7740629746490
7740663036190
7740696318690
7740729614890
7740762896990
7740796187790
7740829477290
7740862765290
7740896056090
7740929345190
7740962633390
7740995923490
7741029213490
7741062502490
7741095791990
7741129079990
7741162372190
7741195659290
7741228948390
7741262244590
7741295558090
7741328816390
7741362113090
7741395396290
7741428687490
7741461981690
7741495264890
7741528554090
7741561842690
7741595131690
7741628422090
7741661711090
7741694999690
7741728290590
7741761579690
7741794869690
7741828158090
7741861446690
7741894739790
7741928025790
7741961314890
7741994610590
7742027894590
7742061182690
7742094479690
7742127762790
7742161051390
7742194348090
7742227629690
7742260919990
7742294208890
7742327498090
7742360788190
7742394077790
7742427365990
7742460656690
7742493947190
7742527234590
7742560524390
7742593813190
7742627129090
7742660391690
7742693681290
7742726977090
7742760262190
7742793548890
7742826845090
7742860129190
7742893417390
7742926714190
7742960004990
7742993286390
7743026575490
7743059864290
7743093154990
7743126445190
7743159732390
7743193022990
7743226313390
7743259600390
7743292891290
7743326182890
7743359470690
7743392759290
7743426047490
7743459343790
7743492636890
7743525915590
7743559211590
7743592495090
7743625783990
7743659080590
7743692371890
7743725652390
7743758942690
7743792230490
7743825520790
7743858809290
7743892099190
7743925389290
7743958706490
7743991966690
7744025257490
7744058547190
7744091837790
7744125124990
7744158413990
7744191711590
7744224992490
7744258281890
7744291578090
7744324861390
7744358149890
7744391446990
7744424731690
7744458019790
7744491308690
7744524596990
7744557888390
7744591175790
7744624465290
7744657755690
7744691045590
7744724333490
7744757623790
7744790914090
7744824225890
7744857504290
7744890780290
7744924076690
7744957358790
7744990648590
7745023944290
7745057227990
7745090516390
7745123812990
7745157097090
7745190384390
7745223678690
7745256963390
7745290310490
7745323542290
7745356831290
7745390121990
7745423411290
7745456699290
7745489990390
7745523280090
7745556567990
7745589858090
7745623146590
7745656442690
7745689725890
7745723014790
7745756310690
7745789595090
7745822882690
7745856179290
7745889465390
7745922751090
7745956041290
7745989357790
7746022619390
7746055909490
7746089197990
7746122488390
7746155804290
7746189065990
7746222356490
7746255659790
7746288934090
7746322224490
7746355514190
7746388810090
7746422092190
7746455380990
7746488678090
7746521959690
7746555248990
7746588545690
7746621866090
7746655116890
7746688411290
7746721698390
7746754997690
7746788275890
7746821564090
7746854855890
7746888142990
7746921432590
7746954722490
7746988012090
7747021300390
7747054590890
7747087880690
7747121176490
7747154459090
7747187747690
7747221044790
7747254325690
7747287615690
7747320911890
7747354196790
7747387482990
7747420780690
7747454064790
7747487352090
7747520643790
7747553930490
7747587245590
7747620509490
7747653798690
7747687089190
7747720378790
7747753667090
7747786957190
7747820247490
7747853542090
7747886829090
7747920114190
7747953410090
7747986692490
7748019981790
7748053278290
7748086563090
7748119850190
7748153143890
7748186430490
7748219717990
7748253008490
7748286315090
7748319586590
7748352876590
7748386164990
7748419455790
7748452744390
7748486033290
7748519323790
7748552612990
7748585908590
7748619192190
7748652481390
7748685776690
7748719060190
7748752348290
7748785644990
7748818926690
7748852216190
7748885509990
7748918830590
7748952084590
7748985375090
7749018664590
7749051953590
7749085242990
7749118531590
7749151827290
7749185109990
7749218399690
7749251689990
7749284979290
7749318273090
7749351557890
7749384847490
7749418144690
7749451426390
7749484714990
7749518012990
7749551293190
7749584582990
7749617879290
7749651162190
7749684450890
7749717741190
7749751030790
7749784326790
7749817609290
7749850897890
7749884187990
7749917476890
7749950766090
7749984056390
7750017345390
7750050639390
7750083924690
7750117214690
7750150507890
7750183792590
7750217081090
7750250400390
7750283660090
7750316948990
7750350245590
7750383529990
7750416817390
7750450107590
7750483397290
7750516685290
7750549975990
7750583287990
7750616554190
7750649843990
7750683132790
7750716422590
7750749713090
7750783005490
7750816290990
7750849580890
7750882873990
7750916159090
7750949447990
7750982744090
7751016027490
7751049315690
7751082612290
7751115906790
7751149183690
7751182473790
7751215764690
7751249051690
7751282341990
7751315654090
7751348920790
7751382210790
7751415499090
7751448789290
7751482077390
7751515371590
7751548656790
7751581971190
7751615240290
7751648525790
7751681818090
7751715111190
7751748393690
7751781682290
7751814979190
7751848262390
7751881549890
7751914840390
7751948129790
7751981418290
7752014708290
7752047998290
7752081287990
7752114576090
7752147865090
7752181156490
7752214443590
7752247737890
7752281023990
7752314314190
7752347606690
7752380891690
7752414182490
7752447495990
7752480759590
7752514048590
7752547346090
7752580629190
7752613916490
7752647206590
7752680496190
7752713784790
7752747074990
7752780365190
7752813652290
7752846942990
7752880231590
7752913554490
7752946810490
7752980104290
7753013389990
7753046679490
7753079973390
7753113257790
7753146548490
7753179842090
7753213125790
7753246414790
7753279711190
7753312994490
7753346282490
7753379573090
7753412862890
7753446150990
7753479441290
7753512731190
7753546018990
7753579332390
7753612626690
7753645888190
7753679177690
7753712470390
7753745755990
7753779066890
7753812340290
7753845624490
7753878929690
7753912208190
7753945492890
7753978782090
7754012077990
7754045361090
7754078649290
7754111939490
7754145227990
7754178517390
7754211808190
7754245132590
7754278385290
7754311675790
7754344977390
7754378255290
7754411543790
7754444837090
7754478123490
7754511411090
7754544706090
7754577992590
7754611280090
7754644574990
7754677859190
7754711148790
7754744444990
7754777726690
7754811015490
7754844306590
7754877594490
7754910883690
7754944174390
7754977463090
7755010751690
7755044042190
7755077332590
7755110619690
7755143909590
7755177203490
7755210516790
7755243777390
7755277072990
7755310356690
7755343646790
7755376941090
7755410225490
7755443515490
7755476825690
7755510093390
7755543381990
7755576671890
7755609960790
7755643249790
7755676540990
7755709830590
7755743117790
7755776408390
7755809698590
7755842986090
7755876276090
7755909598290
7755942855290
7755976144790
7756009438690
7756042723490
7756076012890
7756109307390
7756142593390
7756175880990
7756209175390
7756242459990
7756275749690
7756309038690
7756342328390
7756375616290
7756408906990
7756442194490
7756475484190
7756508774690
7756542084890
7756575352190
7756608642990
7756641965090
7756675221690
7756708510890
7756741805490
7756775091090
7756808377890
7756841673290
7756874958190
7756908247190
7756941541590
7756974826090
7757008115390
7757041406090
7757074694590
7757107981990
7757141273990
7757174561090
7757207850890
7757241141190
7757274430390
7757307718790
7757341009190
7757374306590
7757407591090
7757440876990
7757474171290
7757507456290
7757540744790
7757574039990
7757607324590
7757640613890
7757673908190
7757707192790
7757740482690
7757773770190
7757807060890
7757840349090
7757873665590
7757906927690
7757940216790
7757973507590
7758006797590
7758040085190
7758073375490
7758106669190
7758139953590
7758173243390
7758206567890
7758239822490
7758273111590
7758306406590
7758339690790
7758372980890
7758406274890
7758439559190
7758472849390
7758506136390
7758539427190
7758572715190
7758606005890
7758639295390
7758672583390
7758705874290
7758739180890
7758772451190
7758805742190
7758839035690
7758872319890
7758905611590
7758938933590
7758972188690
7759005477690
7759038772490
7759072056990
7759105345690
7759138640590
7759171925390
7759205239690
7759238502290
7759271793490
7759305082690
7759338372190
7759371661990
7759404949490
7759438241690
7759471528690
7759504818090
7759538108590
7759571400690
7759604685990
7759637976490
7759671279890
7759704555990
7759737844890
7759771138890
7759804423990
7759837711490
7759871007290
7759904291690
7759937582390
7759970869290
7760004160190
7760037454190
7760070765890
7760104027490
7760137316090
7760170619090
7760203895090
7760237184390
7760270474890
7760303768490
7760337052190
7760370343190
7760403639190
7760436920490
7760470211190
7760503505790
7760536823290
7760570078390
7760603373590
7760636658190
7760669947190
7760703235490
7760736526190
7760769816590
7760803103790
7760836393790
7760869682590
7760902972790
7760936262790
7760969550790
7761002841490
7761036134990
7761069419090
7761102708890
7761136005590
7761169287290
7761202577390
7761235901790
7761269156090
7761302445990
7761335740490
7761369023990
7761402335390
7761435601990
7761468892690
7761502199190
7761535470590
7761568761790
7761602050190
7761635339590
7761668628390
7761701916790
7761735207690
7761768498490
7761801785390
7761835075490
7761868405890
7761901652990
7761934944190
7761968240290
7762001523890
7762034812090
7762068106690
7762101391090
7762134678790
7762167968490
7762201258790
7762234548190
7762267836790
7762301127090
7762334416690
7762367705690
7762400995690
7762434283490
7762467574190
7762500864790
7762534151790
7762567442290
7762600737490
7762634019490
7762667310290
7762700606590
7762733888190
7762767178590
7762800473190
7762833787390
7762867045790
7762900334390
7762933625190
7762966914090
7763000202690
7763033493390
7763066783390
7763100070890
7763133361690
7763166649990
7763199939890
7763233231590
7763266517990
7763299808190
7763333105890
7763366386090
7763399676590
7763432973490
7763466257390
7763499543890
7763532839490
7763566124690
7763599412790
7763632701090
7763665991690
7763699280990
7763732568990
7763765859590
7763799149190
7763832437290
7763865728190
7763899017290
7763932306390
7763965598690
7763998884290
7764032174690
7764065468890
7764098752290
7764132042990
7764165366390
7764198620390
7764231911090
7764265237490
7764298490690
7764331779690
7764365067590
7764398358390
7764431646390
7764464935590
7764498226090
7764531514690
7764564803590
7764598093990
7764631382990
7764664673390
7764697964990
7764731250790
7764764542090
7764797834890
7764831118990
7764864409390
7764897704190
7764930987090
7764964277190
7764997573690
7765030858990
7765064145690
7765097433990
7765130731490
7765164012790
7765197302090
7765230592590
7765263881190
7765297170190
7765330460490
7765363766790
7765397038090
7765430330990
7765463616990
7765496948790
7765530201690
7765563484990
7765596775290
7765630072790
7765663353290
7765696643290
7765729939490
7765763221790
7765796511290
7765829801490
7765863090590
7765896379490
7765929668190
7765962958690
7765996248990
7766029536490
7766062826690
7766096117090
7766129404190
7766162697090
7766195983590
7766229273690
7766262568990
7766295851490
7766329141990
7766362446990
7766395719590
7766429010090
7766462306190
7766495589090
7766528877590
7766562167990
7766595456790
7766628746790
7766662034990
7766695325190
7766728613190
7766761902690
7766795193490
7766828509890
7766861770790
7766895078490
7766928350890
7766961639790
7766994934990
7767028217890
7767061509690
7767094802590
7767128085690
7767161376690
7767194671890
7767227954390
7767261244690
7767294534090
7767327823790
7767361112390
7767394401090
7767427692190
7767460979690
7767494269290
7767527559490
7767560850190
7767594137190
7767627429490
7767660718190
7767694024990
7767727301290
7767760584590
7767793885690
7767827168890
7767860452390
7767893743290
7767927038690
7767960320590
7767993610990
7768026905290
7768060188490
7768093479090
7768126767190
7768160107290
7768193346190
7768226635490
7768259925690
7768293215390
7768326503790
7768359795990
7768393084290
7768426371590
7768459668090
7768492950890
7768526240690
7768559535990
7768592818690
7768626109390
7768659405790
7768692686790
7768725977590
7768759267590
7768792558090
7768825845590
7768859134190
7768892424190
7768925713990
7768959001990
7768992292490
7769025603290
7769058869890
7769092162290
7769125462690
7769158737790
7769192034390
7769225318090
7769258607590
7769291902090
7769325185490
7769358475590
7769391770490
7769425053290
7769458343890
7769491674090
7769524921190
7769558215090
7769591502490
7769624790890
7769658079990
7769691368390
7769724659490
7769757946990
7769791236390
7769824528090
7769857816090
7769891104490
7769924400090
7769957684390
7769990974290
7770024268990
7770057551390
7770090841990
7770124136790
7770157419790
7770190710190
7770223999590
7770257287890
7770290577890
7770323868490
7770357178590
7770390445890
7770423734790
7770457043890
7770490313790
7770523602990
7770556894590
7770590182590
7770623470890
7770656766890
7770690051890
7770723338990
7770756634890
7770789919590
7770823241590
7770856502590
7770889786090
7770923076790
7770956365890
7770989653890
7771022944890
7771056235190
7771089523590
7771122812790
7771156101090
7771189391290
7771222681590
7771255969490
7771289260690
7771322549490
7771355837290
7771389133190
7771422417590
7771455708790
7771489001490
7771522285590
7771555574390
7771588870390
7771622152590
7771655442890
7771688731390
7771722020690
7771755311190
7771788627690
7771821888690
7771855178890
7771888468990
7771921757790
7771955047090
7771988335990
7772021627390
7772054914390
7772088204190
7772121499790
7772154783190
7772188071190
7772221367590
7772254651490
7772287941990
7772321236290
7772354518990
7772387810090
7772421097490
7772454386690
7772487677190
7772520966690
7772554255190
7772587545190
7772620835090
7772654126190
7772687413590
7772720701690
7772753994090
7772787280690
7772820569990
7772853866290
7772887149490
7772920438090
7772953733990
7772987021990
7773020306190
7773053603790
7773086885090
7773120208690
7773153463690
7773186753290
7773220043490
7773253334090
7773286621690
7773319911890
7773353201090
7773386489690
7773419779790
7773453069190
7773486358990
7773519647890
7773552936190
7773586232790
7773619516690
7773652804290
7773686101090
7773719384990
7773752672590
7773785969290
7773819258990
7773852541590
7773885835190
7773919119590
7773952409990
7773985702090
7774018987390
7774052278290
7774085567390
7774118855790
7774152145990
7774185435390
7774218726590
7774252014190
7774285302490
7774318599790
7774351881890
7774385170890
7774418467090
7774451772690
7774485038690
7774518335990
7774551618890
7774584908290
7774618204490
7774651485990
7774684776890
7774718065190
7774751353990
7774784644690
7774817933490
7774851222190
7774884526090
7774917801990
7774951093390
7774984380690
7775017669290
7775050966990
7775084248690
7775117536990
7775150833590
7775184118190
7775217405490
7775250702290
7775283986690
7775317284690
7775350571890
7775383864990
7775417143590
7775450430690
7775483720690
7775517010990
7775550300290
7775583589290
7775616878990
7775650188990
7775683456390
7775716747190
7775750035590
7775783360390
7775816614490
7775849903490
7775883199690
7775916483190
7775949771790
7775983068390
7776016352490
7776049639590
7776082933790
7776116218990
7776149509190
7776182798090
7776216086590
7776249377090
7776282667190
7776315954690
7776349245690
7776382535890
7776415825790
7776449113490
7776482401790
7776515697690
7776548981590
7776582269890
7776615566290
7776648866290
7776682138290
7776715435090
7776748727590
7776782005890
7776815299890
7776848598690
7776881875590
7776915164790
7776948452890
7776981743990
7777015032190
7777048321090
7777081611990
7777114937690
7777148188890
7777181479790
7777214770290
7777248065290
7777281347890
7777314636490
7777347934190
7777381215290
7777414504990
7777447801090
7777481085990
7777514372790
7777547672690
7777580952490
7777614242290
7777647531290
7777680819690
7777714110890
7777747397890
7777780687790
7777813977990
7777847267090
7777880555690
7777913846590
7777947136190
7777980452090
7778013714690
7778047002490
7778080303990
7778113581490
7778146870790
7778180167390
7778213450590
7778246738990
7778280036090
7778313321090
7778346607190
7778379897790
7778413185590
7778446530490
7778479764690
7778513053990
7778546344590
7778579634190
7778612922390
7778646213190
7778679502790
7778712795790
7778746080990
7778779369490
7778812664990
7778845948790
7778879237190
7778912533990
7778945817990
7778979105390
7779012401990
7779045685290
7779078973390
7779112263790
7779145553890
7779178843190
7779212132490
7779245420790
7779278710890
7779312028190
7779345288690
7779378579090
7779411884690
7779445165190
7779478447290
7779511736890
7779545032590
7779578315790
7779611603590
7779644900590
7779678181990
7779711471590
7779744768090
7779778051290
7779811339690
7779844630390
7779877920090
7779911209690
7779944498490
7779977786490
7780011078190
7780044365290
7780077655290
7780110945490
7780144234490
7780177527790
7780210813890
7780244102790
7780277400390
7780310681490
7780343969590
7780377267190
7780410547990
7780443838290
7780477134790
7780510417490
7780543705890
7780576996890
7780610287190
7780643574790
7780676864590
7780710152890
7780743467690
7780776732090
7780810021790
7780843311790
7780876601990
7780909893990
7780943180290
7780976469690
7781009763790
7781043048090
7781076337390
7781109633090
7781142915190
7781176204490
7781209501490
7781242786890
7781276072590
7781309363490
7781342656890
7781375940090
7781409231090
7781442542090
7781475809690
7781509099490
7781542387790
7781575678290
7781608967690
7781642260390
7781675546190
7781708835890
7781742129790
7781775414190
7781808703590
7781841999690
7781875282790
7781908571090
7781941867590
7781975150990
7782008439190
7782041729890
7782075055790
7782108306590
7782141597190
7782174908490
7782208176090
7782241465590
7782274754490
7782308047390
7782341332590
7782374626190
7782407912690
7782441201390
7782474495790
7782507780790
7782541069990
7782574367190
7782607649190
7782640936990
7782674235790
7782707517290
7782740805090
7782774095590
7782807386190
7782840673990
7782873967690
7782907254590
7782940542390
7782973831690
7783007120190
7783040410990
7783073698690
7783106992590
7783140278790
7783173568090
7783206862090
7783240150690
7783273437290
7783306731290
7783340015790
7783373303990
7783406632690
7783439884090
7783473171690
7783506462290
7783539751290
7783573040190
7783606330290
7783639620090
7783672907790
7783706198190
7783739486890
7783772776790
7783806065990
7783839358890
7783872645190
7783905935590
7783939230590
7783972513490
7784005803890
7784039097190
7784072381790
7784105669990
7784138966890
7784172249890
7784205538090
7784238828690
7784272126290
7784305406090
7784338696390
7784371985590
7784405274290
7784438564190
7784471881690
7784505143690
7784538432490
7784571725290
7784605011790
7784638299890
7784671595890
7784704879790
7784738189990
7784771463190
7784804748490
7784838038790
7784871333590
7784904616190
7784937904590
7784971196190
7785004483590
7785037772790
7785071062990
7785104352090
7785137644490
7785170931190
7785204220490
7785237510590
7785270799290
7785304091390
7785337379090
7785370666290
7785403961890
7785437246190
7785470535390
7785503829990
7785537114090
7785570404090
7785603714590
7785636982390
7785670270690
7785703561690
7785736849890
7785770139290
7785803429490
7785836718490
7785870006890
7785903302990
7785936587490
7785969875190
7786003165290
7786036457890
7786069793890
7786103032790
7786136327890
7786169612690
7786202901990
7786236195990
7786269481990
7786302771290
7786336064890
7786369348890
7786402637190
7786435927690
7786469217390
7786502505090
7786535795590
7786569085190
7786602373090
7786635664290
7786668953390
7786702241490
7786735532090
7786768825490
7786802110490
7786835399590
7786868694290
7786901978890
7786935289490
7786968562490
7787001847190
7787035150390
7787068431090
7787101715290
7787135004390
7787168293490
7787201583490
7787234871590
7787268162190
7787301450390
7787334740290
7787368029990
7787401372890
7787434607590
7787467898790
7787501191690
7787534477390
7787567766390
7787601060190
7787634346490
7787667633590
7787700928790
7787734213690
7787767502890
7787800797790
7787834081490
7787867371090
7787900660990
7787933949790
7787967237590
7788000529190
7788033816490
7788067106390
7788100396490
7788133685490
7788166974190
7788200264790
7788233558890
7788266864590
7788300132390
7788333427790
7788366731190
7788399999690
7788433295090
7788466579890
7788499870090
7788533163790
7788566448090
7788599737790
7788633025690
7788666316090
7788699604890
7788732894990
7788766183390
7788799472690
7788832763190
7788866053290
7788899340590
7788932634290
7788965925790
7788999208390
7789032499490
7789065793690
7789099077790
7789132367390
7789165661690
7789198945990
7789232235990
7789265530090
7789298814490
7789332105490
7789365392090
7789398682990
7789431971990
7789465260790
7789498550790
7789531838990
7789565128890
7789598417690
7789631706790
7789664997390
7789698315590
7789731575090
7789764865590
7789798189290
7789831444190
7789864733790
7789898027690
7789931314890
7789964600590
7789997896190
7790031180990
7790064469890
7790097757990
7790131048890
7790164338490
7790197628390
7790230916790
7790264204990
7790297496690
7790330783790
7790364073290
7790397363790
7790430656890
7790463941690
7790497231890
7790530528790
7790563810590
7790597100190
7790630394790
7790663678990
7790696967090
7790730262990
7790763546990
7790796836390
7790830127690
7790863415890
7790896705690
7790929992990
7790963283290
7790996571790
7791029894890
7791063150390
7791096439590
7791129730090
7791163023290
7791196307990
7791229599690
7791262895590
7791296175990
7791329466490
7791362760790
7791396044790
7791429333890
7791462629090
7791495913590
7791529203690
7791562491190
7791595789690
7791629072090
7791662359590
7791695649390
7791728938190
7791762228190
7791795517690
7791828805990
7791862096690
7791895393390
7791928674490
7791961964690
7791995260590
7792028542490
7792061832690
7792095156990
7792128411390
7792161700490
7792194995190
7792228279990
7792261567890
7792294857290
7792328147890
7792361457890
7792394725290
7792428016290
7792461305590
7792494594790
7792527884290
7792561173090
7792594464090
7792627753590
7792661040690
7792694331490
7792727628990
7792760909390
7792794199190
7792827494790
7792860778790
7792894067290
7792927361890
7792960647290
7792993934190
7793027223890
7793060514490
7793093803790
7793127092090
7793160382590
7793193673090
7793226969390
7793260250190
7793293539290
7793326829290
7793360119590
7793393407090
7793426697590
7793459993190
7793493275190
7793526565290
7793559862290
7793593143990
7793626433790
7793659728290
7793693041590
7793726300990
7793759590490
7793792880790
7793826170390
7793859459590
7793892748990
7793926039090
7793959326490
7793992616890
7794025905090
7794059195890
7794092486090
7794125773590
7794159063690
7794192360290
7794225641990
7794258932090
7794292228190
7794325509790
7794358800090
7794392096290
7794425380490
7794458668590
7794491956790
7794525246890
7794558550790
7794591824790
7794625115590
7794658409190
7794691693090
7794724983090
7794758272490
7794791562090
7794824853490
7794858139690
7794891430390
7794924724590
7794958007890
7794991298390
7795024643390
7795057876090
7795091165790
7795124462690
7795157747290
7795191034890
7795224322690
7795257614290
7795290902390
7795324191090
7795357481390
7795390774290
7795424059790
7795457349690
7795490638990
7795523928990
7795557219590
7795590506090
7795623797290
7795657090090
7795690374790
7795723664590
7795756960090
7795790242290
7795823533590
7795856830490
7795890133090
7795923400690
7795956689790
7795989986690
7796023268390
7796056557390
7796089847890
7796123138290
7796156446190
7796189715690
7796223006290
7796256294390
7796289585490
7796322872690
7796356219990
7796389457290
7796422740790
7796456030890
7796489327290
7796522608890
7796555899590
7796589195790
7796622477090
7796655767090
7796689055690
7796722346090
7796755635190
7796788923690
7796822214290
7796855504690
7796888791890
7796922082790
7796955372290
7796988660190
7797021951990
7797055238790
7797088529190
7797121824690
7797155107190
7797188397790
7797221713890
7797254975490
7797288269490
7797321568590
7797354843790
7797388133390
7797421423290
7797454712390
7797488001490
7797521290590
7797554580690
7797587869390
7797621158490
7797654449290
7797687769090
7797721025890
7797754317890
7797787606890
7797820896690
7797854190890
7797887473490
7797920765190
7797954058390
7797987341990
7798020631690
7798053928790
7798087209590
7798120500590
7798153793990
7798187079090
7798220368490
7798253656890
7798286947590
7798320235690
7798353524890
7798386815390
7798420104190
7798453393190
7798486684190
7798519973890
7798553283690
7798586557190
7798619840190
7798653149790
7798686423990
7798719708290
7798752998490
7798786294690
7798819575990
7798852866890
7798886164190
7798919444290
7798952734290
7798986023290
7799019312690
7799052601990
7799085891390
7799119181890
7799152472290
7799185762990
7799219050690
7799252340490
7799285627190
7799318923690
7799352206090
7799385496590
7799418792290
7799452182990
7799485364690
7799518661090
7799551942790
7799585233290
7799618522690
7799651811190
7799685101090
7799718390590
7799751679690
7799784969090
7799818257990
7799851548090
7799884836290
7799918126090
7799951419090
7799984731490
7800017993690
7800051290090
7800084573890
7800117863190
7800151157890
7800184440790
7800217731490
7800251025990
7800284308790
7800317599090
7800350887890
7800384176990
7800417467490
7800450757390
7800484046490
7800517335190
7800550624090
7800583914890
7800617202590
7800650492090
7800683783190
7800717071490
7800750360090
7800783656390
7800816940490
7800850229090
7800883524090
7800916807190
7800950097790
7800983392190
7801016675590
7801049966090
7801083281990
7801116543190
7801149834390
7801183124290
7801216411490
7801249701690
7801282990790
7801316317890
7801349569090
7801382858990
7801416149190
7801449437890
7801482726390
7801516022490
7801549307390
7801582594590
7801615891190
7801649173490
7801682463590
7801715758790
7801749041890
7801782332090
7801815629090
7801848910090
7801882200390
7801915489490
7801948778190
7801982068490
7802015358190
7802048646790
7802081937090
7802115224990
7802148515290
7802181804590
7802215093090
7802248389090
7802281672590
7802314961390
7802348256990
7802381541290
7802414829890
7802448126390
7802481407990
7802514698390
7802547986790
7802581275990
7802614566790
7802647893290
7802681143790
7802714434690
7802747723990
7802781013490
7802814302690
7802847591390
7802880883690
7802914169890
7802947459590
7802980755590
7803014041390
7803047327690
7803080623690
7803113907390
7803147197590
7803180492490
7803213776090
7803247065990
7803280353390
7803313642590
7803346932790
7803380221990
7803413511090
7803446801290
7803480098790
7803513391990
7803546669190
7803579957290
7803613248690
7803646536190
7803679825390
7803713121790
7803746406390
7803779693590
7803812990290
7803846274990
7803879562290
7803912858590
7803946149490
7803979468790
7804012719590
7804046009290
7804079299590
7804112588890
7804145892090
7804179167490
7804212457590
7804245745290
7804279035490
7804312323790
7804345614390
7804378902990
7804412192290
7804445488090
7804478772390
7804512060490
7804545355990
7804578640990
7804611928290
7804645225090
7804678514790
7804711797690
7804745090090
7804778375390
7804811665790
7804844973990
7804878243090
7804911533890
7804944823490
7804978111890
7805011402490
7805044691690
7805077980890
7805111269990
7805144558890
7805177854990
7805211137490
7805244426690
7805277741290
7805311056390
7805344294590
7805377591490
7805410876490
7805444164090
7805477459490
7805510742090
7805544033090
7805577320690
7805610609590
7805643900090
7805677190190
7805710478090
7805743768190
7805777058690
7805810348690
7805843636490
7805876924890
7805910222290
7805943503590
7805976793290
7806010089090
7806043374690
7806076661390
7806109958090
7806143241890
7806176548690
7806209826090
7806243108090
7806276404790
7806309686590
7806342976190
7806376266490
7806409556290
7806442844590
7806476134790
7806509424890
7806542712690
7806576002790
7806609291390
7806642636190
7806675869990
7806709159190
7806742455590
7806775739490
7806809028790
7806842324390
7806875608290
7806908895790
7806942188790
7806975486690
7807008764790
7807042054290
7807075342790
7807108633190
7807141923090
7807175214190
7807208501290
7807241791390
7807275079090
7807308369490
7807341658890
7807374952890
7807408237890
7807441525590
7807474822190
7807508126890
7807541394190
7807574690590
7807607991090
7807641261790
7807674558690
7807707842190
7807741131290
7807774420790
7807807709190
7807840999690
7807874287990
7807907577190
7807940868290
7807974214090
7808007445390
7808040736090
7808074025490
7808107321590
7808140603690
7808173892490
7808207190290
7808240470290
7808273760390
7808307056590
7808340339190
7808373628190
7808406925190
7808440207990
7808473498190
7808506786690
7808540075290
7808573366290
7808606654090
7808639943690
7808673233790
7808706523090
7808739811790
7808773102190
7808806392690
7808839706990
7808872969990
7808906258790
7808939566790
7808972837490
7809006126290
7809039423190
7809072722590
7809105994890
7809139291590
7809172575590
7809205862990
7809239153490
7809272441790
7809305765290
7809339020690
7809372309490
7809405600490
7809438890590
7809472177990
7809505468290
7809538757890
7809572051990
7809605336890
7809638626190
7809671921290
7809705204790
7809738493090
7809771789690
7809805072790
7809838375990
7809871657990
7809904941190
7809938229090
7809971519790
7810004825390
7810038098290
7810071387290
7810104676190
7810137966690
7810171254690
7810204544390
7810237834190
7810271142790
7810304415690
7810337703090
7810370992390
7810404288190
7810437571090
7810470859390
7810504156390
7810537437790
7810570727290
7810604023990
7810637306790
7810670595090
7810703886090
7810737175690
7810770465590
7810803753990
7810837042590
7810870333990
7810903621290
7810936910890
7810970220090
7811003490690
7811036782990
7811070069190
7811103358990
7811136654490
7811169937190
7811203225590
7811236522490
7811269803990
7811303093890
7811336390390
7811369674690
7811402962290
7811436252590
7811469544290
7811502830190
7811536120790
7811569431090
7811602729390
7811635987590
7811669277390
7811702567690
7811735856990
7811769148990
7811802435290
7811835726490
7811869018890
7811902303690
7811935592590
7811968887990
7812002171790
7812035460190
7812068756990
7812102042490
7812135328590
7812168618490
7812201908990
7812235196690
7812268487290
7812301797890
7812335065590
7812368354590
7812401643590
7812434933990
7812468223090
7812501515190
7812534801590
7812568091590
7812601385790
7812634669890
7812667959690
7812701255090
7812734538490
7812767826490
7812801123690
7812834405490
7812867698490
7812900985490
7812934294990
7812967562490
7813000853090
7813034142890
7813067432190
7813100721690
7813134010090
7813167301090
7813200588390
7813233881190
7813267167790
7813300458890
7813333751890
7813367036790
7813400327090
7813433622090
7813466904390
7813500193090
7813533490990
7813566773490
7813600061090
7813633351490
7813666640890
7813699929190
7813733219490
7813766509090
7813799806590
7813833088090
7813866375890
7813899668090
7813932954790
7813966247290
7813999534690
7814032824190
7814066117890
7814099402590
7814132693490
7814165986390
7814199271590
7814232559090
7814265883590
7814299139990
7814332427390
7814365718190
7814399006990
7814432295790
7814465586090
7814498876190
7814532163990
7814565453990
7814598742290
7814632032790
7814665321790
7814698613990
7814731901290
7814765194190
7814798484190
7814831768990
7814865059690
7814898353090
7814931637390
7814964925990
7814998222590
7815031505890
7815064793790
7815098084290
7815131389390
7815164661690
7815197952490
7815231243590
7815264529590
7815297820590
7815331110490
7815364398890
7815397688890
7815430981290
7815464267390
7815497555590
7815530850990
7815564135090
7815597453390
7815630718890
7815664003590
7815697293790
7815730589490
7815763871890
7815797160190
7815830451990
7815863738790
7815897027990
7815930318490
7815963607790
7815996896490
7816030186590
7816063476390
7816096766090
7816130055690
7816163345990
7816196634690
7816229922390
7816263217290
7816296502190
7816329790890
7816363084990
7816396369690
7816429660490
7816462975890
7816496237990
7816529526890
7816562828690
7816596105290
7816629394790
7816662688090
7816695974090
7816729262790
7816762553390
7816795843290
7816829131390
7816862421890
7816895712890
7816929032890
7816962288290
7816995583690
7817028868190
7817062158490
7817095451390
7817128736190
7817162025690
7817195320490
7817228604490
7817261894290
7817295183090
7817328473190
7817361760890
7817395051990
7817428340990
7817461629290
7817494919390
7817528209290
7817561497090
7817594787790
7817628108190
7817661366190
7817694656090
7817727949890
7817761234790
7817794545590
7817827818090
7817861102890
7817894409490
7817927687090
7817960970990
7817994260090
7818027549590
7818060839490
7818094127190
7818127418090
7818160705990
7818194013590
7818227286590
7818260574790
7818293863790
7818327154390
7818360446090
7818393733890
7818427022390
7818460316390
7818493602190
7818526888890
7818560183890
7818593469390
7818626758490
7818660052790
7818693336690
7818726626690
7818759916090
7818793205590
7818826493790
7818859784490
7818893072690
7818926361590
7818959652090
7818992942690
7819026229790
7819059520590
7819092813990
7819126098590
7819159388590
7819192712490
7819225994390
7819259255790
7819292551390
7819325835390
7819359124790
7819392419490
7819425703290
7819458993890
7819492280890
7819525571790
7819558859790
7819592150190
7819625438690
7819658728490
7819692018990
7819725308990
7819758596490
7819791886990
7819825180090
7819858464390
7819891755090
7819925078590
7819958333390
7819991622790
7820024917290
7820058201490
7820091491390
7820124786390
7820158070190
7820191359290
7820224647790
7820257937490
7820291226690
7820324517190
7820357806890
7820391094690
7820424385590
7820457673390
7820490963190
7820524253590
7820557581890
7820590830790
7820624121390
7820657445490
7820690699790
7820723989490
7820757283590
7820790568990
7820823856690
7820857155190
7820890435890
7820923726890
7820957013690
7820990304590
7821023594890
7821056884290
7821090172090
7821123461090
7821156752390
7821190039690
7821223329190
7821256619690
7821289910590
7821323197490
7821356487790
7821389783690
7821423068990
7821456355890
7821489649790
7821522934990
7821556223290
7821589518590
7821622802990
7821656091790
7821689380390
7821722670690
7821755961390
7821789248490
7821822538690
7821855826990
7821889158990
7821922405990
7821955695590
7821988986090
7822022277790
7822055563790
7822088854190
7822122150490
7822155431790
7822188722490
7822222016590
7822255300690
7822288590290
7822321885190
7822355169090
7822388475790
7822421746890
7822455037290
7822488327790
7822521614490
7822554905190
7822588193990
7822621483890
7822654773690
7822688061890
7822721352090
7822754657290
7822787930190
7822821220490
7822854516390
7822887797790
7822921088890
7822954384490
7822987667190
7823020957190
7823054251390
7823087535690
7823120824090
7823154113490
7823187404090
7823220717290
7823253981290
7823287271590
7823320561290
7823353850490
7823387140490
7823420428090
7823453719890
7823487008390
7823520296290
7823553587090
7823586881190
7823620164690
7823653454790
7823686750690
7823720034690
7823753322890
7823786617490
7823819902490
7823853190590
7823886479690
7823919769990
7823953058690
7823986348390
7824019638290
7824052928090
7824086241990
7824119505890
7824152794390
7824186089390
7824219374090
7824252663090
7824285957090
7824319248890
7824352530790
7824385821690
7824419117890
7824452399090
7824485689690
7824518984390
7824552319790
7824585556890
7824618846090
7824652136490
7824685426490
7824718713890
7824752004690
7824785293490
7824818582490
7824851872690
7824885162190
7824918451190
7824951741190
7824985029190
7825018319690
7825051615390
7825084897190
7825118187990
7825151484290
7825184764990
7825218055690
7825251382690
7825284634290
7825317924490
7825351212490
7825384502790
7825417816690
7825451080290
7825484370790
7825517673390
7825550947990
7825584238990
7825617528590
7825650817590
7825684107990
7825717395490
7825750685790
7825783980490
7825817263690
7825850553690
7825883879990
7825917131290
7825950421890
7825983717790
7826017002090
7826050290490
7826083578990
7826116869890
7826150157190
7826183450090
7826216737290
7826250026690
7826283315190
7826316605690
7826349895090
7826383184490
7826416474490
7826449762190
7826483052790
7826516346090
7826549630290
7826582920090
7826616216990
7826649497990
7826682788390
7826716085390
7826749388790
7826782656690
7826815945090
7826849263090
7826882523490
7826915813290
7826949103790
7826982392990
7827015681290
7827048971890
7827082262290
7827115549290
7827148840490
7827182128090
7827215418490
7827248712290
7827281996190
7827315286690
7827348583790
7827381864590
7827415155090
7827448451990
7827481732290
7827515022990
7827548311290
7827581601590
7827614891490
7827648179690
7827681470090
7827714759290
7827748047990
7827781338390
7827814627790
7827847915790
7827881207090
7827914494790
7827947784790
7827981079690
7828014362690
7828047653390
7828080972290
7828114231090
7828147520390
7828180844290
7828214098590
7828247389790
7828280682490
7828313968290
7828347257490
7828380545990
7828413837790
7828447124790
7828480414290
7828513704390
7828546995090
7828580282090
7828613573290
7828646863290
7828680152090
7828713446690
7828746729590
7828780020590
7828813313490
7828846597290
7828879887190
7828913183090
7828946465490
7828979755890
7829013048890
7829046339090
7829079624290
7829112912790
7829146202290
7829179491090
7829212780590
7829246070990
7829279359790
7829312648990
7829345939190
7829379229390
7829412516590
7829445812990
7829479095790
7829512424190
7829545679790
7829578963790
7829612267590
7829645550590
7829678831690
7829712122090
7829745419390
7829778700090
7829811990490
7829845278590
7829878569090
7829911858690
7829945146590
7829978437290
7830011727190
7830045014690
7830078305490
7830111595690
7830144883090
7830178179090
7830211461890
7830244752290
7830278047090
7830311329890
7830344620090
7830377924490
7830411198390
7830444488090
7830477784990
7830511067590
7830544356590
7830577646490
7830610935490
7830644224790
7830677513190
7830710804190
7830744095490
7830777381390
7830810671790
7830843993790
7830877249190
7830910545190
7830943829490
7830977118790
7831010413490
7831043696290
7831076987890
7831110281190
7831143564990
7831176854390
7831210147490
7831243432590
7831276722890
7831310012890
7831343302390
7831376591090
7831409879690
7831443170790
7831476458490
7831509748890
7831543038390
7831576327090
7831609615690
7831642911790
7831676195490
7831709500990
7831742780390
7831776062690
7831809356790
7831842647690
7831875930690
7831909221590
7831942517790
7831975798890
7832009089190
7832042379690
7832075667290
7832108957990
7832142246090
7832175586590
7832208824790
7832242113890
7832275404290
7832308695090
7832341982190
7832375277990
7832408561790
7832441850790
7832475146490
7832508430490
7832541719690
7832575014990
7832608297590
7832641591590
7832674884090
7832708165090
7832741455590
7832774746190
7832808033090
7832841324490
7832874613490
7832907902790
7832941191890
7832974480490
7833007770890
7833041081790
7833074348690
7833107644190
7833140944290
7833174216790
7833207512590
7833240796090
7833274086490
7833307381990
7833340664290
7833373954290
7833407246290
7833440531990
7833473821990
7833507151190
7833540399690
7833573690090
7833606979890
7833640269090
7833673558190
7833706846690
7833740138490
7833773425490
7833806714990
7833840010490
7833873294690
7833906582790
7833939878990
7833973162990
7834006452690
7834039747790
7834073031990
7834106321290
7834139612190
7834172898590
7834206188490
7834239479190
7834272766690
7834306056490
7834339347090
7834372656590
7834405924790
7834439213290
7834472520190
7834505791690
7834539084690
7834572376390
7834605660590
7834638949390
7834672245590
7834705530290
7834738816990
7834772114290
7834805395990
7834838720090
7834871978390
7834905264490
7834938555190
7834971844390
7835005132590
7835038422890
7835071713390
7835105001290
7835138291390
7835171579690
7835204869790
7835238159390
7835271447490
7835304742990
7835338027990
7835371315890
7835404612590
7835437895890
7835471184290
7835504480490
7835537769090
7835571053390
7835604348890
7835637630690
7835670921490
7835704238390
7835737498890
7835770789790
7835804115990
7835837366890
7835870656890
7835903946990
7835937235590
7835970525890
7836003814490
7836037109590
7836070393190
7836103682490
7836136978390
7836170263090
7836203550090
7836236847090
7836270132790
7836303420090
7836336714990
7836369997390
7836403288690
7836436575990
7836469865690
7836503155590
7836536444990
7836569733490
7836603023690
7836636313690
7836669602990
7836702892190
7836736180090
7836769475990
7836802758990
7836836048690
7836869344790
7836902628490
7836935916690
7836969212790
7837002497190
7837035784490
7837069081590
7837102363590
7837135683690
7837168942390
7837202231090
7837235522290
7837268811490
7837302099890
7837335390190
7837368680790
7837401968190
7837435258490
7837468546890
7837501840590
7837535126690
7837568414990
7837601711490
7837634995990
7837668282790
7837701579590
7837734864090
7837768151090
7837801447890
7837834741490
7837868020190
7837901309990
7837934598090
7837967891490
7838001177490
7838034465690
7838067756690
7838101045890
7838134334190
7838167624290
7838200914490
7838234208290
7838267492890
7838300781290
7838334077890
7838367359790
7838400649590
7838433945990
7838467249190
7838500517390
7838533814090
7838567097490
7838600386590
7838633676890
7838666964690
7838700255490
7838733543090
7838766832990
7838800122890
7838833411890
7838866700590
7838899990990
7838933280890
7838966575390
7838999858890
7839033147190
7839066444790
7839099726590
7839133015390
7839166312090
7839199595790
7839232883890
7839266180090
7839299464090
7839332756990
7839366042690
7839399330790
7839432621290
7839465909890
7839499200990
7839532489590
7839565778990
7839599067290
7839632357490
7839665647690
7839698940390
7839732225290
7839765513990
7839798833590
7839832092690
7839865397190
7839898678290
7839931962890
7839965250290
7839998546690
7840031830390
7840065118490
7840098408890
7840131712990
7840164987190
7840198277090
7840231565090
7840264857490
7840298146390
7840331433490
7840364724090
7840398013990
7840431304890
7840464591390
7840497880490
7840531176090
7840564460190
7840597748290
7840631045290
7840664339990
7840697616590
7840730913390
7840764197390
7840797484690
7840830775190
7840864080190
7840897353790
7840930643690
7840963931790
7840997222190
7841030510690
7841063799990
7841097090090
7841130410090
7841163670790
7841196958690
7841230247790
7841263543190
7841296826090
7841330114890
7841363412390
7841396695090
7841429982990
7841463279790
7841496562690
7841529850690
7841563141390
7841596431290
7841629721290
7841663009590
7841696297890
7841729589290
7841762891690
7841796166490
7841829456690
7841862747290
7841896037590
7841929324190
7841962615290
7841995928790
7842029192790
7842062481090
7842095778190
7842129059590
7842162349290
7842195646290
7842228929190
7842262217490
7842295507690
7842328798190
7842362085190
7842395376190
7842428664590
7842462004190
7842495243090
7842528532290
7842561822490
7842595112890
7842628403890
7842661690490
7842694981490
7842728275090
7842761559090
7842794847490
7842828143490
7842861427290
7842894715790
7842928012490
7842961296090
7842994583890
7843027874190
7843061164390
7843094451690
7843127742490
7843161051690
7843194320890
7843227610190
7843260898890
7843294189490
7843327506490
7843360769790
7843394056990
7843427359790
7843460640690
7843493925790
7843527214990
7843560511190
7843593794090
7843627081890
7843660379290
7843693660690
7843726950190
7843760240590
7843793531490
7843826818690
7843860108990
7843893398790
7843926687290
7843959976590
7843993265390
7844026556990
7844059844090
7844093136390
7844126423190
7844159712890
7844193006990
7844226291790
7844259581590
7844292878090
7844326159790
7844359448390
7844392746390
7844426030790
7844459316990
7844492606990
7844525896490
7844559184490
7844592475090
7844625765590
7844659075390
7844692342990
7844725631890
7844758939790
7844792210190
7844825502790
7844858789690
7844892079290
7844925373290
7844958658190
7844991948290
7845025241690
7845058526190
7845091814890
7845125145090
7845158393290
7845191683090
7845224973090
7845258263690
7845291550990
7845324841590
7845358131790
7845391418890
7845424709690
7845458024290
7845491288290
7845524577790
7845557868390
7845591156190
7845624446090
7845657739990
7845691024490
7845724314090
7845757607690
7845790893190
7845824182790
7845857478390
7845890761290
7845924049290
7845957339790
7845990650090
7846023917390
7846057207990
7846090527190
7846123785690
7846157075990
7846190391690
7846223654090
7846256944690
7846290234990
7846323541590
7846356811190
7846390106490
7846423391290
7846456719790
7846489974490
7846523259190
7846556548990
7846589848890
7846623127190
7846656415590
7846689706890
7846722994390
7846756284590
7846789574290
7846822863290
7846856152190
7846889442190
7846922732090
7846956021290
7846989310590
7847022600890
7847055890190
7847089177690
7847122472690
7847155757290
7847189046990
7847222341090
7847255625690
7847288916190
7847322232490
7847355494390
7847388782090
7847422101690
7847455361090
7847488650490
7847521940590
7847555231290
7847588518190
7847621810790
7847655097990
7847688387090
7847721676490
7847754997290
7847788255690
7847821544090
7847854840090
7847888124190
7847921413790
7847954709090
7847987992290
7848021282490
7848054575290
7848087860090
7848121148690
7848154438390
7848187728590
7848221032290
7848254306590
7848287597990
7848320884890
7848354175190
7848387464690
7848420752990
7848454042790
7848487362790
7848520621790
7848553911290
7848587205690
7848620490490
7848653778690
7848687073790
7848720358290
7848753680290
7848786941790
7848820226590
7848853515890
7848886804990
7848920094590
7848953382790
7848986674590
7849019961390
7849053251390
7849086541890
7849119830990
7849153118990
7849186409090
7849219700890
7849252989490
7849286277990
7849319571790
7849352857290
7849386144690
7849419439890
7849452724690
7849486015290
7849519308790
7849552592990
7849585883590
7849619176690
7849652461190
7849685748890
