8324825059390
8324858352890
8324891638690
8324924927690
8324958214690
8324991505290
8325024793890
8325058083790
8325091373990
8325124661790
8325157952690
8325191263490
8325224529890
8325257820790
8325291127590
8325324398290
8325357688790
8325391012090
8325424267490
8325457556490
8325490850590
8325524135890
8325557423690
8325590719590
8325624003690
8325657325790
8325690580890
8325723871690
8325757161390
8325790452490
8325823740190
8325857028090
8325890319690
8325923606690
8325956896490
8325990187190
8326023476290
8326056764590
8326090054890
8326123353690
8326156633390
8326189922390
8326223217190
8326256502290
8326289789990
8326323085690
8326356371590
8326389660190
8326422947490
8326456238090
8326489528590
8326522815790
8326556106190
8326589394590
8326622714390
8326655973390
8326689262590
8326722553290
8326755843690
8326789130690
8326822421490
8326855717990
8326888998590
8326922289190
8326955583690
8326988868090
8327022156990
8327055452290
8327088736490
8327122025990
8327155313990
8327188604590
8327221894690
8327255181990
8327288472290
8327321761090
8327355051090
8327388340490
8327421628890
8327454919090
8327488221690
8327521497390
8327554787490
8327588082890
8327621365090
8327654655690
8327687979690
8327721233990
8327754523490
8327787818390
8327821102690
8327854391490
8327887679990
8327920970390
8327954282890
8327987547990
8328020841990
8328054128690
8328087417490
8328120707090
8328153994990
8328187287090
8328220573990
8328253863390
8328287153890
8328320450390
8328353731490
8328387022290
8328420321190
8328453601090
8328486890190
8328520184490
8328553469690
8328586757090
8328620046490
8328653337090
8328686626190
8328719914490
8328753205490
8328786495590
8328819811890
8328853073190
8328886361990
8328919667190
8328952940890
8328986229790
8329019520290
8329052815490
8329086098090
8329119388290
8329152711490
8329185965990
8329219256590
8329252551090
8329285868690
8329319123290
8329352416590
8329385703490
8329418996390
8329452281290
8329485571490
8329518861490
8329552148890
8329585439590
8329618727890
8329652018090
8329685307790
8329718596090
8329751886590
8329785181290
8329818464290
8329851754490
8329885050490
8329918332290
8329951622590
8329984948390
8330018201390
8330051491390
8330084778990
8330118069990
8330151357690
8330184647390
8330217937890
8330251252890
8330284515390
8330317806290
8330351095790
8330384385090
8330417674290
8330450962190
8330484256190
8330517546090
8330550830390
8330584120790
8330617415490
8330650698390
8330683992590
8330717284790
8330750568190
8330783857090
8330817148990
8330850436990
8330883724290
8330917013890
8330950304390
8330983593190
8331016881790
8331050172490
8331083461990
8331116754090
8331150039890
8331183328690
8331216619690
8331249912290
8331283196590
8331316487290
8331349782790
8331383064790
8331416355090
8331449653090
8331482932590
8331516223690
8331549515190
8331582828990
8331616090790
8331649379790
8331682670190
8331715959990
8331749247890
8331782538990
8331815828690
8331849115790
8331882405990
8331915694990
8331948985390
8331982278890
8332015563090
8332048853490
8332082149990
8332115431090
8332148721390
8332182017190
8332215299190
8332248589490
8332281885790
8332315168690
8332348458190
8332381746290
8332415036890
8332448346390
8332481614290
8332514904990
8332548202290
8332581485390
8332614772690
8332648062290
8332681351890
8332714645290
8332747929090
8332781219790
8332814514090
8332847797790
8332881088190
8332914414890
8332947665390
8332980956090
8333014252390
8333047535390
8333080823890
8333114112690
8333147403890
8333180691390
8333213980590
8333247271090
8333280560490
8333313848390
8333347141490
8333380428890
8333413717990
8333447011490
8333480295990
8333513586690
8333546879990
8333580163790
8333613453890
8333646749890
8333680032090
8333713322390
8333746619790
8333779899990
8333813189690
8333846478990
8333879799790
8333913057590
8333946347090
8333979637390
8334012927790
8334046215290
8334079505590
8334112794590
8334146082490
8334179378090
8334212661990
8334245951990
8334279246490
8334312530290
8334345820690
8334379117490
8334412397890
8334445688490
8334478988690
8334512266090
8334545556390
8334578845190
8334612136990
8334645425390
8334678713390
8334712003390
8334745293890
8334778581390
8334811871790
8334845161090
8334878449290
8334911743590
8334945028190
8334978318590
8335011612890
8335044895990
8335078186890
8335111481290
8335144763790
8335178054690
8335211387290
8335244632690
8335277923090
8335311212390
8335344501690
8335377790990
8335411079590
8335444370590
8335477658490
8335510947590
8335544237790
8335577527190
8335610815490
8335644110690
8335677395090
8335710685690
8335743979990
8335777262390
8335810553890
8335843846890
8335877130490
8335910420990
8335943717790
8335976998790
8336010288890
8336043580190
8336076886690
8336110157490
8336143445690
8336176743190
8336210024890
8336243314490
8336276604090
8336309893690
8336343181790
8336376490090
8336409762690
8336443049590
8336476346290
8336509628990
8336542975690
8336576213390
8336609496590
8336642787890
8336676083090
8336709364890
8336742655790
8336775945990
8336809233490
8336842523390
8336875812190
8336909102190
8336942391790
8336975680190
8337008970390
8337042260390
8337075548290
8337108842690
8337142128490
8337175416190
8337208712390
8337241995390
8337275285290
8337308580990
8337341863390
8337375153690
8337408470590
8337441731490
8337475022090
8337508340190
8337541599590
8337574889390
8337608179490
8337641468590
8337674757790
8337708046990
8337741336890
8337774625290
8337807914490
8337841208790
8337874495390
8337907782190
8337941080290
8337974363190
8338007652990
8338040946590
8338074229590
8338107520690
8338140814690
8338174099390
8338207388090
8338240676990
8338273981190
8338307255490
8338340545790
8338373841790
8338407124290
8338440412690
8338473702790
8338506991290
8338540280990
8338573574690
8338606860490
8338640149090
8338673444990
8338706729390
8338740016590
8338773312890
8338806595790
8338839927290
8338873181090
8338906463790
8338939754390
8338973044090
8339006332490
8339039631490
8339072912790
8339106200390
8339139490290
8339172778890
8339206069490
8339239358790
8339272647290
8339305941090
8339339227190
8339372515290
8339405811190
8339439095790
8339472383690
8339505679290
8339538967390
8339572252090
8339605548290
8339638830090
8339672120890
8339705435590
8339738698190
8339771988990
8339805286290
8339838566890
8339871856690
8339905146690
8339938435590
8339971725290
8340005013490
8340038308490
8340071592290
8340104881090
8340138177590
8340171494990
8340204749690
8340238045890
8340271329390
8340304618590
8340337914290
8340371196590
8340404487890
8340437775790
8340471064690
8340504355090
8340537644590
8340570932790
8340604222690
8340637512590
8340670801890
8340704091390
8340737380090
8340770674490
8340803958290
8340837247990
8340870543890
8340903827290
8340937115890
8340970411890
8341003696890
8341036983890
8341070280190
8341103562890
8341136878390
8341170141190
8341203430890
8341236721290
8341270010790
8341303298990
8341336591490
8341369879890
8341403167290
8341436457090
8341469746190
8341503039790
8341536325690
8341569614190
8341602910190
8341636195090
8341669482090
8341702781890
8341736061590
8341769350290
8341802646590
8341835930690
8341869219190
8341902509090
8341935797090
8341969087390
8342002379290
8342035665590
8342068956090
8342102245090
8342135533390
8342168823490
8342202113290
8342235408290
8342268692490
8342301980390
8342335277190
8342368558590
8342401848390
8342435144490
8342468455090
8342501716290
8342535012990
8342568298490
8342601585690
8342634875290
8342668163390
8342701454990
8342734742390
8342768031490
8342801322390
8342834611190
8342867899790
8342901190190
8342934479590
8342967775690
8343001057990
8343034346490
8343067644590
8343100925090
8343134214690
8343167511290
8343200794590
8343234082990
8343267379590
8343300664190
8343333973190
8343367241690
8343400529590
8343433828990
8343467108590
8343500397690
8343533688390
8343566978490
8343600269590
8343633556190
8343666846690
8343700136990
8343733424890
8343766713990
8343800040090
8343833291690
8343866581590
8343899877290
8343933162390
8343966449190
8343999745890
8344033031290
8344066317190
8344099607190
8344132911690
8344166186390
8344199475890
8344232764290
8344266054190
8344299344290
8344332631990
8344365922490
8344399212790
8344432503090
8344465790790
8344499079990
8344532375990
8344565659390
8344598947590
8344632243590
8344665525890
8344698815590
8344732132990
8344765425590
8344798683290
8344831973490
8344865263290
8344898552890
8344931841990
8344965130890
8344998420890
8345031709490
8345064998490
8345098288990
8345131578290
8345164869290
8345198156890
8345231446690
8345264745390
8345298025590
8345331313990
8345364610990
8345397892290
8345431181690
8345464478590
8345497776990
8345531049590
8345564339690
8345597630390
8345630924290
8345664208190
8345697496890
8345730786190
8345764075590
8345797365090
8345830655290
8345863944590
8345897236190
8345930522990
8345963813990
8345997106290
8346030391790
8346063679690
8346097004490
8346130258590
8346163547690
8346196844690
8346230127490
8346263416390
8346296706190
8346329996790
8346363283890
8346396573990
8346429862690
8346463153690
8346496442190
8346529731390
8346563021390
8346596311290
8346629620690
8346662889490
8346696179790
8346729472990
8346762757590
8346796046990
8346829342190
8346862626490
8346895914590
8346929211290
8346962516990
8346995782290
8347029072990
8347062381590
8347095650690
8347128940490
8347162249690
8347195519290
8347228809490
8347262097390
8347295387690
8347328676090
8347361967790
8347395257990
8347428584290
8347461839290
8347495124090
8347528414490
8347561709590
8347594992090
8347628280590
8347661578390
8347694859590
8347728148690
8347761439290
8347794728390
8347828016790
8347861306790
8347894596490
8347927886190
8347961175290
8347994463590
8348027754890
8348061042590
8348094333690
8348127621990
8348160910990
8348194206290
8348227490190
8348260780990
8348294073790
8348327358790
8348360646490
8348393968890
8348427225690
8348460514690
8348493805690
8348527113190
8348560383190
8348593673990
8348626963590
8348660251390
8348693541290
8348726829790
8348760120290
8348793409390
8348826700190
8348859988790
8348893278990
8348926571790
8348959856890
8348993146990
8349026440390
8349059724890
8349093012790
8349126309390
8349159593290
8349192881090
8349226171890
8349259469490
8349292749890
8349326039490
8349359328990
8349392617090
8349425907690
8349459197490
8349492486390
8349525776490
8349559066290
8349592355090
8349625643490
8349658938190
8349692224390
8349725536690
8349758834190
8349792091090
8349825380390
8349858676590
8349891959090
8349925247390
8349958538790
8349991826490
8350025115490
8350058405890
8350091694590
8350124983290
8350158273890
8350191563490
8350224853990
8350258142090
8350291432390
8350324722090
8350358009490
8350391304190
8350424607990
8350457878490
8350491172690
8350524457090
8350557747590
8350591063590
8350624325390
8350657613690
8350690919790
8350724192590
8350757481790
8350790772190
8350824060790
8350857350190
8350890640490
8350923930490
8350957218190
8350990508290
8351023799390
8351057119790
8351090376390
8351123670890
8351156955590
8351190254790
8351223538690
8351256823690
8351290112890
8351323408190
8351356691490
8351389981390
8351423270490
8351456559990
8351489848390
8351523138690
8351556427590
8351589716290
8351623006990
8351656296590
8351689584190
8351722874690
8351756194590
8351789453490
8351822742790
8351856036990
8351889321890
8351922610390
8351955905090
8351989190390
8352022512090
8352055773390
8352089058090
8352122347490
8352155636590
8352188926290
8352222214490
8352255506290
8352288793090
8352322097790
8352355372590
8352388661790
8352421950690
8352455241390
8352488532490
8352521820790
8352555108590
8352588403390
8352621689090
8352654976290
8352688271890
8352721555790
8352754845490
8352788139790
8352821424690
8352854713990
8352888024590
8352921292490
8352954580590
8352987873290
8353021159490
8353054448890
8353087738990
8353121029690
8353154316990
8353187607190
8353220899290
8353254185190
8353287475790
8353320799590
8353354104890
8353387342990
8353420637990
8353453922290
8353487211790
8353520506090
8353553789890
8353587080790
8353620368490
8353653658690
8353686946990
8353720237590
8353753527390
8353786815190
8353820105790
8353853394590
8353886683590
8353919973890
8353953265490
8353986551390
8354019841990
8354053165690
8354086420490
8354119709990
8354153004290
8354186288890
8354219625490
8354252873090
8354286158690
8354319468490
8354352733990
8354386024590
8354419314390
8354452603690
8354485893190
8354519181490
8354552471690
8354585760190
8354619049490
8354652339790
8354685630190
8354718917590
8354752208290
8354785503790
8354818787690
8354852076190
8354885371190
8354918655790
8354951942990
8354985238690
8355018523590
8355051813490
8355085100790
8355118390990
8355151681490
8355184970290
8355218259690
8355251548090
8355284838190
8355318126690
8355351415890
8355384706290
8355417997790
8355451283790
8355484574390
8355517870390
8355551151790
8355584442390
8355617736990
8355651045890
8355684309690
8355717605190
8355750889290
8355784178790
8355817466990
8355850757390
8355884047390
8355917335190
8355950625590
8355983913990
8356017204390
8356050493890
8356083782190
8356117075390
8356150364290
8356183649890
8356216940890
8356250236990
8356283518390
8356316808590
8356350132690
8356383387290
8356416676990
8356449971690
8356483256890
8356516565990
8356549833190
8356583123190
8356616426890
8356649701690
8356682991790
8356716281590
8356749570990
8356782859990
8356816148290
8356849438990
8356882736990
8356916016190
8356949306790
8356982636490
8357015884190
8357049175090
8357082471790
8357115757190
8357149043290
8357182338190
8357215622390
8357248910290
8357282199790
8357315489590
8357348778990
8357382067590
8357415357790
8357448647590
8357481937290
8357515226190
8357548514290
8357581805690
8357615093990
8357648382790
8357681673090
8357714968590
8357748250890
8357781541190
8357814837390
8357848119190
8357881409190
8357914704190
8357948016690
8357981276790
8358014575490
8358047855890
8358081145690
8358114433790
8358147724090
8358181014790
8358214302090
8358247592490
8358280881090
8358314171190
8358347460290
8358380748990
8358414039390
8358447335690
8358480617090
8358513907490
8358547232290
8358580485290
8358613775490
8358647102190
8358680354290
8358713643390
8358746932690
8358780222890
8358813518490
8358846800290
8358880090190
8358913380390
8358946668490
8358979959290
8359013248690
8359046537290
8359079827490
8359113115190
8359146405490
8359179699590
8359212983490
8359246273990
8359279618290
8359312851790
8359346141590
8359379468290
8359412720690
8359446009590
8359479298390
8359512589290
8359545877490
8359579166490
8359612455990
8359645746190
8359679034690
8359712324890
8359745614990
8359778904690
8359812193590
8359845481090
8359878772390
8359912068490
8359945349390
8359978640190
8360011968090
8360045217590
8360078508390
8360111805090
8360145108490
8360178376390
8360211664490
8360244976690
8360278242790
8360311532690
8360344823290
8360378112290
8360411400790
8360444691490
8360477981690
8360511269190
8360544559890
8360577847990
8360611138090
8360644432290
8360677724790
8360711006190
8360744303390
8360777584290
8360810874290
8360844170390
8360877452290
8360910742890
8360944035590
8360977321290
8361010611290
8361043899590
8361077189090
8361110478890
8361143767190
8361177057190
8361210347190
8361243635090
8361276925890
8361310213890
8361343504690
8361376799690
8361410082390
8361443372590
8361476666590
8361509950390
8361543240390
8361576567690
8361609818590
8361643108790
8361676436290
8361709687690
8361742977090
8361776265190
8361809559790
8361842843990
8361876133490
8361909422990
8361942713190
8361976001190
8362009293890
8362042581490
8362075871690
8362109165890
8362142448390
8362175739690
8362209033390
8362242316990
8362275606590
8362308902690
8362342185090
8362375475590
8362408772290
8362442068890
8362475343190
8362508631890
8362541925190
8362575210590
8362608499590
8362641789690
8362675080290
8362708368190
8362741658390
8362774948690
8362808235890
8362841532290
8362874814890
8362908161690
8362941414890
8362974682790
8363007973490
8363041269790
8363074550890
8363107841290
8363141138590
8363174418990
8363207709390
8363240997890
8363274288590
8363307577390
8363340866090
8363374155990
8363407446390
8363440734190
8363474024590
8363507314190
8363540602190
8363573898090
8363607181290
8363640470990
8363673766490
8363707065490
8363740339590
8363773656890
8363806917390
8363840207590
8363873522390
8363906785290
8363940075990
8363973365990
8364006654490
8364039943690
8364073232490
8364106523490
8364139811190
8364173100290
8364206390790
8364239680190
8364272968490
8364306265790
8364339548690
8364372838290
8364406133090
8364439415290
8364472706590
8364506000590
8364539283690
8364572573890
8364605870690
8364639152090
8364672442190
8364705732590
8364739030690
8364772309290
8364805598890
8364838889390
8364872177190
8364905466890
8364938756990
8364972046390
8365005335090
8365038632190
8365071915490
8365105202590
8365138499990
8365171781990
8365205092790
8365238366290
8365271649690
8365304940690
8365338236590
8365371518090
8365404808390
8365438098590
8365471386190
8365504675790
8365537964890
8365571254990
8365604547390
8365637833190
8365671123290
8365704413590
8365737701090
8365770996890
8365804281590
8365837568590
8365870865490
8365904148290
8365937437790
8365970733590
8366004016690
8366037306590
8366070623390
8366103884190
8366137174390
8366170479690
8366203752290
8366237042590
8366270332290
8366303621390
8366336911090
8366370199190
8366403489990
8366436778590
8366470067490
8366503363290
8366536681990
8366569935090
8366603232090
8366636516390
8366669805590
8366703100490
8366736382590
8366769673690
8366802960790
8366836250290
8366869540990
8366902829590
8366936118590
8366969409190
8367002698790
8367035988390
8367069277190
8367102565590
8367135858990
8367169144290
8367202433390
8367235729090
8367269013190
8367302301690
8367335597490
8367368882190
8367402169690
8367435466290
8367468748590
8367502077590
8367535331090
8367568616590
8367601907790
8367635196390
8367668484990
8367701774990
8367735065890
8367768352690
8367801643290
8367834931690
8367868222090
8367901511690
8367934799890
8367968095590
8368001380390
8368034667690
8368067964690
8368101250490
8368134535790
8368167832490
8368201121290
8368234405290
8368267708990
8368300983290
8368334273690
8368367587690
8368400851090
8368434141090
8368467435190
8368500719790
8368534009590
8368567299490
8368600588090
8368633881790
8368667166490
8368700461790
8368733745090
8368767034490
8368800330590
8368833647190
8368866902190
8368900199190
8368933482490
8368966771790
8369000067490
8369033349590
8369066640490
8369099928190
8369133217590
8369166507690
8369199796790
8369233085690
8369266375690
8369299665690
8369332955190
8369366243990
8369399545590
8369432828990
8369466111490
8369499400790
8369532696690
8369565979890
8369599268590
8369632565190
8369665849390
8369699136990
8369732433690
8369765715290
8369799035790
8369832293690
8369865583790
8369898874290
8369932163790
8369965451690
8369998742190
8370032032490
8370065319890
8370098610190
8370131898690
8370165205890
8370198477890
8370231766690
8370265062890
8370298347490
8370331635090
8370364931590
8370398214690
8370431503390
8370464799990
8370498083490
8370531375490
8370564661890
8370597949790
8370631240090
8370664547490
8370697818090
8370731108790
8370764397090
8370797685990
8370830976790
8370864266190
8370897562490
8370930844790
8370964133190
8370997429590
8371030711390
8371064001090
8371097297690
8371130632990
8371163869090
8371197165690
8371230449090
8371263738390
8371297027690
8371330316490
8371363607190
8371396894790
8371430184090
8371463474790
8371496763990
8371530052490
8371563342690
8371596632390
8371629929290
8371663211490
8371696499690
8371729795790
8371763077890
8371796367390
8371829663590
8371862948690
8371896235490
8371929532290
8371962816690
8371996125690
8372029393690
8372062685990
8372095996990
8372129260790
8372162550190
8372195841090
8372229131490
8372262418390
8372295708690
8372328999290
8372362292490
8372395576790
8372428866790
8372462160890
8372495444990
8372528733790
8372562030390
8372595314490
8372628601690
8372661898790
8372695182490
8372728469390
8372761760090
8372795066490
8372828338690
8372861627890
8372894916590
8372928207490
8372961500390
8372994784690
8373028075290
8373061364290
8373094658990
8373127943390
8373161233090
8373194528690
8373227811890
8373261099890
8373294396290
8373327678890
8373360967890
8373394265190
8373427575990
8373460836390
8373494126490
8373527416190
8373560704790
8373593994890
8373627284890
8373660574190
8373693861790
8373727151090
8373760441390
8373793730890
8373827023490
8373860309790
8373893599190
8373926895390
8373960180890
8373993466690
8374026764290
8374060044690
8374093334390
8374126631090
8374159915090
8374193202190
8374226492690
8374259782990
8374293092790
8374326360990
8374359671290
8374392955390
8374426228390
8374459517290
8374492808090
8374526096990
8374559388990
8374592675990
8374625966190
8374659258490
8374692543990
8374725832590
8374759162290
8374792410990
8374825700390
8374858997290
8374892280690
8374925568590
8374958859290
8374992149290
8375025436490
8375058727190
8375092041390
8375125306190
8375158594890
8375191883690
8375225174490
8375258463490
8375291755690
8375325041990
8375358331590
8375391625390
8375424910590
8375458200390
8375491494990
8375524778590
8375558066390
8375591363490
8375624647190
8375657934790
8375691225290
8375724533990
8375757803190
8375791093090
8375824382790
8375857685790
8375890961990
8375924250190
8375957541190
8375990828190
8376024121890
8376057408190
8376090698990
8376123991690
8376157276290
8376190567290
8376223862690
8376257144590
8376290432990
8376323731190
8376357013290
8376390300890
8376423591590
8376456880690
8376490169490
8376523459590
8376556749790
8376590056890
8376623327690
8376656616090
8376689914990
8376723194790
8376756489590
8376789774590
8376823064090
8376856358390
8376889642390
8376922932990
8376956226290
8376989511190
8377022799490
8377056128890
8377089378290
8377122667290
8377155957790
8377189248190
8377222535590
8377255826290
8377289116290
8377322403590
8377355693790
8377389010790
8377422272690
8377455561590
8377488854690
8377522141090
8377555430690
8377588724690
8377622008790
8377655298890
8377688592290
8377721877090
8377755168890
8377788462490
8377821745390
8377855033990
8377888323890
8377921612490
8377954902090
8377988192390
8378021516590
8378054769790
8378088060490
8378121350490
8378154638990
8378187928690
8378221220690
8378254507790
8378287795690
8378321090790
8378354375390
8378387664690
8378420958990
8378454243390
8378487532990
8378520833590
8378554111090
8378587400190
8378620691590
8378653978690
8378687267990
8378720558590
8378753847690
8378787135690
8378820426790
8378853716490
8378887019190
8378920295190
8378953586690
8378986878290
8379020161390
8379053456890
8379086741490
8379120030790
8379153325490
8379186609890
8379219899790
8379253193590
8379286477690
8379319766590
8379353112190
8379386344890
8379419634290
8379452924990
8379486214090
8379519502290
8379552792990
8379586082590
8379619370890
8379652664290
8379685953290
8379719239790
8379752528390
8379785823390
8379819107990
8379852397990
8379885691390
8379918977590
8379952265590
8379985559890
8380018844290
8380052133890
8380085422290
8380118712790
8380152000490
8380185290690
8380218602190
8380251868590
8380285158890
8380318479890
8380351737190
8380385026890
8380418348890
8380451605790
8380484895590
8380518189390
8380551478590
8380584762090
8380618057690
8380651342190
8380684631290
8380717925490
8380751210490
8380784499990
8380817789890
8380851078690
8380884366990
8380917658090
8380950945890
8380984234990
8381017525390
8381050814690
8381084102890
8381117393190
8381150687090
8381183975390
8381217261690
8381250555290
8381283842490
8381317128390
8381350423890
8381383708290
8381416997790
8381450292290
8381483576690
8381516867190
8381550157190
8381583444690
8381616732890
8381650023090
8381683311590
8381716601290
8381749891290
8381783182090
8381816469590
8381849760090
8381883052990
8381916338090
8381949627890
8381982950990
8382016206190
8382049496290
8382082790390
8382116074890
8382149364590
8382182658190
8382215943290
8382249232690
8382282520190
8382315814290
8382349099390
8382382389290
8382415679290
8382448967190
8382482257990
8382515569090
8382548835190
8382582126090
8382615431690
8382648703190
8382681994290
8382715317590
8382748572690
8382781862490
8382815156490
8382848440790
8382881729090
8382915024790
8382948308890
8382981632290
8383014886290
8383048177390
8383081466590
8383114759490
8383148045590
8383181333790
8383214624990
8383247912490
8383281201790
8383314492290
8383347784290
8383381069590
8383414359990
8383447656290
8383480938690
8383514228290
8383547522490
8383580807290
8383614095790
8383647391090
8383680675290
8383713965690
8383747252690
8383780543790
8383813834090
8383847124190
8383880411190
8383913699790
8383947026790
8383980278390
8384013567990
8384046858390
8384080151590
8384113435990
8384146726790
8384180023390
8384213303690
8384246594590
8384279888990
8384313172990
8384346462990
8384379757490
8384413041990
8384446331490
8384479619190
8384512909790
8384546200290
8384579487390
8384612777790
8384646066090
8384679356390
8384712646390
8384745934490
8384779224490
8384812537490
8384845802190
8384879093090
8384912389590
8384945670090
8384978961090
8385012285190
8385045541090
8385078829590
8385112123690
8385145407490
8385178696190
8385211985490
8385245275790
8385278595790
8385311853290
8385345143790
8385378433090
8385411722990
8385445011790
8385478300490
8385511592390
8385544881990
8385578168690
8385611458590
8385644755390
8385678037390
8385711326790
8385744638990
8385777905990
8385811195190
8385844489790
8385877774490
8385911062290
8385944351790
8385977641890
8386010931590
8386044220090
8386077510290
8386110800590
8386144088490
8386177378190
8386210667290
8386243991090
8386277248190
8386310534790
8386343825590
8386377120990
8386410402590
8386443693290
8386476989890
8386510270790
8386543561390
8386576855990
8386610139890
8386643429290
8386676718190
8386710008390
8386743298490
8386776585890
8386809876590
8386843166590
8386876453990
8386909743790
8386943033190
8386976322990
8387009614790
8387042900890
8387076191490
8387109498590
8387142769290
8387176059690
8387209355190
8387242637190
8387275927790
8387309255090
8387342507890
8387375796290
8387409084290
8387442374690
8387475663090
8387508952090
8387542242490
8387575580290
8387608820590
8387642114290
8387675401490
8387708689890
8387741981090
8387775267090
8387808558690
8387841851690
8387875135490
8387908425790
8387941721190
8387975003490
8388008293690
8388041589890
8388074873990
8388108161990
8388141450590
8388174740990
8388208029390
8388241318190
8388274608990
8388307898190
8388341186790
8388374477090
8388407769690
8388441084290
8388474346790
8388507633690
8388540945590
8388574217590
8388607501690
8388640792190
8388674087890
8388707369590
8388740660590
8388773961190
8388807238190
8388840528090
8388873816690
8388907106890
8388940396190
8388973684790
8389006975190
8389040265590
8389073553190
8389106843590
8389140133890
8389173420890
8389206713490
8389239999790
8389273289790
8389306584590
8389339867890
8389373158390
8389406457790
8389439735890
8389473026590
8389506322190
8389539606890
8389572894390
8389606184390
8389639472890
8389672762490
8389706050490
8389739341490
8389772629790
8389805919090
8389839209590
8389872526390
8389905786890
8389939079790
8389972367190
8390005656390
8390038951690
8390072234190
8390105525590
8390138818690
8390172102490
8390205392790
8390238688290
8390271971290
8390305260590
8390338550590
8390371839790
8390405128990
8390438417090
8390471708090
8390504995890
8390538285190
8390571575890
8390604865190
8390638153290
8390671445690
8390704734090
8390738043690
8390771317890
8390804600690
8390837907190
8390871184490
8390904468490
8390937759090
8390971054890
8391004336690
8391037626690
8391070917290
8391104205290
8391137494990
8391170783490
8391204073590
8391237362290
8391270651390
8391303941890
8391337232090
8391370519390
8391403811690
8391437103190
8391470387690
8391503683890
8391536967190
8391570256890
8391603552190
8391636834690
8391670125190
8391703420990
8391736702990
8391769993290
8391803282890
8391836570990
8391869861590
8391903151290
8391936439990
8391969729890
8392003017790
8392036308290
8392069596990
8392102886190
8392136177990
8392169486290
8392202753590
8392236050290
8392269333190
8392302623290
8392335918290
8392369201090
8392402492590
8392435785790
8392469069290
8392502359790
8392535648590
8392568936790
8392602227090
8392635517090
8392668807290
8392702096090
8392735384490
8392768675190
8392801962590
8392835252190
8392868544290
8392901831690
8392935120490
8392968417790
8393001701290
8393035011590
8393068284590
8393101567290
8393134866590
8393168152090
8393201435790
8393234725990
8393268016190
8393301303490
8393334593690
8393367883690
8393401171590
8393434461690
8393467751590
8393501040390
8393534328990
8393567618290
8393600910390
8393634199190
8393667486890
8393700782390
8393734066990
8393767354690
8393800651390
8393833936590
8393867223790
8393900519690
8393933801590
8393967091990
8394000381390
8394033669990
8394066960090
8394100272890
8394133537790
8394166828690
8394200117590
8394233407190
8394266696290
8394299984690
8394333276190
8394366563690
8394399852990
8394433148990
8394466471090
8394499720590
8394533016790
8394566300790
8394599590090
8394632885590
8394666167690
8394699459090
8394732746590
8394766036090
8394799326490
8394832615290
8394865913290
8394899194590
8394932484090
8394965773590
8394999062790
8395032350590
8395065644690
8395098929790
8395132218890
8395165515190
8395198799790
8395232087090
8395265383790
8395298668290
8395331970990
8395365252090
8395398543390
8395431828290
8395465112790
8395498402690
8395531692290
8395564982190
8395598270490
8395631563190
8395664850690
8395698137890
8395731428890
8395764717290
8395798040790
8395831295790
8395864585490
8395897881490
8395931164890
8395964453190
8395997752790
8396031034290
8396064321490
8396097618590
8396130910890
8396164190590
8396197479590
8396230768490
8396264058990
8396297348690
8396330636290
8396363926890
8396397216690
8396430504690
8396463795190
8396497084790
8396530375290
8396563663190
8396596951390
8396630247890
8396663530090
8396696819690
8396730116090
8396763432390
8396796687290
8396829984390
8396863267790
8396896556990
8396929846590
8396963134690
8396996426990
8397029713490
8397063002790
8397096293090
8397129583490
8397162870690
8397196160790
8397229451690
8397262744990
8397296029490
8397329317890
8397362616090
8397395896690
8397429185890
8397462481990
8397495765290
8397529053990
8397562351190
8397595635990
8397628932190
8397662212890
8397695500990
8397728791490
8397762079890
8397795369190
8397828659690
8397861948990
8397895240490
8397928527190
8397961817490
8397995105890
8398028395990
8398061684090
8398095029490
8398128262990
8398161552090
8398194848090
8398228133790
8398261419990
8398294717090
8398328000990
8398361287990
8398394582890
8398427879990
8398461157690
8398494446590
8398527735390
8398561026190
8398594315490
8398627603490
8398660893790
8398694183890
8398727472290
8398760762190
8398794051590
8398827346490
8398860629690
8398893918690
8398927215290
8398960519890
8398993786590
8399027082790
8399060393490
8399093655290
8399126945190
8399160234390
8399193524090
8399226813490
8399260102890
8399293392190
8399326679990
8399359969590
8399393260290
8399426549190
8399459838390
8399493127890
8399526417590
8399559714290
8399592996090
8399626284890
8399659581990
8399692863690
8399726153290
8399759449390
8399792735790
8399826020990
8399859311390
8399892601790
8399925892190
8399959179590
8399992467490
8400025758090
8400059046590
8400092335790
8400125626390
8400158915590
8400192204590
8400225493890
8400258784890
8400292079690
8400325362790
8400358651090
8400391975690
8400425229390
8400458518990
8400491815590
8400525098590
8400558387490
8400591677490
8400624967590
8400658255390
8400691546090
8400724852890
8400758124590
8400791413790
8400824701990
8400857992290
8400891282890
8400924570790
8400957860590
8400991150190
8401024444290
8401057728190
8401091018790
8401124313590
8401157596690
8401190885390
8401224182490
8401257485790
8401290753790
8401324047390
8401357355690
8401390621990
8401423911890
8401457219090
8401490490490
8401523780090
8401557068390
8401590358790
8401623647390
8401656936890
8401690229990
8401723515990
8401756809690
8401790094790
8401823384890
8401856681090
8401889963590
8401923251690
8401956550790
8401989830390
8402023119890
8402056413690
8402089699290
8402122987890
8402156278090
8402189567590
8402222856490
8402256146290
8402289435190
8402322725790
8402356013490
8402389303090
8402422593490
8402455882490
8402489176690
8402522461290
8402555751590
8402589044890
8402622330090
8402655617990
8402688937690
8402722196390
8402755485790
8402788779790
8402822067190
8402855354090
8402888644690
8402921933690
8402955222090
8402988512290
8403021825090
8403055091090
8403088380490
8403121668990
8403154959790
8403188249190
8403221546290
8403254827790
8403288118090
8403321410590
8403354695490
8403387983990
8403421280390
8403454563490
8403487852190
8403521149390
8403554453290
8403587720190
8403621010590
8403654311690
8403687588490
8403720878990
8403754191090
8403787457490
8403820747090
8403854035290
8403887325790
8403920614690
8403953908790
8403987193990
8404020522990
8404053776790
8404087061990
8404120351390
8404153647790
8404186929690
8404220218490
8404253516690
8404286796890
8404320086690
8404353376990
8404386666490
8404419954690
8404453244790
8404486534890
8404519823990
8404553113690
8404586401990
8404619692090
8404652980390
8404686275090
8404719560590
8404752850590
8404786143490
8404819427890
8404852718990
8404886012290
8404919296590
8404952585190
8404985913190
8405019163490
8405052452590
8405085743190
8405119045890
8405152320990
8405185611490
8405218903390
8405252189090
8405285479490
8405318768090
8405352058090
8405385347690
8405418641190
8405451926690
8405485216790
8405518509590
8405551796590
8405585085090
8405618378390
8405651662990
8405684951090
8405718244390
8405751530390
8405784819290
8405818109490
8405851417590
8405884687190
8405917985490
8405951274990
8405984555290
8406017845290
8406051163690
8406084424490
8406117714290
8406151007390
8406184292590
8406217580790
8406250879790
8406284160690
8406317481490
8406350744590
8406384028990
8406417318190
8406450614590
8406483897190
8406517185690
8406550476790
8406583764190
8406617053690
8406650343790
8406683634290
8406716921990
8406750212290
8406783503090
8406816791190
8406850080590
8406883373990
8406916659390
8406949947390
8406983242090
8407016529890
8407049816290
8407083110790
8407116394990
8407149685690
8407182972890
8407216263290
8407249551690
8407282876190
8407316129990
8407349419690
8407382710090
8407415999190
8407449287790
8407482578190
8407515868890
8407549156090
8407582446390
8407615740290
8407649024690
8407682314090
8407715608690
8407748893490
8407782183390
8407815477090
8407848761390
8407882051790
8407915339190
8407948629690
8407981918190
8408015207990
8408048496990
8408081785890
8408115076690
8408148383490
8408181654190
8408214944090
8408248236690
8408281521890
8408314812490
8408348135390
8408381391290
8408414680990
8408447974590
8408481259890
8408514547590
8408547843290
8408581127990
8408614471490
8408647704990
8408680995890
8408714286390
8408747574790
8408780863690
8408814152190
8408847444090
8408880730690
8408914020390
8408947310490
8408980599990
8409013888590
8409047178790
8409080473990
8409113757890
8409147046890
8409180341190
8409213627990
8409246913690
8409280209790
8409313493690
8409346782990
8409380075090
8409413362790
8409446652990
8409479940090
8409513230090
8409546518190
8409579837990
8409613097190
8409646386890
8409679680590
8409712966490
8409746254490
8409779545290
8409812840690
8409846122790
8409879413090
8409912707990
8409945991590
8409979281090
8410012575990
8410045860090
8410079150090
8410112441190
8410145728590
8410179018590
8410212306190
8410245596190
8410278884690
8410312174690
8410345464890
8410378752890
8410412043390
8410445365090
8410478621090
8410511910790
8410545206190
8410578488590
8410611779690
8410645075490
8410678360090
8410711647890
8410744942190
8410778226790
8410811514590
8410844807290
8410878094690
8410911439690
8410944671990
8410977962490
8411011252190
8411044541390
8411077830590
8411111119090
8411144410990
8411177697490
8411210987590
8411244277190
8411277571390
8411310855290
8411344145690
8411377441490
8411410724990
8411444013690
8411477308190
8411510593890
8411543881490
8411577198990
8411610461090
8411643750290
8411677038390
8411710329090
8411743619890
8411776906490
8411810197190
8411843485290
8411876802090
8411910064190
8411943353590
8411976643690
8412009938790
8412043221490
8412076511890
8412109808790
8412143089690
8412176379890
8412209675190
8412242958590
8412276247490
8412309543090
8412342826790
8412376117190
8412409405190
8412442695390
8412475984590
8412509272690
8412542563290
8412575852690
8412609141690
8412642431790
8412675719990
8412709009790
8412742313290
8412775587790
8412808878090
8412842173790
8412875455890
8412908746190
8412942070990
8412975325290
8413008614690
8413041905890
8413075193290
8413108481390
8413141770990
8413175061490
8413208381190
8413241638990
8413274929990
8413308218890
8413341508290
8413374797490
8413408086190
8413441377590
8413474671890
8413507954190
8413541244490
8413574539690
8413607821990
8413641112990
8413674408490
8413707691490
8413740980990
8413774271990
8413807560190
8413840847790
8413874137290
8413907427590
8413940716690
8413974005390
8414007295690
8414040586090
8414073902090
8414107163990
8414140452690
8414173760790
8414207034990
8414240320690
8414273610890
8414306907490
8414340188290
8414373478390
8414406774990
8414440056590
8414473346690
8414506674290
8414539925890
8414573214690
8414606503890
8414639793890
8414673084190
8414706371990
8414739661990
8414772952590
8414806239490
8414839530190
8414872818590
8414906108490
8414939401790
8414972686890
8415005976890
8415039275690
8415072554790
8415105844590
8415139141190
8415172422790
8415205713490
8415239040290
8415272291990
8415305581690
8415338869690
8415372163190
8415405447890
8415438737890
8415472027790
8415505346490
8415538605590
8415571896590
8415605185790
8415638474890
8415671768190
8415705052890
8415738344290
8415771637190
8415804920890
8415838210790
8415871506590
8415904788990
8415938079790
8415971375790
8416004658690
8416037947490
8416071235990
8416104526590
8416137814990
8416171103990
8416204394690
8416237684690
8416270972290
8416304262490
8416337553290
8416370870490
8416404134090
8416437419190
8416470727590
8416504003290
8416537287290
8416570577090
8416603873290
8416637155390
8416670445790
8416703742890
8416737022990
8416770313890
8416803601990
8416836892790
8416870181190
8416903492890
8416936760890
8416970050890
8417003338490
8417036628890
8417069919190
8417103206490
8417136500590
8417169785690
8417203075290
8417236370490
8417269653290
8417302943690
8417336240290
8417369521490
8417402812090
8417436108090
8417469389690
8417502680190
8417535969690
8417569258690
8417602548990
8417635836590
8417669127090
8417702415390
8417735704690
8417768994890
8417802311890
8417835572290
8417868866890
8417902152790
8417935442190
8417968736490
8418002019690
8418035330390
8418068604390
8418101887690
8418135177990
8418168475290
8418201756090
8418235046290
8418268337190
8418301625590
8418334914790
8418368202790
8418401493690
8418434781590
8418468071290
8418501361390
8418534650390
8418567939390
8418601232990
8418634519990
8418667830090
8418701102990
8418734385990
8418767691890
8418800972890
8418834254090
8418867544690
8418900839790
8418934122090
8418967412690
8419000703190
8419033990290
8419067280890
8419100568790
8419133859490
8419167148090
8419200437090
8419233727390
8419267017890
8419300305190
8419333599390
8419366885890
8419400173390
8419433469390
8419466752090
8419500042190
8419533338290
8419566620490
8419599910690
8419633206390
8419666488290
8419699778890
8419733068490
8419766355990
8419799646990
8419832936590
8419866225690
8419899515490
8419932803290
8419966093690
8419999382090
8420032671590
8420065965090
8420099274190
8420132539490
8420165834990
8420199125690
8420232408790
8420265704190
8420298986790
8420332277990
8420365571790
8420398854890
8420432144990
8420465434290
8420498723090
8420532013490
8420565364590
8420598591890
8420631881590
8420665169490
8420698460790
8420731748390
8420765037590
8420798331790
8420831617290
8420864905790
8420898201790
8420931490890
8420964796590
8420998070390
8421031352890
8421064655290
8421097937990
8421131220990
8421164511390
8421197800990
8421231089190
8421264379590
8421297669690
8421330956990
8421364247590
8421397536090
8421430825890
8421464133090
8421497404090
8421530697690
8421563984790
8421597272290
8421630568590
8421663852990
8421697140290
8421730435890
8421763723590
8421797009790
8421830305890
8421863587090
8421896877590
8421930166990
8421963455190
8421996745590
8422030035590
8422063323890
8422096614090
8422129903190
8422163192390
8422196482290
8422229770290
8422263064690
8422296348790
8422329638290
8422362934790
8422396255990
8422429506490
8422462802690
8422496086790
8422529375990
8422562671790
8422595953490
8422629244690
8422662532490
8422695821390
8422729112090
8422762401090
8422795689790
8422828980490
8422862269690
8422895559290
8422928848490
8422962136390
8422995431890
8423028715390
8423062004590
8423095300890
8423128584390
8423161872790
8423195168590
8423228452890
8423261760990
8423295037490
8423328319390
8423361642090
8423394898890
8423428188190
8423461478390
8423494767890
8423528055890
8423561346290
8423594636590
8423627923990
8423661214390
8423694502890
8423727828890
8423761086790
8423794371090
8423827666990
8423860952090
8423894239190
8423927534890
8423960818790
8423994107190
8424027403690
8424060687190
8424093975890
8424127265890
8424160554290
8424193844790
8424227134090
8424260422290
8424293712790
8424327002590
8424360290190
8424393580490
8424426869990
8424460164490
8424493449190
8424526750390
8424560033590
8424593315790
8424626605390
8424659900990
8424693219590
8424726473190
8424759769590
8424793053390
8424826342290
8424859632690
8424892920190
8424926211890
8424959498990
8424992788290
8425026078890
8425059368090
8425092656690
8425125947490
