12714361510390
12714394799490
12714428089090
12714461377090
12714494667990
12714527956090
12714561245790
12714594540290
12714627858790
12714661113090
12714694409690
12714727695390
12714760983090
12714794278190
12714827562090
12714860851690
12714894138690
12714927428290
12714960718390
12714994008290
12715027296890
12715060586690
12715093876790
12715127165690
12715160455090
12715193743490
12715227034490
12715260322990
12715293611890
12715326906390
12715360192490
12715393480090
12715426775890
12715460060890
12715493347790
12715526644790
12715559934990
12715593252790
12715626508790
12715659795090
12715693085190
12715726374990
12715759663190
12715792953090
12715826243990
12715859530990
12715892821390
12715926109890
12715959400290
12715992692590
12716025977990
12716059272690
12716092558490
12716125845990
12716159142790
12716192428890
12716225714090
12716259010690
12716292300290
12716325583090
12716358879290
12716392160890
12716425451990
12716458767590
12716492029090
12716525319190
12716558616490
12716591897090
12716625187790
12716658477190
12716691766290
12716725056290
12716758354590
12716791639590
12716824922890
12716858212690
12716891508090
12716924792090
12716958080290
12716991377290
12717024660790
12717057950390
12717091244790
12717124527490
12717157818990
12717191106190
12717224395590
12717257685490
12717290976490
12717324263990
12717357553890
12717390844990
12717424133590
12717457422090
12717490710290
12717524005690
12717557289290
12717590578490
12717623874790
12717657160290
12717690447190
12717723743090
12717757027490
12717790314990
12717823611090
12717856893690
12717890208490
12717923472690
12717956761690
12717990052090
12718023341590
12718056629890
12718089920490
12718123210490
12718156497990
12718189788690
12718223077190
12718256371090
12718289656290
12718322945390
12718356240890
12718389524890
12718422812990
12718456109690
12718489393490
12718522680990
12718555977390
12718589271390
12718622550690
12718655839990
12718689128390
12718722418390
12718755735090
12718788996590
12718822287090
12718855588590
12718888864490
12718922154990
12718955444390
12718988738190
12719022023290
12719055311090
12719088608290
12719121890090
12719155179690
12719188475790
12719221760290
12719255047590
12719288344590
12719321628590
12719354917590
12719388206590
12719421494990
12719454785990
12719488073190
12719521362590
12719554653390
12719587942290
12719621231190
12719654520990
12719687810790
12719721105790
12719754389390
12719787681190
12719820974290
12719854256690
12719887546090
12719920841790
12719954125090
12719987413790
12720020709990
12720053994590
12720087281790
12720120572590
12720153860990
12720187178290
12720220439290
12720253728990
12720287019790
12720320308490
12720353597490
12720386887290
12720420178090
12720453468990
12720486755590
12720520044190
12720553339790
12720586622990
12720619912290
12720653208090
12720686492190
12720719780090
12720753077390
12720786360690
12720819648190
12720852938590
12720886242990
12720919517590
12720952807490
12720986095190
12721019385790
12721052702990
12721085963190
12721119254190
12721152558590
12721185834090
12721219121790
12721252411690
12721285707190
12721318990690
12721352278290
12721385574690
12721418857090
12721452146790
12721485443390
12721518726190
12721552014690
12721585304690
12721618594790
12721651884590
12721685175990
12721718461590
12721751752990
12721785040290
12721818329690
12721851620190
12721884909290
12721918200890
12721951488190
12721984777790
12722018078590
12722051356390
12722084644690
12722117941390
12722151223390
12722184512890
12722217809790
12722251092290
12722284381190
12722317671490
12722350961490
12722384249090
12722417539390
12722450828090
12722484148090
12722517407090
12722550695990
12722583986390
12722617276090
12722650567290
12722683854790
12722717144890
12722750438190
12722783722690
12722817010890
12722850307090
12722883589890
12722916879190
12722950175890
12722983459190
12723016746990
12723050037490
12723083327190
12723116615090
12723149906190
12723183195490
12723216483890
12723249773690
12723283062190
12723316352690
12723349669890
12723383067990
12723416220790
12723449531090
12723482803790
12723516089390
12723549378190
12723582677390
12723615957690
12723649245390
12723682542590
12723715825890
12723749113490
12723782403790
12723815693190
12723848982190
12723882272090
12723915561690
12723948851590
12723982139990
12724015428190
12724048719990
12724082007490
12724115299590
12724148587290
12724181876390
12724215170590
12724248455490
12724281744690
12724315049290
12724348323690
12724381611490
12724414908490
12724448190790
12724481479990
12724514770290
12724548059690
12724581347890
12724614638590
12724647928590
12724681215990
12724714506590
12724747794790
12724781135390
12724814373490
12724847665490
12724880953590
12724914244190
12724947537090
12724980821490
12725014110990
12725047405190
12725080689690
12725113987190
12725147274290
12725180557290
12725213846290
12725247136490
12725280426490
12725313714690
12725347004990
12725380294590
12725413581990
12725446872890
12725480191290
12725513451890
12725546741890
12725580033290
12725613319790
12725646607890
12725679902890
12725713188490
12725746505790
12725779770690
12725813055890
12725846345790
12725879641690
12725912923990
12725946212490
12725979503190
12726012791590
12726046080690
12726079371190
12726112660390
12726145948590
12726179239190
12726212528590
12726245819790
12726279107990
12726312397690
12726345687190
12726378974390
12726412269590
12726445554690
12726478843290
12726512138090
12726545422490
12726578711990
12726612024090
12726645289990
12726678579090
12726711869690
12726745157490
12726778447190
12726811737590
12726845027890
12726878315190
12726911605890
12726944895790
12726978183090
12727011473790
12727044793990
12727078084690
12727111340690
12727144635790
12727177920490
12727211211390
12727244503890
12727277788790
12727311079290
12727344371890
12727377660090
12727410945490
12727444235290
12727477524590
12727510813190
12727544104190
12727577392590
12727610681190
12727643971990
12727677261390
12727710549390
12727743840090
12727777159790
12727810418790
12727843708490
12727877002590
12727910286590
12727943575390
12727976870690
12728010154790
12728043476490
12728076738690
12728110023090
12728143312590
12728176602090
12728209891490
12728243179690
12728276475990
12728309758490
12728343047790
12728376338390
12728409627290
12728442915690
12728476205990
12728509497490
12728542785690
12728576073990
12728609368690
12728642654190
12728675941590
12728709236290
12728742521790
12728775812290
12728809105190
12728842389690
12728875680390
12728908996190
12728942257790
12728975546290
12729008840590
12729042124890
12729075414190
12729108704890
12729141994090
12729175281890
12729208572490
12729241865390
12729275149890
12729308440190
12729341735890
12729375019490
12729408308090
12729441602890
12729474887490
12729508177590
12729541471590
12729574755690
12729608046190
12729641333590
12729674624390
12729707912090
12729741202590
12729774491690
12729807780390
12729841070890
12729874361090
12729907648490
12729940938990
12729974230290
12730007516490
12730040825590
12730074131090
12730107385590
12730140675590
12730173969590
12730207253990
12730240542690
12730273837390
12730307122190
12730340449290
12730373699790
12730406990390
12730440279990
12730473569190
12730506858490
12730540146490
12730573438190
12730606725590
12730640015090
12730673305390
12730706596990
12730739882790
12730773173190
12730806469990
12730839752890
12730873041290
12730906335990
12730939621190
12730972908990
12731006204490
12731039488590
12731072777590
12731106066490
12731139356690
12731172647190
12731205963290
12731239224990
12731272512990
12731305819290
12731339091890
12731372381390
12731405671490
12731438962890
12731472249290
12731505539990
12731538836290
12731572117690
12731605407190
12731638702090
12731671986190
12731705274690
12731738570590
12731771855090
12731805144390
12731838432290
12731871722790
12731905013190
12731938300490
12731971590890
12732004879490
12732038169290
12732071459290
12732104747290
12732138038190
12732171334390
12732204615390
12732237905890
12732271201890
12732304483090
12732337774390
12732371099090
12732404352390
12732437641890
12732470936990
12732504221190
12732537509590
12732570798990
12732604089490
12732637403790
12732670666290
12732703957190
12732737248790
12732770536390
12732803825490
12732837113790
12732870405290
12732903693190
12732936982090
12732970272390
12733003566990
12733036849890
12733070140890
12733103436190
12733136719690
12733170009090
12733203302890
12733236588390
12733269875690
12733303165190
12733336455490
12733369744590
12733403032990
12733436323490
12733469613990
12733502930590
12733536191890
12733569479790
12733602797190
12733636059090
12733669347990
12733702638690
12733735934690
12733769216390
12733802506690
12733835803190
12733869084290
12733902374490
12733935669790
12733968953390
12734002241990
12734035531490
12734068821890
12734102111990
12734135400190
12734168690190
12734201980490
12734235267790
12734268557590
12734301846690
12734335136590
12734368426690
12734401714790
12734435005190
12734468304690
12734501583290
12734534873290
12734568168990
12734601451090
12734634741390
12734668037690
12734701320090
12734734610190
12734767897890
12734801188490
12734834476690
12734867766090
12734901056590
12734934374390
12734967633590
12735000927290
12735034213890
12735067503290
12735100791090
12735134080790
12735167372490
12735200665490
12735233949390
12735267239390
12735300534590
12735333817490
12735367107890
12735400403790
12735433686890
12735466975890
12735500264190
12735533554790
12735566842490
12735600132190
12735633422490
12735666711590
12735700000490
12735733290890
12735766581090
12735799897690
12735833158490
12735866446990
12735899757590
12735933032190
12735966315590
12735999605890
12736032901790
12736066183490
12736099475690
12736132774690
12736166051890
12736199341890
12736232630290
12736265920490
12736299209890
12736332498490
12736365789090
12736399078890
12736432366690
12736465657190
12736498946490
12736532234890
12736565525190
12736598814890
12736632103590
12736665398790
12736698681890
12736731971890
12736765276090
12736798549890
12736831840490
12736865135990
12736898437890
12736931708490
12736965035290
12736998286790
12737031576990
12737064864990
12737098154790
12737131443790
12737164733090
12737198023690
12737231363190
12737264600990
12737297891890
12737331180690
12737364470090
12737397765090
12737431048090
12737464339390
12737497632090
12737530916190
12737564206990
12737597502090
12737630783890
12737664081190
12737697370590
12737730653590
12737763942890
12737797231190
12737830522090
12737863810190
12737897099690
12737930389590
12737963678890
12737996967390
12738030262090
12738063548190
12738096835190
12738130130590
12738163414290
12738196730690
12738229998790
12738263282790
12738296572490
12738329870190
12738363150190
12738396441090
12738429737090
12738463018690
12738496308590
12738529598590
12738562887690
12738596177090
12738629465590
12738662756190
12738696045890
12738729333590
12738762624390
12738795915690
12738829201790
12738862497290
12738895781290
12738929070990
12738962366390
12738995648990
12739028939390
12739062247290
12739095517090
12739128807390
12739162099290
12739195384690
12739228675590
12739261964790
12739295254090
12739328544290
12739361831790
12739395122190
12739428410990
12739461700090
12739494990290
12739528310490
12739561567890
12739594864090
12739628147990
12739661437490
12739694732490
12739728014990
12739761306590
12739794599490
12739827883490
12739861173690
12739894468790
12739927754690
12739961042190
12739994331390
12740027620490
12740060909990
12740094198290
12740127489090
12740160777190
12740194066190
12740227356990
12740260646990
12740293934590
12740327229590
12740360515490
12740393802590
12740427099090
12740460382590
12740493701390
12740526966290
12740560249290
12740593540090
12740626836490
12740660117790
12740693421390
12740726698990
12740759985390
12740793275790
12740826564690
12740859854890
12740893143690
12740926432690
12740959723490
12740993013190
12741026300990
12741059595990
12741092881290
12741126168890
12741159465190
12741192748190
12741226037890
12741259333090
12741292615890
12741325906590
12741359219390
12741392483890
12741425774090
12741459071390
12741492351690
12741525642290
12741558932190
12741592221090
12741625511090
12741658798890
12741692089490
12741725377890
12741758667190
12741791961590
12741825283390
12741858534990
12741891831390
12741925115590
12741958407990
12741991699490
12742024982190
12742058273190
12742091567090
12742124850490
12742158141290
12742191431090
12742224718190
12742258008790
12742291299590
12742324586990
12742357876790
12742391165390
12742424455990
12742457744390
12742491033490
12742524327990
12742557613590
12742590902090
12742624197890
12742657482690
12742690770090
12742724066390
12742757348390
12742790674390
12742823933190
12742857216390
12742890506890
12742923796790
12742957084790
12742990374990
12743023665690
12743056952990
12743090242690
12743123531790
12743156821890
12743190111590
12743223399590
12743256694290
12743289980290
12743323267890
12743356567490
12743389848790
12743423136190
12743456432690
12743489722090
12743523005090
12743556300890
12743589583090
12743622873290
12743656190790
12743689450990
12743722741590
12743756048090
12743789318990
12743822609590
12743855899690
12743889188690
12743922478490
12743955766090
12743989061290
12744022345790
12744055634290
12744088930390
12744122250190
12744155502290
12744188798790
12744222083390
12744255372490
12744288667090
12744321949590
12744355241190
12744388528090
12744421817390
12744455107890
12744488397290
12744521685890
12744554975790
12744588265690
12744621556690
12744654844390
12744688132590
12744721427290
12744754711290
12744788000690
12744821296890
12744854580190
12744887868990
12744921164990
12744954449490
12744987736890
12745021033290
12745054315690
12745087626290
12745120894390
12745154184090
12745187474490
12745220763890
12745254055190
12745287342390
12745320632990
12745353920290
12745387209890
12745420498890
12745453792690
12745487078290
12745520367190
12745553663490
12745586947690
12745620235490
12745653530990
12745686815690
12745720102990
12745753399990
12745786692690
12745819972290
12745853261990
12745886550390
12745919840490
12745953157390
12745986418390
12746019708690
12746053008490
12746086286290
12746119576890
12746152866390
12746186159390
12746219445390
12746252733090
12746286030290
12746319312390
12746352601890
12746385916190
12746419180690
12746452469690
12746485766490
12746519049490
12746552339290
12746585628190
12746618916490
12746652207890
12746685495190
12746718784590
12746752075090
12746785363690
12746818652690
12746851943090
12746885232790
12746918530290
12746951810690
12746985099690
12747018396490
12747051678090
12747084967790
12747118263890
12747151550590
12747184835490
12747218132290
12747251418390
12747284703990
12747317994590
12747351283290
12747384598090
12747417861790
12747451150790
12747484441390
12747517730190
12747551019090
12747584309790
12747617599590
12747650891990
12747684176890
12747717465890
12747750762090
12747784046290
12747817334390
12747850630490
12747883913990
12747917202390
12747950498790
12747983783490
12748017070390
12748050360990
12748083650390
12748116939290
12748150228990
12748183517190
12748216807990
12748250124490
12748283385290
12748316675390
12748349981290
12748383255890
12748416544090
12748449833290
12748483129290
12748516411690
12748549700090
12748582997590
12748616279190
12748649568790
12748682865390
12748716148390
12748749436690
12748782727090
12748816016590
12748849306490
12748882595490
12748915883490
12748949174990
12748982462290
12749015751590
12749049045290
12749082330490
12749115622390
12749148910190
12749182200190
12749215503390
12749248777890
12749282066790
12749315363590
12749348645290
12749381935190
12749415231790
12749448514690
12749481803090
12749515093290
12749548383290
12749581670990
12749614961990
12749648249890
12749681570190
12749714828690
12749748117790
12749781408190
12749814700090
12749847988890
12749881276590
12749914565890
12749947859990
12749981144390
12750014434490
12750047728990
12750081013090
12750114301290
12750147597890
12750180881090
12750214169490
12750247459690
12750280749590
12750314037290
12750347328290
12750380637190
12750413905990
12750447195990
12750480484390
12750513774790
12750547063290
12750580354290
12750613643090
12750646953190
12750680225790
12750713511190
12750746800490
12750780096590
12750813379190
12750846667590
12750879964590
12750913246290
12750946548790
12750979825690
12751013114890
12751046403590
12751079693490
12751112983790
12751146273690
12751179562090
12751212850690
12751246141890
12751279429290
12751312720690
12751346009090
12751379298390
12751412592490
12751445876990
12751479166690
12751512474490
12751545745290
12751579034390
12751612330390
12751645612790
12751678902090
12751712207990
12751745482390
12751778769990
12751812060290
12751845350590
12751878638090
12751911928990
12751945242890
12751978558590
12752011795790
12752045087090
12752078375490
12752111665690
12752144959190
12752178243590
12752211533890
12752244826590
12752278112190
12752311399890
12752344696690
12752377979590
12752411268490
12752444558490
12752477847990
12752511136890
12752544426690
12752577716390
12752611004490
12752644294890
12752677609090
12752710873690
12752744162790
12752777453090
12752810742090
12752844032390
12752877325290
12752910609790
12752943925290
12752977192890
12753010478290
12753043767690
12753077063490
12753110345890
12753143634790
12753176925690
12753210213090
12753243502790
12753276792890
12753310082490
12753343370990
12753376661590
12753409950990
12753443240690
12753476529890
12753509819090
12753543109190
12753576396390
12753609691590
12753642976590
12753676266690
12753709559690
12753742844490
12753776135090
12753809447090
12753842712790
12753876000890
12753909292090
12753942579690
12753975872690
12754009159290
12754042448490
12754075737090
12754109027290
12754142317890
12754175605190
12754208895590
12754242186590
12754275508290
12754308762690
12754342057790
12754375342690
12754408636490
12754441926090
12754475210890
12754508501190
12754541794490
12754575078690
12754608367390
12754641656990
12754674946590
12754708235190
12754741525690
12754774814390
12754808103290
12754841393990
12754874683290
12754907971390
12754941262190
12754974580490
12755007840790
12755041129890
12755074423990
12755107709090
12755140999990
12755174292590
12755207578790
12755240923490
12755274160490
12755307445490
12755340734690
12755374024090
12755407312490
12755440601790
12755473893690
12755507180590
12755540469590
12755573760190
12755607052190
12755640337790
12755673628390
12755706921090
12755740207490
12755773496690
12755806791290
12755840076490
12755873363190
12755906659190
12755939945390
12755973232990
12756006527290
12756039811390
12756073101990
12756106418190
12756139679390
12756172967990
12756206273190
12756239546590
12756272835990
12756306126290
12756339415790
12756372704490
12756405994590
12756439286290
12756472572190
12756505863090
12756539157490
12756572441090
12756605730090
12756639024890
12756672309690
12756705599990
12756738893490
12756772177690
12756805468290
12756838755590
12756872045390
12756905334490
12756938624390
12756971913490
12757005202890
12757038496090
12757071788090
12757105070490
12757138360790
12757171656590
12757204939090
12757238229090
12757271552590
12757304807390
12757338096990
12757371390990
12757404676090
12757437964590
12757471259990
12757504545890
12757537865790
12757571121890
12757604411690
12757637702790
12757670991290
12757704280890
12757737568790
12757770860190
12757804147690
12757837436690
12757870727790
12757904016490
12757937304990
12757970594890
12758003891190
12758037174790
12758070463590
12758103757390
12758137043490
12758170331490
12758203626490
12758236910290
12758270199290
12758303488190
12758336778290
12758370069390
12758403385290
12758436646990
12758469935290
12758503246990
12758536513590
12758569803290
12758603093790
12758636384090
12758669671490
12758702961390
12758736258790
12758769539390
12758802829890
12758836124290
12758869408290
12758902697790
12758935995690
12758969276790
12759002566690
12759035854790
12759069144290
12759102434990
12759135722690
12759169012990
12759202301690
12759235591790
12759268881590
12759302169090
12759335461490
12759368761790
12759402037390
12759435327990
12759468623690
12759501905590
12759535196490
12759568491790
12759601774190
12759635064390
12759668358690
12759701644790
12759734931690
12759768220990
12759801510690
12759834827890
12759868088990
12759901379590
12759934668990
12759967958490
12760001247090
12760034535890
12760067826890
12760101114390
12760134403890
12760167694190
12760200988990
12760234271990
12760267562290
12760300858190
12760334142190
12760367430390
12760400724790
12760434011690
12760467297790
12760500586990
12760533877490
12760567166490
12760600454890
12760633745690
12760667036490
12760700323090
12760733613590
12760766901990
12760800220990
12760833492790
12760866770190
12760900060790
12760933355790
12760966638190
12760999928590
12761033225290
12761066506790
12761099796990
12761133091490
12761166377290
12761199664090
12761232953190
12761266242890
12761299533990
12761332821290
12761366112190
12761399401290
12761432689490
12761465980190
12761499269690
12761532558390
12761565848590
12761599145090
12761632427190
12761665734690
12761699004590
12761732295190
12761765591090
12761798872590
12761832162990
12761865489690
12761898741590
12761932030790
12761965319390
12761998614690
12762031898290
12762065187890
12762098478090
12762131821490
12762165055890
12762198346390
12762231635690
12762264925190
12762298214390
12762331502890
12762364794590
12762398086490
12762431370890
12762464661790
12762497955990
12762531238790
12762564529690
12762597825790
12762631108490
12762664397390
12762697685790
12762730993090
12762764264690
12762797554090
12762830846190
12762864133890
12762897421990
12762930712490
12762964003290
12762997290290
12763030581090
12763063869190
12763097205490
12763130452790
12763163737190
12763197027690
12763230324890
12763263605190
12763296895990
12763330191290
12763363473390
12763396763490
12763430090990
12763463342490
12763496631990
12763529919990
12763563210990
12763596500790
12763629788590
12763663079090
12763696369090
12763729656390
12763762947290
12763796235690
12763829525490
12763862823690
12763896103590
12763929394090
12763962707690
12763995971490
12764029261890
12764062559190
12764095839690
12764129129990
12764162456890
12764195708490
12764228999090
12764262287390
12764295577490
12764328865790
12764362155090
12764395445190
12764428765090
12764462022890
12764495313590
12764528602790
12764561896590
12764595185690
12764628482290
12764661761390
12764695054090
12764728337790
12764761628590
12764794923890
12764828205790
12764861496890
12764894792490
12764928075290
12764961364790
12764994652690
12765027946990
12765061231790
12765094521490
12765127811490
12765161101990
12765194389490
12765227680190
12765260970390
12765294257390
12765327552690
12765360836190
12765394167390
12765427420990
12765460704390
12765493994590
12765527290590
12765560572390
12765593862490
12765627160190
12765660440090
12765693730890
12765727019390
12765760313590
12765793598790
12765826887490
12765860178290
12765893467990
12765926755690
12765960046490
12765993335990
12766026623890
12766059918190
12766093202390
12766126492390
12766159801790
12766193070390
12766226361190
12766259677890
12766292938790
12766326228990
12766359531490
12766392806690
12766426097190
12766459386890
12766492676190
12766525965590
12766559253790
12766592544090
12766625832490
12766659121790
12766692412190
12766725734790
12766758989890
12766792284590
12766825569890
12766858860690
12766892154090
12766925437090
12766958728490
12766992021890
12767025304890
12767058595390
12767091892690
12767125173290
12767158463490
12767191753990
12767225046790
12767258331590
12767291623490
12767324910090
12767358199190
12767391488090
12767424778690
12767458067990
12767491356490
12767524650590
12767557936890
12767591224190
12767624521190
12767657803490
12767691114090
12767724388390
12767757671590
12767790961990
12767824257590
12767857539890
12767890830090
12767924119990
12767957407490
12767990697790
12768023986790
12768057276890
12768090565890
12768123854590
12768157145090
12768190434790
12768223723190
12768257016490
12768290303490
12768323590690
12768356886690
12768390171290
12768423459890
12768456755090
12768490037790
12768523328090
12768556644190
12768589906190
12768623196390
12768656507490
12768689773590
12768723064590
12768756353690
12768789642690
12768822932690
12768856220890
12768889511890
12768922799590
12768956088790
12768989382890
12769022670490
12769055957190
12769089253390
12769122538190
12769155827290
12769189135290
12769222404090
12769255695490
12769288989190
12769322272090
12769355562290
12769388851990
12769422139790
12769455430690
12769488720190
12769522021890
12769555298890
12769588587390
12769621877390
12769655165690
12769688455390
12769721748690
12769755035190
12769788323190
12769821619590
12769854904190
12769888191290
12769921488190
12769954779290
12769988089690
12770021354990
12770054638490
12770087928790
12770121218390
12770154506590
12770187797090
12770221087190
12770254374590
12770287665090
12770320953590
12770354243890
12770387533290
12770420821590
12770454115090
12770487401290
12770520689890
12770553986190
12770587270090
12770620557190
12770653854190
12770687141090
12770720426690
12770753722590
12770787005090
12770820295090
12770853583490
12770886872990
12770920163390
12770953480290
12770986740990
12771020031390
12771053321290
12771086612890
12771119899390
12771153187690
12771186481590
12771219766790
12771253056190
12771286352090
12771319635190
12771352924190
12771386220490
12771419504190
12771452794190
12771486088990
12771519370790
12771552662490
12771585949490
12771619239490
12771652529090
12771685818690
12771719106890
12771752397290
12771785687190
12771818994990
12771852268890
12771885554190
12771918847890
12771952133090
12771985422590
12772018718490
12772052001590
12772085290290
12772118586690
12772151871490
12772185158590
12772218454990
12772251737290
12772285083690
12772318316190
12772351605590
12772384896290
12772418185190
12772451473690
12772484763990
12772518054190
12772551341890
12772584632090
12772617920490
12772651213290
12772684500590
12772717788690
12772751084890
12772784368190
12772817656590
12772850953290
12772884236590
12772917524390
12772950821590
12772984107890
12773017393790
12773050683190
12773083971390
12773117262290
12773150551090
12773183839790
12773217130290
12773250456590
12773283707790
12773316998590
12773350288190
12773383580790
12773416866090
12773450154790
12773483457190
12773516733690
12773550023490
12773583318990
12773616602690
12773649890890
12773683187690
12773716470890
12773749760990
12773783049790
12773816337990
12773849629590
12773882917090
12773916205890
12773949496390
12773982785490
12774016074490
12774049364490
12774082654190
12774115971690
12774149232290
12774182521090
12774215821590
12774249100090
12774282389590
12774315685790
12774348968690
12774382257990
12774415554490
12774448837990
12774482125490
12774515416490
12774548704790
12774582027290
12774615282990
12774648572290
12774681862590
12774715153290
12774748440790
12774781731090
12774815020590
12774848310790
12774881599690
12774914888890
12774948183190
12774981467290
12775014755890
12775048052390
12775081336990
12775114623590
12775147920090
12775181203690
12775214491490
12775247782290
12775281088990
12775314361190
12775347650390
12775380939190
12775414228990
12775447517790
12775480806690
12775514097490
12775547430290
12775580677090
12775613965690
12775647254890
12775680550490
12775713832790
12775747121690
12775780419690
12775813702690
12775846989690
12775880286690
12775913569690
12775946857690
12775980148590
12776013437790
12776046728190
12776080016890
12776113305490
12776146596490
12776179883690
12776213173190
12776246463790
12776279752690
12776313043090
12776346331890
12776379623890
12776412949690
12776446199690
12776479488390
12776512795290
12776546068490
12776579356590
12776612651790
12776645938990
12776679224690
12776712515090
12776745804690
12776779092490
12776812383090
12776845692290
12776878961790
12776912250190
12776945539190
12776978829890
12777012120490
12777045409190
12777078698190
12777111988190
12777145280990
12777178566390
12777211854090
12777245150790
12777278433790
12777311722790
12777345019590
12777378304990
12777411590390
12777444881490
12777478170790
12777511458290
12777544753290
12777578057990
12777611328090
12777644617290
12777677905790
12777711196590
12777744484890
12777777775390
12777811064590
12777844376390
12777877647390
12777910932790
12777944221490
12777977517390
12778010800590
12778044088990
12778077387290
12778110667690
12778143956990
12778177247590
12778210536990
12778243824990
12778277115390
12778310405490
12778343695190
12778376984190
12778410272190
12778443562390
12778476850890
12778510141290
12778543431290
12778576721090
12778610013790
12778643298890
12778676589090
12778709906490
12778743166790
12778776455590
12778809771690
12778843033990
12778876323690
12778909614290
12778942902790
12778976191490
12779009483590
12779042772290
12779076066790
12779109350390
12779142638290
12779175928490
12779209217690
12779242507390
12779275796890
12779309087090
12779342379990
12779375665190
12779408954890
12779442251490
12779475533290
12779508821290
12779542118190
12779575400990
12779608690290
12779641979990
12779675278690
12779708557590
12779741848090
12779775137990
12779808425690
12779841716690
12779875029690
12779908294990
12779941584790
12779974875290
12780008163290
12780041451890
12780074746890
12780108031490
12780141357790
12780174614290
12780207908690
12780241188290
12780274484790
12780307767690
12780341055890
12780374347190
12780407634390
12780440924390
12780474214690
12780507504490
12780540792190
12780574082690
12780607372990
12780640661890
12780673950890
12780707240290
12780740530590
12780773817690
12780807112690
12780840397890
12780873686990
12780906980990
12780940265690
12780973555690
12781006872290
12781040133790
12781073421990
12781106741490
12781140000990
12781173289890
12781206580390
12781239869690
12781273158690
12781306448890
12781339742790
12781373026590
12781406317190
12781439606790
12781472895790
12781506184890
12781539479090
12781572764090
12781606054290
12781639347190
12781672632090
12781705922090
12781739215490
12781772500390
12781805788490
12781839078590
12781872367890
12781905656590
12781938947090
12781972251890
12782005524690
12782038815590
12782072108990
12782105392690
12782138683190
12782172001390
12782205261790
12782238551490
12782271845490
12782305129890
12782338418490
12782371713790
12782404998490
12782438343490
12782471581590
12782504866790
12782538156690
12782571444890
12782604734690
12782638023190
12782671314590
12782704601490
12782737891190
12782771181690
12782804470490
12782837759190
12782871053290
12782904340390
12782937628790
12782970917390
12783004211690
12783037496490
12783070784790
12783104079390
12783137364890
12783170654190
12783203948590
12783237236590
12783270523390
12783303810690
12783337100790
12783370389090
12783403716790
12783436968390
12783470257390
12783503547890
12783536836690
12783570125590
12783603416190
12783636707290
12783669993790
12783703283590
12783736578590
12783769862990
12783803151990
12783836446290
12783869730690
12783903021690
12783936314590
12783969599090
12784002889290
12784036176990
12784069467090
12784102755590
12784136046290
12784169335790
12784202623290
12784235914090
12784269224690
12784302491990
12784335781890
12784369080190
12784402359690
12784435649590
12784468946490
12784502228990
12784535518790
12784568811990
12784602097290
12784635385390
12784668680890
12784701966990
12784735287490
12784768542890
12784801833590
12784835122890
12784868413590
12784901701490
12784934989690
12784968281190
12785001568890
12785034857790
12785068148690
12785101437690
12785134729590
12785168016890
12785201312590
12785234595390
12785267884390
12785301178890
12785334463990
12785367751990
12785401047490
12785434332990
12785467620590
12785500909390
12785534199790
12785567490190
12785600777590
12785634068490
12785667355990
12785700688990
12785733934790
12785767224290
12785800514690
12785833805190
12785867092490
12785900383190
12785933679490
12785966960690
12786000250390
12786033545590
12786066829990
12786100118690
12786133413690
12786166697690
12786199987890
12786233275590
12786266565890
12786299855590
12786333143990
12786366434190
12786399724090
12786433012590
12786466302090
12786499590790
12786532881290
12786566191990
12786599458790
12786632749290
12786666070590
12786699327290
12786732616790
12786765941190
12786799195790
12786832485890
12786865779790
12786899066090
12786932352590
12786965641590
12786998932490
12787032258090
12787065509790
12787098800590
12787132090390
12787165380990
12787198668490
12787231956490
12787265248390
12787298535790
12787331825190
12787365115190
12787398409790
12787431692890
12787464982990
12787498279590
12787531564590
12787564851690
12787598146090
12787631430690
12787664718690
12787698008090
12787731298690
12787764587890
12787797889090
12787831166390
12787864457390
12787897744490
12787931034790
12787964323290
12787997643590
12788030902090
12788064191190
12788097481990
12788130778190
12788164059390
12788197349890
12788230645190
12788263927790
12788297217990
12788330543090
12788363797990
12788397086090
12788430374390
12788463665090
12788496954690
12788530242990
12788563532990
12788596822890
12788630110690
12788663400890
12788696689290
12788729979890
12788763269090
12788796557990
12788829848290
12788863163690
12788896426290
12788929719290
12788963028890
12788996293690
12789029583790
12789062910690
12789096164990
12789129452890
12789162748390
12789196031490
12789229319790
12789262609190
12789295899590
12789329188390
12789362476790
12789395767690
12789429057090
12789462346990
12789495635390
12789528924490
12789562215390
12789595507390
12789628791990
12789662082490
12789695377190
12789728660290
12789761951290
12789795246790
12789828539190
12789861818090
12789895110590
12789928397390
12789961685790
12789994975090
12790028265590
12790061556090
12790094843390
12790128133490
12790161424090
12790194711590
12790228002090
12790261290390
12790294617990
12790327874190
12790361158990
12790394448890
12790427744890
12790461026690
12790494316390
12790527613290
12790560896290
12790594184790
12790627479990
12790660765390
12790694053390
12790727341690
12790760632490
12790793921390
12790827232390
12790860500090
12790893790090
12790927077690
12790960368590
12790993656590
12791026946990
12791060241190
12791093524990
12791126815090
12791160108890
12791193392690
12791226683290
12791260004190
12791293260790
12791326550890
12791359878590
12791393131890
12791426418990
12791459707390
12791492999190
12791526286390
12791559576090
12791592866390
12791626155490
12791659443990
12791692734690
12791726023990
12791759314290
12791792606790
12791825891090
12791859182390
12791892475490
12791925759190
12791959049590
12791992345890
12792025627190
12792058917790
12792092215290
12792125513490
12792158785690
12792192073590
12792225369590
12792258653190
12792291941890
12792325232690
12792358521890
12792391810490
12792425100690
12792458390990
12792491678490
12792524973090
12792558257590
12792591585390
12792624842090
12792658125490
12792691416290
12792724731790
12792757993790
12792791283990
12792824580890
12792857861590
12792891152090
12792924440690
12792957730690
12792991019490
12793024308590
12793057599190
12793090888290
12793124177090
12793157466990
12793190756790
12793224045290
12793257339590
12793290623990
12793323913590
12793357209190
12793390491890
12793423781990
12793457076490
12793490360190
12793523650190
12793556979190
12793590227790
12793623518490
12793656807990
12793690096990
12793723386090
12793756675090
12793789966390
12793823253390
12793856543190
12793889832990
12793923123690
12793956410890
12793989705390
12794022991890
12794056280990
12794089575390
12794122858490
12794156149190
12794189442790
12794222725990
12794256016790
12794289311890
12794322594590
12794355884590
12794389186290
12794422484390
12794455752490
12794489041090
12794522344790
12794555619890
12794588909190
12794622216490
12794655488790
12794688777190
12794722071490
12794755357890
12794788645190
12794821942290
12794855224590
12794888554390
12794921809090
12794955092490
12794988382790
12795021680190
12795054960490
12795088250890
12795121541590
12795154828590
12795188118390
12795221407390
12795254697590
12795287986790
12795321276190
12795354565990
12795387867890
12795421143790
12795454437590
12795487723790
12795521011690
12795554307990
12795587590590
12795620880390
12795654176390
12795687458590
12795720749590
12795754084590
12795787326990
12795820617390
12795853961290
12795887194890
12795920485690
12795953776590
12795987064290
12796020353890
12796053642090
12796086933190
12796120220990
12796153510390
12796186803990
12796220089890
12796253377990
12796286674590
12796319958090
12796353248390
12796386542490
12796419824990
12796453116090
12796486410290
12796519696590
12796552983790
12796586272990
12796619561190
12796652851690
12796686142290
12796719452390
12796752719190
12796786007790
12796819318890
12796852587190
12796885876290
12796919172190
12796952456190
12796985744490
12797019040790
12797052325790
12797085612690
12797118909090
12797152192990
12797185481590
12797218776190
12797252059590
12797285349790
12797318640290
12797351927890
12797385217990
12797418508390
12797451795890
12797485085790
12797518374490
12797551664690
12797584954490
12797618242690
12797651539890
12797684829290
12797718110890
12797751406690
12797784694890
12797817978590
12797851275390
12797884558390
12797917848190
12797951143490
12797984425590
12798017716090
12798051004490
12798084293990
12798117584490
12798150873690
12798184162390
12798217452190
12798250742090
12798284030990
12798317320490
12798350609190
12798383904490
12798417189390
12798450476790
12798483773290
12798517056590
12798550345290
12798583641690
12798616924890
12798650214690
12798683509890
12798716792190
12798750082890
12798783371090
12798816660090
12798849950390
12798883239590
12798916528390
12798949818290
12798983108990
12799016396490
12799049687090
12799082975190
12799116302390
12799149554090
12799182850590
12799216139490
12799249422590
12799282711690
12799316007890
12799349292290
12799382579390
12799415876290
12799449158390
12799482448590
12799515737390
12799549029790
12799582316890
12799615607590
12799648894790
12799682184390
12799715474990
12799748762990
12799782052990
12799815342490
12799848634690
12799881921390
12799915209690
12799948506090
12799981803390
12800015077590
12800048374190
12800081668690
12800114945890
12800148242490
12800181534890
12800214814990
12800248103690
12800281392990
12800314683690
12800347971490
12800381260690
12800414550790
12800447880290
12800481129290
12800514419690
12800547709090
12800581001790
12800614287790
12800647576190
12800680873590
12800714155090
12800747444290
12800780740290
12800814023790
12800847311890
12800880608890
12800913892190
12800947181590
12800980470690
12801013758990
12801047049590
12801080341590
12801113627390
12801146917790
12801180206690
12801213495090
12801246785190
12801280076090
12801313365890
12801346654090
12801379942490
12801413275790
12801446524290
12801479810690
12801513107090
12801546392790
12801579678290
12801612974990
12801646258490
12801679546990
12801712837090
12801746140690
12801779415690
12801812704590
12801845993590
12801879283890
12801912573990
12801945861890
12801979151590
12802012442190
12802045731690
12802079020290
12802112308590
12802145604790
12802178888690
12802212188190
12802245473490
12802278777490
12802312044990
12802345341390
12802378640590
12802411912790
12802445203390
12802478506490
12802511781590
12802545071590
12802578359790
12802611651090
12802644938990
12802678228090
12802711518090
12802744807690
12802778097890
12802811386490
12802844676090
12802877974990
12802911254990
12802944543490
12802977840790
12803011121390
12803044411490
12803077707490
12803110990390
12803144279590
12803177569490
12803210859290
12803244148390
12803277437990
12803310726090
12803344021190
12803377304590
12803410594390
12803443884690
12803477174390
12803510464290
12803543752790
12803577042890
12803610335690
12803643620990
12803676909090
12803710234390
12803743487590
12803776777290
12803810074290
12803843357090
12803876645590
12803909935590
12803943225990
12803976513890
12804009804190
12804043092590
12804076382690
12804109671490
12804142960490
12804176250590
12804209540990
12804242830290
12804276119190
12804309408990
12804342702190
12804375987390
12804409275690
12804442571790
12804475855690
12804509143690
12804542440690
12804575744390
12804609011490
12804642302090
12804675616690
12804708879990
12804742170290
12804775478990
12804808749090
12804842038190
12804875326790
12804908618090
12804941905190
12804975196190
12805008485490
12805041774490
12805075068590
12805108353590
12805141643090
12805174939290
12805208221890
12805241528790
12805274807990
12805308088890
12805341377890
12805374668690
12805407958990
12805441246290
12805474536490
12805507827290
12805541120390
12805574404390
12805607692890
12805641000790
12805674271690
12805707563090
12805740851790
12805774140790
12805807435390
12805840719690
12805874010090
12805907303390
12805940587490
12805973876290
12806007222790
12806040454790
12806073744490
12806107034890
12806140324090
12806173612690
12806206902890
12806240193090
12806273480190
12806306770590
12806340058790
12806373349590
12806406639190
12806439929190
12806473217490
12806506507890
12806539800990
12806573086490
12806606375490
12806639669690
12806672953990
12806706242590
12806739539090
12806772822890
12806806110690
12806839400890
12806872689390
12806905978490
12806939269090
12806972592090
12807005846290
12807039137090
12807072451090
12807105715990
12807139008590
12807172294890
12807205585090
12807238872590
12807272167590
12807305452590
12807338742890
12807372040190
12807405320290
12807438611290
12807471906690
12807505188690
12807538485390
12807571767890
12807605055690
12807638345490
12807671635490
12807704924790
12807738213190
12807771503490
12807804793090
12807838095090
12807871371190
12807904661490
12807937959290
12807971238890
12808004533990
12808037818490
12808071107790
12808104402090
12808137686790
12808170976890
12808204270590
12808237554990
12808270843390
12808304172790
12808337421590
12808370711590
12808404001990
12808437291790
12808470579690
12808503869690
12808537160190
12808570447890
12808603737790
12808637027690
12808670320190
12808703606390
12808736900190
12808770184690
12808803474490
12808836768590
12808870052790
12808903342890
12808936636690
12808969921290
12809003209790
12809036499890
12809069789690
12809103077790
12809136368090
12809169656290
12809202945790
12809236236290
12809269548290
12809302813690
12809336104190
12809369397290
12809402683190
12809435972490
12809469267090
12809502552190
12809535839390
12809569134990
12809602419390
12809635708790
12809669003590
12809702287790
12809735576790
12809768870190
12809802155890
12809835444090
12809868735190
12809902024590
12809935312290
12809968602190
12810001891490
12810035180290
12810068470390
12810101761990
12810135070190
12810168338590
12810201633190
12810234933090
12810268205590
12810301501090
12810334785590
12810368074990
12810401369390
12810434655590
12810467944390
12810501231690
12810534522190
12810567826790
12810601100490
12810634388890
12810667678690
12810700968890
12810734259190
12810767546590
12810800836790
12810834127890
12810867414590
12810900705390
12810934032590
12810967283190
12811000573390
12811033867290
12811067151390
12811100441190
12811133735990
12811167019990
12811200309190
12811233597690
12811266888290
12811300177690
12811333489290
12811366756490
12811400044690
12811433335190
12811466623590
12811499912690
12811533203190
12811566523190
12811599781190
12811633071690
12811666394790
12811699649790
12811732938990
12811766233390
12811799519090
12811832806590
12811866102190
12811899387890
12811932675490
12811965963990
12811999254290
12812032544090
12812065833990
12812099122990
12812132410790
12812165701990
12812198989390
12812232279290
12812265569390
12812298859090
12812332147190
12812365437690
12812398737590
12812432037790
12812465305990
12812498600890
12812531907890
12812565172390
12812598468490
12812631754690
12812665041990
12812698330690
12812731620790
12812764911090
12812798198090
12812831488990
12812864777690
12812898067290
12812931355590
12812964645390
12812997936190
12813031226790
12813064513290
12813097803890
12813131099890
12813164381690
12813197672490
12813231009890
12813264250290
12813297539990
12813330834590
12813364120690
12813397411890
12813430697190
12813463987090
12813497276290
12813530564690
12813563855390
12813597144990
12813630433690
12813663723490
12813697011990
12813730302390
12813763589890
12813796879790
12813830170190
12813863514690
12813896747890
12813930038390
12813963362890
12813996617090
12814029906790
12814063200790
12814096486690
12814129773290
12814163062990
12814196353490
12814229642290
12814262931290
12814296221290
12814329510990
12814362801190
12814396089390
12814429377990
12814462669390
12814495956990
12814529245790
12814562536490
12814595831490
12814629114190
12814662404890
12814695700690
12814728982290
12814762272890
12814795567390
12814828877790
12814862139690
12814895429290
12814928719490
12814962009790
12814995297790
12815028587990
12815061877990
12815095166090
12815128459790
12815161744890
12815195034490
12815228323190
12815261612490
12815294902890
12815328199290
12815361480290
12815394770790
12815428067890
12815461348590
12815494639090
12815527965990
12815561217990
12815594506890
12815627799290
12815661085790
12815694386390
12815727663490
12815760954290
12815794244890
12815827531890
12815860822190
12815894111290
12815927401290
12815960690690
12815993978690
12816027269090
12816060562390
12816093846790
12816127137290
12816160482090
12816193714590
12816227004990
12816260301290
12816293585890
12816326873290
12816360161790
12816393453090
12816426739790
12816460029790
12816493320390
12816526609290
12816559898090
12816593188390
12816626477890
12816659790690
12816693056290
12816726345090
12816759635790
12816792928790
12816826212790
12816859503390
12816892800190
12816926081490
12816959371490
12816992668290
12817025949090
12817059239990
12817092565690
12817125852890
12817159107190
12817192396090
12817225686890
12817258976190
12817292264290
12817325555190
12817358845290
12817392132490
12817425422990
12817458711190
12817492000890
12817525295490
12817558579290
12817591870390
12817625165790
12817658447290
12817691737690
12817725034790
12817758315190
12817791605990
12817824933590
12817858184790
12817891473890
12817924762590
12817958052590
12817991361790
12818024630790
12818057921190
12818091219290
12818124498890
12818157789290
12818191078790
12818224367590
12818257662290
12818290945690
12818324236490
12818357530190
12818390813790
12818424104690
12818457432790
12818490681490
12818523971790
12818557271490
12818590551890
12818623839690
12818657128890
12818690420290
12818723707190
12818756996590
12818790287390
12818823577290
12818856865290
12818890155190
12818923445890
12818956734290
12818990028090
12819023311890
12819056602390
12819089896490
12819123179990
12819156470190
12819189766590
12819223047990
12819256338690
12819289634990
12819322915890
12819356206790
12819389494690
12819422809490
12819456074090
12819489363190
12819522653990
12819555942190
12819589231090
12819622521990
12819655811790
12819689099490
12819722393890
12819755678190
12819788968290
12819822263390
12819855546090
12819888837190
12819922133090
12819955414590
12819988704890
12820022001590
12820055282690
12820088573090
12820121861890
12820155151790
12820188441390
12820221729490
12820255019990
12820288330290
12820321597690
12820354888090
12820388193290
12820421465990
12820454780990
12820488045690
12820521334790
12820554629890
12820587912690
12820621204090
12820654496990
12820687780690
12820721071190
12820754402290
12820787648990
12820820939390
12820854231490
12820887518790
12820920807690
12820954096190
12820987386790
12821020674190
12821053963590
12821087254390
12821120543590
12821153831990
12821187126590
12821220411690
12821253702090
12821286996390
12821320278790
12821353569390
12821386863790
12821420146690
12821453437390
12821486733290
12821520015190
12821553305290
12821586596090
12821619883090
12821653173490
12821686462190
12821719781390
12821753040790
12821786329990
12821819620690
12821852909990
12821886198490
12821919492290
12821952779090
12821986081790
12822019363090
12822052645390
12822085934890
12822119231090
12822152513090
12822185803590
12822219100390
12822252381290
12822285671890
12822318961990
12822352249390
12822385540090
12822418829290
12822452120090
12822485407590
12822518696190
12822551986990
12822585298090
12822618564190
12822651858790
12822685165690
12822718432390
12822751729090
12822785012490
12822818301890
12822851597090
12822884879190
12822918169890
12822951464490
12822984747890
12823018038290
12823051327390
12823084615790
12823117909590
12823151195690
12823184485590
12823217774590
12823251062890
12823284353990
12823317641790
12823350930990
12823384224590
12823417510490
12823450799090
12823484094990
12823517378790
12823550675990
12823583962990
12823617246090
12823650536190
12823683831190
12823717113890
12823750404090
12823783693890
12823816981990
12823850272490
12823883583290
12823916850190
12823950140890
12823983428690
12824016769190
12824050007490
12824083296990
12824116590990
12824149876890
12824183165490
12824216461790
12824249746190
12824283033290
12824316329490
12824349617390
12824382902490
12824416198090
12824449480790
12824482770490
12824516060890
12824549348490
12824582638890
12824615928490
12824649216790
12824682506890
12824715796590
12824749085490
12824782375490
12824815663390
12824848957190
12824882242390
12824915531590
12824948827490
12824982139790
12825015402990
12825048695690
12825081979690
12825115268690
12825148564290
12825181846090
12825215137990
12825248425390
12825281714790
12825315004890
12825348293990
12825381583190
12825414873490
12825448162590
12825481452390
12825514741390
12825548029690
12825581324990
12825614608090
12825647897790
12825681194090
12825714477190
12825747765890
12825781061890
12825814348090
12825847649590
12825880930490
12825914212890
12825947509190
12825980791590
12826014080790
12826047371390
12826080660390
12826113948790
12826147239190
12826180529890
12826213817090
12826247107590
12826280396090
12826313720190
12826346974690
12826380264190
12826413560390
12826446845490
12826480131990
12826513428790
12826546715190
12826580000290
12826613297090
12826646580090
12826679868790
12826713158590
12826746447490
12826779737790
12826813027290
12826846315390
12826879605890
12826912895690
12826946183390
12826979473990
12827012763190
12827046057590
12827079342190
12827112630790
12827145926890
12827179208990
12827212498490
12827245794490
12827279116090
12827312366390
12827345663190
12827378946390
12827412235590
12827445525690
12827478813490
12827512105090
12827545392490
12827578681590
12827611972290
12827645261290
12827678549890
12827711840290
12827745130090
12827778422890
12827811708290
12827844996390
12827878294490
12827911575490
12827944864790
12827978160790
12828011444590
12828044733290
12828078029590
12828111314090
12828144623490
12828177891190
12828211179790
12828244482390
12828277758490
12828311047890
12828344338290
12828377628790
12828410915990
12828444209790
12828477496290
12828510787090
12828544074890
12828577363990
12828610692190
12828643941490
12828677231290
12828710526990
12828743811990
12828777099090
12828810395890
12828843679390
12828876967090
12828910257890
12828943561390
12828976835990
12829010125190
12829043414390
12829076704290
12829109993490
12829143282390
12829176572590
12829209862190
12829243153090
12829276440990
12829309729990
12829343025890
12829376308890
12829409597290
12829442893790
12829476175890
12829509465390
12829542762390
12829576071790
12829609333390
12829642624290
12829675913690
12829709202690
12829742491690
12829775780990
12829809071690
12829842359190
12829875648190
12829908938690
12829942227690
12829975535290
12830008807190
12830042096690
12830075393090
12830108675290
12830141963690
12830175260890
12830208541990
12830241831790
12830275128590
12830308412290
12830341699790
12830374990290
12830408280990
12830441589890
12830474858190
12830508166690
12830541456090
12830574725690
12830608014690
12830641304790
12830674594790
12830707885090
12830741177090
12830774463490
12830807757190
12830841041490
12830874330590
12830907625690
12830940910090
12830974198290
12831007494990
12831040779190
12831074065890
12831107356690
12831140646790
12831173934090
12831207223790
12831240532990
12831273803690
12831307092190
12831340381190
12831373671790
12831406964990
12831440251190
12831473539690
12831506829190
12831540123690
12831573407890
12831606697190
12831639992790
12831673276390
12831706564190
12831739861190
12831773142890
12831806432190
12831839722990
12831873083290
12831906300190
12831939591090
12831972880690
12832006169690
12832039458690
12832072747790
12832106038690
12832139325790
12832172617290
12832205906190
12832239196590
12832272489390
12832305774190
12832339065290
12832372359690
12832405642490
12832438930690
12832472227890
12832505509690
12832538798490
12832572089390
12832605378290
12832638682490
12832671957390
12832705248090
12832738534990
12832771824590
12832805113490
12832838431290
12832871692290
12832904984790
12832938272390
12832971561690
12833004855690
12833038140290
12833071430490
12833104724090
12833138008690
12833171296890
12833204593690
12833237876590
12833271165190
12833304455790
12833337745090
12833371032990
12833404323690
12833437613490
12833470901190
12833504190990
12833537505690
12833570770490
12833604059290
12833637349690
12833670638590
12833703940290
12833737221990
12833770506690
12833803796990
12833837090290
12833870374690
12833903664490
12833936959790
12833970243390
12834003531090
12834036821690
12834070110290
12834103399390
12834136689890
12834170016590
12834203267790
12834236557490
12834269848590
12834303136390
12834336425890
12834369716590
12834403005490
12834436292890
12834469588090
12834502872990
12834536165490
12834569456590
12834602741190
12834636030890
12834669326990
12834702609190
12834735897390
12834769188390
12834802476290
12834835765690
12834869055990
12834902345490
12834935633590
12834968924690
12835002214590
12835035501990
12835068791690
12835102082190
12835135405790
12835168659090
12835201954490
12835235239590
12835268528790
12835301822890
12835335106790
12835368397690
12835401691590
12835434975390
12835468263990
12835501554090
12835534843190
12835568131990
12835601422290
12835634712090
12835667999990
12835701290490
12835734580990
12835767867990
12835801158790
12835834477890
12835867737190
12835901026190
12835934320590
12835967605890
12836000915190
12836034189190
12836067473690
12836100770290
12836134057690
12836167341990
12836200631690
12836233920690
12836267210390
12836300498390
12836333788690
12836367077190
12836400366190
12836433660490
12836466945790
12836500234490
12836533524990
12836566815190
12836600104890
12836633392390
12836666686790
12836699972790
12836733259890
12836766554990
12836799839890
12836833129290
12836866423690
12836899708090
12836932997690
12836966286490
12836999576190
12837032864290
12837066155190
12837099443390
12837132732690
12837166022990
12837199324590
12837232600690
12837265891490
12837299182990
12837332468490
12837365758790
12837399054190
12837432362290
12837465626290
12837498921490
12837532206390
12837565495890
12837598789890
12837632074690
12837665364690
12837698652090
12837731942690
12837765230990
12837798520690
12837831810190
12837865098890
12837898389590
12837931678790
12837964967390
12837998257590
12838031548190
12838064835190
12838098125590
12838131421090
12838164704190
12838197993690
12838231287790
12838264572690
12838297882690
12838331169790
12838364440490
12838397749490
12838431018490
12838464308290
12838497598190
12838530887890
12838564177090
12838597466990
12838630755790
12838664043990
12838697333490
12838730623690
12838763913490
12838797201090
12838830492090
12838863788090
12838897071890
12838930359390
12838963653890
12838996939890
12839030227290
12839063522990
12839096814490
12839130095990
12839163384390
12839196675190
12839229964590
12839263259190
12839296543190
12839329831490
12839363121890
12839396410390
12839429699590
12839462989990
12839496279790
12839529568090
12839562858590
12839596154490
12839629435890
12839662725590
12839696020990
12839729354790
12839762593490
12839795888890
12839829173290
12839862467090
12839895750890
12839929041290
12839962330890
12839995618690
12840028910090
12840062199390
12840095487890
12840128777090
12840162065490
12840195356090
12840228647190
12840261933690
12840295224690
12840328520690
12840361802190
12840395092190
12840428416290
12840461671190
12840494960590
12840528255290
12840561539690
12840594827990
12840628116990
12840661407490
12840694725790
12840727985490
12840761275490
12840794565590
12840827854590
12840861144090
12840894432190
12840927728190
12840961010990
12840994300290
12841027590990
12841060885390
12841094168790
12841127459190
12841160754590
12841194038590
12841227326590
12841260621590
12841293906790
12841327194190
12841360483490
12841393774390
12841427062590
12841460351490
12841493641790
12841526931590
12841560243290
12841593509790
12841626798990
12841660093590
12841693377390
12841726666290
12841759960090
12841793253390
12841826534790
12841859824890
12841893121490
12841926403490
12841959692890
12841993020790
12842026306590
12842059559990
12842092849690
12842126140390
12842159431890
12842192717590
12842226008190
12842259298590
12842292585590
12842325876390
12842359164590
12842392454990
12842425744990
12842459032990
12842492323290
12842525618690
12842558900490
12842592191090
12842625486790
12842658768990
12842692059490
12842725386590
12842758637990
12842791927290
12842825219990
12842858506590
12842891794790
12842925084090
12842958373890
12842991714090
12843024951590
12843058242390
12843091532190
12843124821290
12843158111090
12843191399290
12843224690290
12843257982790
12843291267090
12843324557690
12843357852090
12843391135590
12843424425690
12843457721490
12843491004990
12843524293190
12843557581890
12843590873190
12843624160790
12843657453490
12843690740290
12843724031290
12843757318390
12843790608590
12843823899590
12843857214990
12843890477190
12843923765890
12843957070290
12843990348590
12844023633290
12844056924190
12844090219790
12844123501490
12844156792090
12844190089090
12844223368990
12844256659790
12844289952190
12844323238890
12844356527190
12844389816290
12844423125690
12844456397190
12844489684690
12844522975090
12844556265590
12844589552690
12844622843190
12844656131590
12844689421490
12844722716390
12844755999590
12844789290290
12844822603690
12844855867490
12844889158390
12844922454190
12844955735790
12844989025890
12845022353290
12845055604990
12845088894190
12845122182790
12845155473090
12845188761790
12845222050690
12845255341590
12845288681190
12845321919190
12845355209390
12845388498990
12845421788590
12845455082290
12845488366390
12845521657190
12845554950390
12845588233990
12845621524490
12845654821290
12845688101790
12845721392090
12845754689890
12845787971890
12845821260990
12845854549590
12845887839790
12845921127590
12845954420190
12845987707590
12846020996890
12846054285590
12846087575990
12846120866590
12846154179590
12846187448490
12846220732290
12846254045790
12846287316490
12846320600390
12846353890890
12846387186990
12846420468390
12846453758790
12846487056690
12846520336890
12846553626690
12846586915490
12846620205590
12846653494590
12846686784090
12846720074090
12846753363990
12846786651590
12846819942390
12846853231890
12846886519690
12846919814290
12846953098690
12846986388490
12847019684390
12847052966390
12847086257090
12847119563790
12847152834690
12847186124490
12847219421290
12847252702790
12847285993490
12847319282890
12847352572090
12847385861690
12847419149690
12847452440390
12847485728490
12847519017990
12847552308390
12847585630890
12847618885690
12847652180590
12847685467190
12847718755190
12847752050890
12847785332790
12847818624590
12847851934090
12847885200690
12847918490990
12847951786990
12847985069190
12848018359090
12848051649390
12848084938490
12848118227990
12848151516290
12848184807090
12848218094390
12848251384390
12848284674690
12848317964090
12848351252090
12848384546990
12848417832790
12848451119690
12848484416990
12848517700890
12848551018590
12848584283690
12848617567090
12848650856990
12848684153690
12848717435290
12848750725890
12848784016990
12848817303390
12848850593790
12848883882190
12848917172490
12848950462190
12848983750690
12849017042490
12849050330990
12849083618890
12849116912590
12849150198990
12849183486690
12849216783090
12849250065290
12849283355590
12849316650590
12849349933390
12849383224090
12849416541390
12849449801490
12849483092190
12849516394990
12849549669690
12849582960590
12849616249890
12849649538690
12849682828790
12849716116490
12849749407690
12849782695590
12849815984890
12849849279090
12849882564090
12849915852890
12849949148990
12849982433090
12850015722890
12850049016990
12850082301790
12850115591290
12850148887590
12850182167790
12850215458790
12850248747890
12850282036190
12850315326590
12850348616590
12850381910390
12850415194790
12850448482890
12850481773190
12850515061790
12850548351490
12850581645190
12850614930590
12850648219290
12850681515490
12850714800090
12850748087390
12850781382890
12850814666190
12850847978190
12850881251290
12850914534690
12850947824390
12850981113590
12851014402290
12851047693190
12851080983590
12851114270890
12851147561090
12851180849490
12851214139490
12851247429090
12851280717090
12851314011190
12851347297690
12851380585590
12851413881790
12851447165290
12851480453390
12851513749390
12851547035390
12851580322490
12851613618390
12851646900190
12851680190690
12851713507890
12851746768890
12851780058890
12851813371590
12851846636590
12851879927290
12851913216690
12851946506190
12851979795490
12852013085190
12852046381290
12852079662390
12852112951790
12852146247890
12852179531690
12852212819790
12852246115390
12852279399990
12852312689790
12852345984590
12852379266990
12852412558690
12852445845390
12852479134690
12852512425190
12852545714290
12852579003190
12852612293590
12852645583990
12852678889990
12852712161390
12852745449990
12852778743290
12852812038690
12852845317890
12852878613990
12852911898190
12852945186190
12852978482090
12853011767190
12853045054090
12853078350990
12853111633490
12853144979290
12853178211690
12853211501290
12853244791390
12853278081990
12853311369390
12853344659690
12853377949190
12853411237690
12853444527890
12853477817490
12853511109290
12853544395190
12853577684290
12853610980990
12853644264290
12853677553190
12853710848290
12853744132490
12853777420290
12853810717190
12853844009890
12853877289690
12853910579090
12853943885690
12853977157990
12854010446790
12854043735290
12854077025890
12854110353390
12854143602890
12854176894390
12854210183590
12854243476790
12854276761990
12854310050790
12854343348190
12854376629590
12854409919090
12854443214290
12854476498690
12854509786390
12854543083190
12854576366790
12854609656990
12854642945590
12854676233690
12854709533090
12854742812490
12854776101790
12854809392790
12854842681490
12854875970190
12854909260490
12854942549990
12854975863990
12855009128490
12855042416690
12855075721790
12855108995490
12855142285090
12855175580490
12855208865590
12855242153290
12855275449790
12855308733390
12855342020890
12855375311690
12855408616090
12855441890190
12855475181190
12855508468190
12855541758690
12855575049190
12855608336590
12855641626690
12855674917390
12855708206690
12855741494290
12855774783290
12855808080890
12855841363290
12855874651790
12855907947490
12855941233090
12855974519690
12856007815890
12856041099690
12856074387290
12856107677790
12856140981690
12856174256590
12856207546490
12856240842290
12856274124890
12856307413190
12856340702690
12856373993290
12856407313990
12856440572790
12856473861190
12856507150690
12856540445890
12856573728990
12856607017290
12856640315390
12856673596290
12856706885690
12856740182090
12856773465590
12856806753890
12856840044290
12856873333890
12856906623490
12856939912490
12856973200890
12857006491290
12857039779190
12857073068690
12857106359290
12857139649890
12857172938890
12857206227490
12857239517590
12857272833390
12857306095190
12857339384090
12857372718690
12857405962490
12857439251690
12857472548890
12857505831390
12857539120490
12857572410190
12857605701090
12857638987590
12857672278390
12857705567090
12857738856790
12857772146490
12857805435290
12857838725390
12857872015590
12857905305490
12857938593590
12857971884090
12858005178690
12858038461890
12858071749890
12858105045790
12858138330190
12858171617890
12858204914990
12858238213190
12858271486190
12858304776490
12858338069890
12858371354090
12858404645090
12858437953690
12858471223490
12858504513290
12858537801590
12858571091690
12858604379690
12858637671390
12858670959690
12858704286790
12858737542790
12858770828190
12858804117190
12858837413390
12858870696190
12858903984490
12858937282690
12858970562790
12859003852390
12859037142690
12859070433190
12859103720690
12859137011290
12859170301890
12859203589690
12859236879390
12859270188290
12859303458390
12859336746690
12859370037190
12859403326290
12859436615390
12859469909490
12859503194590
12859536484690
12859569777990
12859603062090
12859636350690
12859669681090
12859702929390
12859736218990
12859769509490
12859802798290
12859836087090
12859869377490
12859902667790
12859935955190
12859969245390
12860002533790
12860035824190
12860069113390
12860102404290
12860135692290
12860168982490
12860202276390
12860235560690
12860268850590
12860302144490
12860335428190
12860368717090
12860402017390
12860435296890
12860468584990
12860501875690
12860535186690
12860568453290
12860601743390
12860635058090
12860668321090
12860701611790
12860734925490
12860768190190
12860801480090
12860834770090
12860868058690
12860901346690
12860934641890
12860967926590
12861001216990
12861034509790
12861067794690
12861101084890
12861134381290
12861167666290
12861200951490
12861234242490
12861267531890
12861300819590
12861334109990
12861367398590
12861400687690
12861433978090
12861467267490
12861500565490
12861533846390
12861567136190
12861600429390
12861633713090
12861667008090
12861700292990
12861733581890
12861766876590
12861800161090
12861833450890
12861866744790
12861900029190
12861933318190
12861966645590
12861999896390
12862033185590
12862066475890
12862099765590
12862133053490
12862166344390
12862199634690
12862232922290
12862266212190
12862299502490
12862332791190
12862366080290
12862399374690
12862432659590
12862465949290
12862499242790
12862532527290
12862565817190
12862599111590
12862632395590
12862665684090
12862698974190
12862732263190
12862765551990
12862798842190
12862832130690
12862865419790
12862898710890
12862932023890
12862965287990
12862998578790
12863031871590
12863065173290
12863098446890
12863131741290
12863165026790
12863198314190
12863231608990
12863264893790
12863298182790
12863331477290
12863364761990
12863398051490
12863431340890
12863464629990
12863497918190
12863531209490
12863564498690
12863597786590
12863631076790
12863664366090
12863697654390
12863730944890
12863764237490
12863797544590
12863830812890
12863864107090
12863897409990
12863930680090
12863963975190
12863997260090
12864030549690
12864063844390
12864097129990
12864130418290
12864163705290
12864196996090
12864230284690
12864263574690
12864296862990
12864330152990
12864363442890
12864396733690
12864430020390
12864463311390
12864496603390
12864529889090
12864563179390
12864596502990
12864629757090
12864663046790
12864696342190
12864729625890
12864762921990
12864796209790
12864829494390
12864862783790
12864896072590
12864929362490
12864962654190
12864995941090
12865029230790
12865062518790
12865095809290
12865129097390
12865162387290
12865195677890
12865229017690
12865262254790
12865295545690
12865328841090
12865362124890
12865395413890
12865428707690
12865461993290
12865495280990
12865528576290
12865561860790
12865595149890
12865628438890
12865661728590
12865695017990
12865728309090
12865761597190
12865794885090
12865828176190
12865861463890
12865894752890
12865928043690
12865961334790
12865994621390
12866027912190
12866061208490
12866094530290
12866127779990
12866161074390
12866194408790
12866227647090
12866260942390
12866294228490
12866327516390
12866360804790
12866394094790
12866427385490
12866460672690
12866493962990
12866527251590
12866560541490
12866593830690
12866627119590
12866660409990
12866693701690
12866726987590
12866760278390
12866793573890
12866826855390
12866860147090
12866893441690
12866926724790
12866960014890
12866993308890
12867026592890
12867059903790
12867093170390
12867126461190
12867159762690
12867193038790
12867226328990
12867259618590
12867292907690
12867326197690
12867359485890
12867392776290
12867426064490
12867459353490
12867492644390
12867525972290
12867559221590
12867592512190
12867625808090
12867659091890
12867692380090
12867725675090
12867758959890
12867792247590
12867825537190
12867858827490
12867892116890
12867925405090
12867958695590
12867991988390
12868025275690
12868058563590
12868091852190
12868125142390
12868158430990
12868191720290
12868225010390
12868258305990
12868291588290
12868324878690
12868358175190
12868391456590
12868424746590
12868458041990
12868491374990
12868524614190
12868557903290
12868591193690
12868624484190
12868657771390
12868691061790
12868724351090
12868757639490
12868790929790
12868824219290
12868857508990
12868890797290
12868924086390
12868957376790
12868990672290
12869023954890
12869057244990
12869090540990
12869123822290
12869157113090
12869190439290
12869223691790
12869256981290
12869290269690
12869323559890
12869356848490
12869390137790
12869423427890
12869456744690
12869490005390
12869523296290
12869556585690
12869589874590
12869623163990
12869656452690
12869689744090
12869723036890
12869756320590
12869789610990
12869822906190
12869856188390
12869889494390
12869922775390
12869956058290
12869989346590
12870022635890
12870055926490
12870089214390
12870122503890
12870155793990
12870189083390
12870222371690
12870255662190
12870288953090
12870322266490
12870355529990
12870388818490
12870422117090
12870455402790
12870488686890
12870521977390
12870555274390
12870588554590
12870621845490
12870655141790
12870688423190
12870721712890
12870755040390
12870788292090
12870821581290
12870854869990
12870888160390
12870921451690
12870954738090
12870988028690
12871021318590
12871054605890
12871087896690
12871121185190
12871154475590
12871187769790
12871221053490
12871254343390
12871287638690
12871320921290
12871354211790
12871387507690
12871420789690
12871454079390
12871487406390
12871520657990
12871553947590
12871587236490
12871620526790
12871653814890
12871687104190
12871720394990
12871753712090
12871786972190
12871820273390
12871853552390
12871886841890
12871920136590
12871953419290
12871986710990
12872020003490
12872053287290
12872086578390
12872119873090
12872153155390
12872186445990
12872219741790
12872253025390
12872286313690
12872319602390
12872352894090
12872386181090
12872419470390
12872452761290
12872486051390
12872519338390
12872552630690
12872585919890
12872619207190
12872652502290
12872685785390
12872719100690
12872752369990
12872785653790
12872818943990
12872852240390
12872885521790
12872918812290
12872952125290
12872985389690
12873018680390
12873051968590
12873085259190
12873118548190
12873151836690
12873185127490
12873218417190
12873251704890
12873284995090
12873318285590
12873351573290
12873384868190
12873418151990
12873451441490
12873484737390
12873518019890
12873551310290
12873584623490
12873617887790
12873651178790
12873684475390
12873717756190
12873751046890
12873784336090
12873817625090
12873850915390
12873884203090
12873917493790
12873950781790
12873984070990
12874017361790
12874050684390
12874083939090
12874117235190
12874150519290
12874183809790
12874217103090
12874250386290
12874283677890
12874316971190
12874350253990
12874383544890
12874416841790
12874450122490
12874483412790
12874516703590
12874549995090
12874583281090
12874616569690
12874649859790
12874683147990
12874716437190
12874749727890
12874783017090
12874816305890
12874849603990
12874882886190
12874916173590
12874949468990
12874982752390
12875016064990
12875049337790
12875082620290
12875115911290
12875149207390
12875182488790
12875215779390
12875249069690
12875282357290
12875315647090
12875348935790
12875382225590
12875415515790
12875448803690
12875482094290
12875515383890
12875548671990
12875581967090
12875615253490
12875648540190
12875681835390
12875715119290
12875748408490
12875781704490
12875814986490
12875848277190
12875881593490
12875914854690
12875948145190
12875981463690
12876014723290
12876048013290
12876081302790
12876114592190
12876147881590
12876181169990
12876214461890
12876247748890
12876281037790
12876314332790
12876347619090
12876380905990
12876414202290
12876447487190
12876480776390
12876514070290
12876547352990
12876580644690
12876613934790
12876647221890
12876680511690
12876713800790
12876747104990
12876780379690
12876813669590
12876846974290
12876880248090
12876913535990
12876946831690
12876980115190
12877013404290
12877046699090
12877079983690
12877113272190
12877146568790
12877179853090
12877213140290
12877246436490
12877279721190
12877313040690
12877346304790
12877379587290
12877412877890
12877446167090
12877479455590
12877512745990
12877546036290
12877579323690
12877612613990
12877645902290
12877679192890
12877712482690
12877745770290
12877779065990
12877812350590
12877845638490
12877878948890
12877912219890
12877945506890
12877978802890
12878012091590
12878045375990
12878078671290
12878111953490
12878145244490
12878178532490
12878211821690
12878245112190
12878278444090
12878311689590
12878344980790
12878378274990
12878411560390
12878444848590
12878478136990
12878511433190
12878544715690
12878578005490
12878611301290
12878644602990
12878677872890
12878711169490
12878744452890
12878777743290
12878811036890
12878844319990
12878877611190
12878910898990
12878944188090
12878977478490
12879010767290
12879044056090
12879077346790
12879110637090
12879143946590
12879177214990
12879210503090
12879243815290
12879277082290
12879310371190
12879343667190
12879376952390
12879410239190
12879443535390
12879476820390
12879510107290
12879543403790
12879576686190
12879609976590
12879643265290
12879676554690
12879709845090
12879743134790
12879776425990
12879809712790
12879843003090
12879876290590
12879909580590
12879942869290
12879976163590
12880009449690
12880042737290
12880076033690
12880109328390
12880142605990
12880175901790
12880209191490
12880242473090
12880275770690
12880309053690
12880342342390
12880375632490
12880408920690
12880442211090
12880475499390
12880508788690
12880542079090
12880575425290
12880608656990
12880641947390
12880675236490
12880708532290
12880741815490
12880775103490
12880808401690
12880841682090
12880874971990
12880908268390
12880941550790
12880974840290
12881008136990
12881041419790
12881074709290
12881107997890
12881141287090
12881174577390
12881207865690
12881241155090
12881274445390
12881307737690
12881341023390
12881374313290
12881407603890
12881440896090
12881474181990
12881507469990
12881540785890
12881574048690
12881607338090
12881640634390
