12214521569890
12214554866390
12214588149990
12214621440090
12214654734590
12214688016990
12214721307890
12214754601890
12214787885190
12214821175690
12214854464490
12214887753090
12214921043290
12214954333790
12214987621390
12215020911490
12215054200190
12215087515990
12215120778890
12215154068390
12215187358990
12215220648090
12215253938990
12215287232490
12215320517090
12215353804590
12215387102090
12215420384790
12215453673690
12215486968790
12215520250990
12215553541590
12215586838490
12215620118990
12215653409990
12215686699590
12215719987590
12215753277390
12215786567190
12215819856290
12215853146490
12215886434490
12215919725590
12215953013090
12215986301990
12216019611990
12216052915190
12216086170190
12216119466690
12216152754490
12216186039990
12216219335390
12216252619190
12216285908990
12216319196190
12216352485490
12216385776290
12216419064790
12216452353490
12216485643890
12216518933490
12216552222890
12216585511790
12216618800390
12216652092490
12216685378890
12216718668190
12216751964590
12216785248090
12216818536590
12216851832790
12216885117890
12216918405290
12216951701190
12216984983490
12217018303590
12217051561890
12217084851390
12217118141790
12217151431690
12217184719790
12217218009790
12217251300590
12217284587990
12217317877390
12217351166590
12217384456890
12217417746290
12217451034690
12217484330690
12217517614990
12217550904090
12217584199090
12217617483790
12217650770890
12217684067590
12217717356790
12217750639690
12217783929190
12217817217390
12217850508190
12217883796190
12217917089790
12217950376390
12217983692890
12218016954290
12218050244190
12218083534090
12218116824190
12218150112290
12218183401090
12218216700990
12218249979290
12218283269190
12218316565590
12218349848190
12218383136990
12218416433690
12218449718390
12218483006590
12218516298990
12218549583490
12218582875090
12218616162190
12218649451890
12218682742190
12218716031290
12218749319890
12218782609890
12218815900890
12218849211190
12218882478390
12218915766890
12218949085390
12218982345890
12219015634890
12219048931290
12219082214790
12219115502890
12219148799790
12219182083590
12219215370790
12219248661490
12219281949890
12219315240190
12219348529090
12219381818090
12219415108690
12219448398990
12219481685990
12219514975990
12219548266590
12219581554690
12219614844990
12219648133090
12219681429490
12219714713190
12219748001190
12219781297890
12219814605890
12219847869290
12219881165890
12219914475990
12219947737290
12219981031390
12220014318790
12220047606290
12220080896190
12220114184390
12220147479890
12220180763190
12220214052290
12220247342290
12220280631590
12220313920790
12220347211090
12220380500590
12220413798690
12220447078990
12220480367490
12220513664490
12220546945990
12220580248690
12220613531590
12220646814890
12220680103690
12220713397290
12220746684390
12220779993990
12220813261990
12220846550390
12220879863890
12220913129190
12220946418790
12220979708990
12221012997790
12221046286890
12221079576690
12221112867590
12221146162090
12221179444990
12221212733590
12221246029590
12221279312990
12221312601490
12221345898090
12221379181990
12221412469590
12221445763590
12221479049590
12221512337590
12221545628090
12221578934990
12221612206690
12221645495690
12221678784290
12221712078090
12221745392090
12221778652990
12221811942790
12221845252190
12221878526290
12221911810990
12221945100890
12221978396390
12222011679390
12222044969190
12222078264690
12222111545790
12222144835990
12222178129690
12222211415690
12222244704290
12222277993990
12222311283690
12222344573890
12222377862090
12222411150590
12222444441890
12222477729590
12222511018690
12222544308690
12222577598090
12222610892690
12222644177990
12222677467290
12222710783690
12222744045390
12222777333490
12222810639190
12222843912790
12222877201690
12222910495990
12222943781990
12222977069790
12223010360490
12223043650490
12223076937790
12223110227890
12223143517190
12223176806790
12223210095890
12223243386190
12223276674790
12223309965490
12223343258790
12223376543490
12223409833790
12223443127190
12223476412890
12223509700290
12223542996690
12223576279790
12223609571290
12223642858090
12223676169490
12223709436090
12223742726690
12223776027190
12223809304590
12223842594190
12223875884090
12223909173290
12223942462990
12223975752090
12224009042190
12224042329790
12224075625090
12224108909590
12224142197990
12224175493090
12224208777790
12224242067190
12224275364290
12224308646290
12224341934190
12224375235490
12224408512790
12224441802190
12224475092690
12224508381490
12224541670190
12224574960890
12224608250690
12224641558590
12224674828890
12224708118090
12224741419690
12224774695990
12224807991390
12224841275590
12224874564990
12224907858990
12224941143790
12224974433990
12225007727990
12225041011890
12225074300390
12225107594190
12225140895790
12225174168890
12225207458490
12225240748990
12225274036590
12225307326890
12225340616890
12225373904690
12225407195190
12225440512790
12225473773690
12225507063490
12225540357790
12225573641690
12225606947890
12225640225490
12225673510190
12225706806690
12225740094090
12225773378590
12225806668090
12225839960390
12225873246390
12225906534390
12225939825190
12225973112590
12226006402390
12226039692890
12226072982190
12226106270990
12226139560890
12226172851490
12226206141090
12226239429190
12226272727090
12226306008990
12226339296390
12226372591290
12226405876290
12226439165090
12226472459890
12226505743990
12226539034090
12226572344490
12226605612190
12226638900690
12226672203590
12226705479090
12226738768490
12226772058990
12226805348290
12226838636890
12226871926790
12226905218190
12226938505390
12226971795490
12227005089790
12227038421690
12227071662490
12227104957490
12227138242390
12227171532290
12227204826090
12227238110690
12227271400090
12227304688090
12227337978490
12227371266790
12227404557190
12227437846390
12227471134890
12227504425290
12227537730190
12227571003390
12227604293290
12227637585890
12227670871390
12227704161590
12227737457490
12227770740090
12227804029690
12227837324090
12227870608590
12227903896490
12227937192290
12227970476790
12228003798890
12228037053890
12228070344490
12228103633890
12228136924690
12228170212390
12228203500990
12228236792390
12228270079390
12228303369190
12228336659790
12228369948890
12228403237390
12228436527390
12228469823490
12228503118690
12228536395990
12228569690090
12228602984690
12228636263090
12228669558090
12228702843090
12228736131890
12228769420190
12228802710990
12228836001290
12228869288690
12228902578890
12228935867190
12228969157190
12229002445890
12229035735090
12229069025890
12229102316590
12229135603590
12229168894090
12229202190590
12229235471790
12229268761890
12229302085690
12229335340190
12229368630690
12229401924190
12229435208790
12229468508290
12229501786590
12229535076690
12229568367390
12229601654590
12229634944990
12229668234890
12229701523590
12229734813490
12229768101590
12229801392190
12229834679790
12229867969590
12229901259990
12229934588690
12229967837290
12230001127690
12230034423390
12230067707790
12230100996190
12230134290690
12230167575690
12230200863190
12230234152690
12230267443490
12230300732190
12230334020790
12230367310890
12230400601090
12230433897590
12230467179490
12230500467390
12230533757490
12230567046390
12230600335790
12230633625890
12230666921390
12230700203790
12230733493890
12230766790690
12230800072490
12230833362290
12230866657290
12230899974390
12230933229690
12230966518490
12230999808990
12231033099090
12231066386590
12231099677190
12231132967690
12231166254790
12231199545090
12231232836790
12231266123590
12231299412990
12231332701590
12231365992490
12231399291490
12231432569590
12231465860190
12231499156190
12231532437590
12231565728490
12231599024590
12231632308090
12231665596690
12231698884990
12231732175390
12231765463590
12231798752990
12231832043390
12231865383090
12231898620790
12231931911390
12231965200790
12231998494690
12232031779790
12232065067690
12232098359490
12232131652590
12232164935790
12232198226490
12232231521290
12232264803990
12232298094890
12232331390590
12232364674590
12232397962690
12232431251090
12232464541190
12232497829790
12232531119090
12232564409290
12232597698290
12232630987090
12232664277690
12232697567790
12232730855390
12232764148490
12232797433690
12232830780890
12232864018290
12232897301990
12232930592590
12232963888690
12232997170290
12233030460790
12233063757690
12233097038590
12233130329090
12233163617290
12233196906690
12233230196690
12233263485090
12233296775690
12233330065390
12233363353590
12233396643590
12233429933290
12233463222190
12233496511690
12233529806190
12233563090290
12233596385590
12233629667990
12233662958690
12233696252790
12233729536090
12233762827090
12233796172290
12233829404590
12233862694790
12233896025590
12233929274690
12233962562890
12233995851590
12234029142790
12234062429990
12234095719690
12234129009590
12234162298590
12234195587390
12234228877690
12234262167490
12234295456890
12234328751490
12234362034490
12234395324490
12234428618390
12234461902690
12234495192490
12234528489490
12234561770490
12234595060890
12234628357990
12234661655690
12234694929290
12234728217290
12234761558390
12234794796490
12234828085290
12234861376190
12234894665490
12234927953290
12234961244190
12234994534190
12235027821690
12235061117390
12235094400590
12235127690890
12235160985190
12235194268690
12235227558990
12235260855190
12235294136390
12235327427190
12235360722990
12235394004590
12235427295290
12235460584690
12235493873890
12235527163690
12235560451490
12235593742190
12235627030490
12235660319790
12235693610290
12235726929890
12235760187690
12235793487290
12235826767290
12235860057190
12235893351890
12235926634490
12235959926390
12235993219890
12236026502590
12236059792990
12236093085590
12236126370790
12236159661390
12236192950690
12236226239990
12236259529890
12236292817590
12236326108290
12236359396790
12236392686090
12236425976390
12236459265490
12236492553990
12236525849890
12236559157890
12236592422290
12236625717990
12236659000690
12236692335090
12236725585690
12236758869390
12236792159490
12236825455690
12236858736690
12236892027390
12236925318090
12236958605190
12236991895490
12237025183790
12237058474090
12237091763490
12237125051890
12237158342690
12237191632290
12237224920090
12237258215790
12237291499690
12237324789490
12237358084790
12237391367690
12237424656990
12237457953190
12237491234790
12237524525390
12237557814090
12237591103290
12237624393590
12237657724190
12237690974890
12237724261590
12237757551090
12237790839790
12237824129790
12237857418390
12237890710190
12237923996890
12237957286190
12237990582090
12238023866090
12238057153890
12238090450090
12238123733590
12238157024090
12238190318590
12238223601290
12238256891690
12238290179890
12238323469390
12238356760090
12238390049390
12238423338090
12238456645090
12238489917990
12238523205790
12238556495790
12238589784190
12238623098790
12238656362990
12238689652290
12238722948690
12238756232090
12238789519990
12238822816590
12238856101090
12238889388590
12238922685290
12238955974990
12238989256890
12239022553690
12239055835590
12239089125690
12239122416190
12239155703290
12239188993990
12239222283290
12239255571890
12239288861990
12239322151590
12239355440590
12239388730290
12239422018590
12239455314490
12239488597390
12239521886890
12239555182990
12239588503790
12239621754590
12239655051390
12239688334090
12239721623890
12239754919590
12239788201390
12239821492790
12239854780190
12239888069690
12239921360190
12239954649390
12239987937290
12240021227790
12240054517890
12240087807790
12240121096290
12240154384790
12240187681390
12240220963490
12240254252990
12240287548690
12240320832690
12240354136490
12240387417590
12240420701990
12240453988890
12240487282290
12240520567590
12240553887590
12240587146190
12240620435690
12240653726090
12240687015390
12240720303990
12240753594290
12240786884290
12240820171790
12240853462390
12240886750790
12240920045790
12240953330090
12240986618690
12241019914790
12241053199090
12241086486890
12241119783390
12241153066090
12241186354490
12241219651690
12241252935090
12241286223990
12241319513490
12241352801590
12241386092290
12241419409490
12241452669990
12241485977790
12241519275590
12241552537590
12241585827990
12241619117890
12241652414690
12241685696590
12241718985090
12241752281490
12241785563690
12241818852990
12241852149690
12241885434190
12241918720990
12241952018090
12241985300990
12242018590790
12242051879690
12242085168190
12242118459190
12242151746790
12242185035890
12242218326790
12242251625990
12242284904390
12242318194590
12242351489490
12242384801590
12242418061190
12242451350790
12242484662890
12242517929390
12242551218790
12242584515590
12242617800390
12242651087290
12242684383990
12242717667590
12242750955690
12242784246190
12242817533790
12242850824090
12242884113590
12242917402290
12242950692590
12242983982490
12243017270590
12243050560590
12243083849790
12243117145090
12243150428490
12243183718790
12243217013090
12243250297190
12243283585290
12243316882090
12243350186290
12243383453390
12243416750190
12243450058190
12243483321390
12243516612190
12243549919690
12243583190590
12243616479790
12243649768190
12243683059790
12243716347290
12243749636390
12243782931390
12243816215190
12243849509890
12243882794890
12243916084490
12243949381290
12243982662390
12244015951290
12244049249290
12244082530290
12244115819490
12244149134790
12244182399190
12244215687590
12244248978090
12244282273290
12244315578190
12244348846190
12244382134190
12244415441390
12244448712990
12244482002790
12244515292890
12244548581690
12244581875690
12244615161090
12244648451290
12244681744690
12244715028790
12244748317590
12244781613690
12244814896790
12244848185790
12244881482290
12244914769090
12244948053790
12244981344090
12245014633290
12245047921590
12245081212190
12245114502290
12245147790690
12245181080790
12245214368790
12245247658990
12245280969690
12245314242090
12245347527290
12245380830690
12245414110290
12245447394690
12245480684690
12245513980790
12245547263590
12245580551490
12245613849390
12245647132290
12245680419790
12245713710190
12245746999490
12245780287890
12245813577890
12245846868090
12245880157890
12245913446490
12245946734890
12245980025790
12246013313490
12246046607990
12246079892990
12246113182090
12246146476790
12246179761690
12246213051090
12246246366690
12246279629290
12246312917690
12246346220090
12246379496490
12246412785890
12246446079490
12246479365790
12246512653890
12246545944790
12246579234490
12246612522390
12246645812590
12246679101190
12246712391090
12246745680190
12246778974490
12246812259490
12246845549590
12246878842790
12246912127490
12246945416790
12246978711190
12247011995390
12247045285290
12247078580190
12247111864190
12247145151990
12247178442890
12247211750290
12247245020790
12247278310490
12247311631090
12247344888490
12247378178790
12247411495790
12247444756990
12247478046790
12247511340390
12247544625890
12247577913590
12247611209090
12247644493690
12247677783190
12247711077090
12247744361790
12247777650890
12247810947790
12247844229190
12247877517990
12247910809490
12247944097190
12247977385890
12248010676790
12248043965890
12248077254490
12248110544990
12248143834490
12248177140690
12248210412890
12248243706790
12248277006290
12248310279990
12248343576590
12248376859790
12248410149290
12248443443190
12248476727890
12248510018090
12248543305490
12248576595390
12248609884090
12248643174590
12248676463290
12248709752590
12248743042790
12248776332690
12248809620690
12248842910990
12248876199890
12248909487990
12248942779090
12248976073790
12249009357490
12249042646790
12249075941290
12249109225890
12249142528690
12249175811090
12249209093790
12249242387190
12249275675290
12249308961790
12249342251790
12249375540490
12249408829790
12249442118690
12249475434790
12249508698590
12249541986290
12249575276890
12249608566790
12249641854790
12249675145490
12249708440490
12249741724690
12249775013190
12249808307290
12249841592190
12249874880090
12249908175690
12249941460090
12249974749390
12250008037690
12250041328190
12250074617690
12250107924090
12250141195790
12250174484390
12250207775990
12250241073890
12250274352590
12250307643090
12250340932490
12250374221290
12250407511590
12250440807790
12250474089190
12250507379390
12250540673890
12250573992790
12250607246490
12250640541990
12250673826290
12250707116490
12250740407790
12250773694690
12250806983990
12250840271890
12250873562190
12250906851890
12250940141090
12250973430590
12251006719090
12251040009090
12251073310690
12251106587190
12251139877290
12251173172690
12251206454790
12251239745690
12251273069090
12251306324190
12251339613890
12251372911290
12251406192290
12251439480290
12251472773690
12251506060690
12251539380690
12251572638090
12251605928190
12251639217990
12251672507190
12251705796690
12251739084790
12251772376290
12251805663390
12251838953390
12251872243290
12251905537590
12251938820990
12251972111490
12252005407590
12252038693290
12252071979690
12252105274190
12252138558090
12252171846990
12252205136090
12252238426390
12252271715490
12252305004590
12252338294690
12252371585090
12252404872590
12252438162490
12252471451290
12252504819990
12252538029790
12252571319190
12252604609290
12252637906390
12252671374790
12252704477790
12252737773490
12252771055690
12252804345990
12252837671990
12252870924090
12252904214090
12252937505790
12252970792590
12253004081990
12253037370390
12253070660790
12253103950190
12253137238490
12253170528790
12253203817590
12253237107590
12253270400690
12253303685590
12253336976190
12253370269190
12253403553590
12253436843990
12253470189690
12253503421390
12253536711590
12253570038390
12253603290490
12253636579790
12253669868290
12253703159290
12253736447090
12253769736390
12253803026690
12253836315990
12253869604490
12253902894690
12253936184090
12253969473890
12254002762890
12254036051290
12254069345090
12254102634790
12254135919390
12254169210090
12254202505390
12254235787690
12254269077990
12254302374990
12254335656090
12254368946390
12254402234390
12254435574990
12254468813090
12254502102590
12254535392690
12254568683790
12254601970490
12254635261290
12254668550690
12254701839090
12254735128590
12254768418690
12254801724390
12254835002290
12254868285790
12254901576190
12254934871590
12254968153690
12255001444290
12255034740290
12255068021890
12255101312490
12255134639090
12255167890690
12255201180790
12255234468690
12255267759390
12255301047390
12255334336990
12255367627290
12255400945490
12255434204690
12255467495090
12255500784790
12255534074190
12255567371990
12255600651790
12255633943290
12255667236190
12255700519890
12255733810090
12255767105790
12255800388490
12255833678490
12255866974490
12255900257190
12255933546590
12255966835090
12256000125690
12256033413390
12256066703390
12256099993390
12256133282490
12256166570990
12256199861990
12256233151890
12256266439190
12256299734690
12256333018090
12256366327290
12256399601990
12256432886090
12256466176290
12256499473790
12256532754390
12256566044890
12256599339790
12256632621990
12256665912590
12256699257690
12256732491690
12256765780890
12256799069290
12256832359890
12256865649390
12256898937090
12256932227590
12256965517590
12256998804790
12257032100490
12257065384090
12257098674490
12257131969890
12257165252190
12257198543090
12257231837090
12257265120090
12257298410990
12257331740490
12257364988290
12257398279090
12257431568090
12257464858490
12257498147290
12257531435490
12257564726090
12257598013990
12257631303190
12257664593490
12257697882790
12257731171290
12257764466590
12257797751390
12257831041190
12257864335690
12257897618690
12257930908890
12257964203690
12257997485990
12258030776890
12258064072590
12258097354690
12258130644890
12258163935090
12258197222790
12258230512690
12258263801290
12258297114290
12258330379490
12258363669590
12258396959990
12258430250490
12258463537390
12258496832790
12258530117890
12258563405790
12258596704990
12258629985590
12258663274290
12258696570490
12258729852690
12258763143290
12258796439690
12258829720590
12258863011090
12258896300990
12258929588390
12258962879590
12258996168490
12259029457490
12259062747590
12259096035490
12259129326090
12259162613990
12259195903790
12259229199190
12259262513990
12259295771690
12259329068090
12259362351990
12259395640890
12259428936490
12259462218690
12259495510090
12259528800990
12259562086690
12259595377090
12259628665990
12259661954690
12259695245290
12259728535090
12259761824690
12259795113390
12259828401590
12259861692690
12259894979990
12259928269890
12259961565090
12259994849490
12260028137990
12260061434090
12260094718790
12260128028090
12260161302590
12260194584790
12260227905090
12260261163290
12260294452890
12260327743090
12260361033690
12260394320590
12260427611390
12260460901490
12260494191890
12260527479390
12260560768490
12260594058090
12260627347790
12260660635890
12260693931190
12260727216290
12260760503990
12260793800490
12260827084690
12260860371590
12260893668790
12260926957290
12260960240490
12260993537190
12261026818990
12261060108790
12261093426390
12261126687290
12261159977490
12261193286290
12261226554790
12261259845290
12261293134490
12261326424390
12261359713790
12261393002190
12261426298190
12261459627390
12261492870090
12261526166590
12261559449690
12261592737990
12261626057290
12261659318190
12261692608090
12261725902990
12261759184990
12261792475790
12261825763990
12261859053290
12261892343990
12261925632890
12261958920990
12261992211390
12262025501990
12262058811990
12262092079690
12262125368190
12262158673090
12262191946590
12262225236290
12262258532590
12262291816890
12262325104490
12262358400790
12262391688090
12262424972590
12262458268490
12262491563490
12262524841690
12262558130290
12262591419190
12262624709690
12262657999890
12262691287290
12262724577590
12262757868190
12262791155390
12262824446090
12262857734490
12262891029590
12262924313990
12262957602190
12262990898790
12263024198790
12263057470590
12263090766890
12263124066290
12263157338190
12263190635090
12263223929590
12263257207790
12263290496490
12263323785290
12263357075790
12263390363890
12263423653290
12263456944090
12263490232790
12263523521490
12263556812290
12263590101390
12263623397890
12263656680190
12263689968090
12263723266390
12263756547590
12263789836690
12263823133390
12263856416690
12263889704490
12263923001390
12263956284790
12263989584890
12264022862790
12264056151490
12264089444990
12264122729990
12264156019990
12264189310090
12264222600190
12264255887790
12264289180290
12264322468190
12264355761090
12264389046390
12264422335990
12264455664190
12264488912790
12264522202690
12264555499190
12264588783090
12264622070790
12264655367590
12264688653090
12264721938490
12264755228590
12264788535790
12264821807890
12264855097090
12264888385890
12264921675890
12264954969690
12264988253790
12265021544190
12265054832790
12265088126390
12265121412490
12265154701090
12265187997690
12265221280090
12265254569090
12265287865490
12265321147390
12265354436790
12265387733390
12265421052690
12265454304690
12265487595190
12265520884790
12265554178590
12265587463290
12265620752190
12265654043190
12265687330190
12265720619690
12265753910590
12265787199690
12265820493390
12265853778390
12265887067890
12265920362990
12265953646590
12265986934690
12266020232190
12266053513390
12266086803090
12266120099690
12266153383690
12266186681890
12266219961390
12266253252290
12266286539590
12266319829490
12266353140390
12266386458390
12266419696790
12266452985990
12266486276390
12266519565990
12266552858790
12266586144690
12266619435090
12266652727890
12266686012590
12266719300790
12266752597690
12266785881190
12266819169190
12266852465590
12266885748490
12266919037090
12266952327590
12266985617290
12267018904990
12267052195390
12267085506590
12267118774290
12267152063690
12267185352490
12267218642490
12267251930990
12267285224690
12267318514190
12267351820490
12267385093990
12267418379290
12267451668290
12267484964390
12267518247390
12267551535090
12267584832990
12267618115290
12267651403290
12267684693790
12267717982290
12267751271090
12267784561290
12267817851590
12267851140990
12267884429790
12267917718490
12267951008690
12267984296990
12268017591090
12268050876990
12268084167390
12268117460590
12268150744890
12268184035690
12268217328990
12268250613190
12268283901490
12268317231190
12268350481790
12268383769990
12268417059890
12268450349090
12268483637690
12268516928290
12268550218490
12268583505890
12268616795590
12268650113090
12268683374690
12268716663490
12268749957090
12268783242990
12268816532590
12268849830990
12268883110990
12268916400990
12268949694790
12268982979290
12269016267690
12269049564690
12269082848090
12269116135590
12269149426290
12269182714490
12269216007290
12269249293590
12269282602390
12269315871490
12269349161890
12269382479590
12269415740990
12269449030590
12269482322990
12269515609790
12269548897490
12269582192190
12269615477490
12269648766090
12269682060890
12269715345090
12269748634690
12269781931690
12269815213190
12269848501390
12269881793090
12269915080690
12269948369790
12269981660490
12270014950790
12270048238190
12270081527790
12270114818790
12270148128190
12270181396390
12270214718890
12270247999290
12270281263490
12270314558990
12270347843190
12270381132190
12270414427190
12270447711390
12270481001890
12270514292290
12270547579490
12270580867890
12270614158090
12270647447690
12270680736190
12270714026090
12270747315590
12270780603990
12270813894390
12270847184690
12270880471890
12270913761990
12270947084590
12270980340790
12271013630090
12271046925090
12271080209290
12271113523190
12271146793390
12271180077790
12271213381890
12271246658290
12271279945890
12271313234990
12271346523990
12271379813690
12271413101990
12271446392890
12271479680690
12271512969790
12271546260490
12271579549890
12271612838090
12271646128390
12271679422890
12271712707890
12271745996890
12271779291090
12271812577890
12271845863890
12271879159390
12271912443690
12271945733890
12271979028990
12272012311690
12272045602190
12272078913390
12272112180090
12272145467990
12272178763890
12272212046790
12272245336090
12272278626890
12272311915890
12272345204490
12272378494890
12272411790190
12272445072390
12272478362090
12272511657390
12272544943190
12272578229790
12272611525490
12272644809590
12272678099590
12272711393590
12272744677590
12272777968190
12272811255690
12272844545690
12272877834190
12272911124290
12272944413890
12272977702690
12273010995890
12273044295990
12273077570490
12273110860590
12273144154690
12273177438490
12273210728590
12273244053290
12273277309190
12273310596390
12273343891490
12273377177590
12273410463690
12273443756290
12273477043890
12273510364290
12273543621190
12273576911890
12273610201090
12273643490390
12273676779990
12273710068490
12273743359790
12273776658490
12273809936690
12273843227290
12273876522090
12273909804790
12273943094590
12273976391990
12274009673690
12274042962590
12274076257890
12274109542090
12274142830290
12274176125990
12274209410190
12274242698890
12274275987890
12274309277890
12274342568590
12274375855290
12274409146190
12274442434690
12274475761490
12274509013090
12274542302790
12274575592790
12274608887290
12274642170790
12274675460590
12274708757890
12274742039190
12274775330090
12274808623890
12274841907590
12274875197190
12274908505490
12274941776090
12274975065290
12275008353890
12275041644190
12275074933490
12275108222090
12275141512190
12275174801990
12275208090990
12275241380490
12275274668790
12275307959290
12275341251590
12275374536890
12275407827490
12275441150490
12275474404590
12275507695190
12275541019590
12275574273590
12275607563290
12275640857790
12275674146990
12275707430790
12275740720190
12275774010690
12275807300790
12275840587990
12275873878890
12275907169190
12275940457390
12275973746590
12276007034990
12276040325490
12276073617390
12276106902490
12276140193090
12276173488790
12276206771290
12276240060990
12276273358090
12276306638590
12276339929390
12276373224390
12276406545690
12276439796690
12276473085890
12276506376290
12276539665690
12276572954290
12276606244390
12276639534790
12276672822790
12276706112490
12276739400690
12276772691190
12276805999290
12276839268890
12276872559090
12276905856790
12276939136990
12276972427590
12277005723890
12277039005090
12277072295390
12277105622790
12277138874390
12277172163990
12277205452090
12277238742690
12277272030490
12277305320890
12277338610690
12277371928790
12277405188190
12277438478890
12277471768090
12277505057490
12277538350390
12277571635090
12277604926590
12277638219690
12277671503190
12277704793290
12277738089890
12277771371090
12277804661690
12277837959190
12277871240790
12277904529890
12277937818290
12277971109090
12278004397090
12278037686390
12278070976590
12278104265690
12278137554090
12278170844890
12278204136590
12278237451590
12278270716890
12278304001090
12278337312790
12278370587190
12278403869490
12278437159790
12278470455990
12278503737490
12278537027090
12278570324990
12278603605690
12278636895890
12278670184090
12278703477290
12278736763490
12278770052190
12278803343090
12278836632890
12278869920390
12278903210990
12278936501290
12278969788390
12279003082790
12279036367490
12279069657990
12279102952790
12279136235490
12279169525890
12279202840390
12279236103590
12279269394190
12279302692890
12279335971790
12279369261790
12279402551490
12279435840290
12279469130490
12279502418690
12279535709190
12279568997190
12279602286590
12279635576990
12279668867190
12279702154690
12279735448890
12279768735490
12279802024890
12279835333990
12279868601190
12279901892590
12279935186390
12279968469590
12280001760090
12280035055390
12280068337890
12280101628490
12280134917790
12280168217690
12280201495890
12280234784790
12280268078290
12280301363390
12280334652890
12280367943090
12280401231990
12280434520690
12280467814890
12280501101790
12280534388590
12280567685190
12280600970790
12280634289690
12280667551990
12280700835690
12280734125890
12280767423190
12280800703790
12280833994390
12280867284790
12280900572190
12280933862190
12280967150890
12281000440890
12281033730790
12281067018690
12281100309090
12281133600090
12281166887090
12281200181090
12281233466390
12281266754690
12281300051490
12281333333790
12281366639190
12281399919190
12281433201890
12281466492190
12281499786990
12281533069790
12281566360090
12281599703790
12281632937890
12281666228390
12281699518990
12281732806690
12281766096190
12281799385190
12281832676190
12281865963390
12281899253090
12281932547190
12281965858490
12281999120890
12282032417090
12282065700890
12282098990190
12282132298790
12282165567890
12282198858890
12282232153390
12282265435890
12282298726490
12282332015990
12282365304190
12282398593990
12282431884890
12282465171590
12282498462690
12282531750990
12282565070190
12282598329890
12282631619290
12282664912690
12282698198690
12282731487190
12282764783290
12282798067690
12282831355290
12282864651290
12282897942390
12282931224190
12282964519290
12282997802090
12283031092390
12283064382290
12283097670290
12283130960490
12283164250690
12283197538290
12283230828590
12283264121890
12283297407290
12283330696690
12283363985290
12283397278990
12283430563990
12283463853290
12283497149290
12283530453590
12283563720690
12283597017790
12283630307290
12283663590390
12283696885990
12283730168090
12283763459490
12283796746890
12283830036290
12283863326790
12283896615890
12283929904590
12283963194590
12283996484690
12284029789090
12284063062990
12284096351290
12284129646290
12284162930290
12284196219190
12284229515390
12284262798890
12284296087290
12284329383490
12284362668390
12284395955890
12284429251790
12284462534390
12284495854090
12284529113090
12284562402590
12284595692790
12284628981890
12284662270790
12284695561490
12284728851290
12284762138790
12284795429190
12284828717590
12284862010090
12284895296790
12284928585990
12284961881890
12284995165590
12285028453790
12285061749790
12285095033990
12285128321790
12285161618490
12285194910790
12285228190390
12285261479790
12285294768590
12285328059290
12285361375890
12285394636790
12285427926990
12285461228190
12285494504490
12285527795390
12285561085090
12285594378290
12285627663190
12285660951490
12285694248290
12285727530690
12285760819890
12285794116090
12285827399190
12285860687890
12285893984690
12285927267990
12285960557090
12285993846090
12286027136490
12286060425890
12286093713390
12286127002490
12286160293490
12286193582990
12286226870690
12286260161390
12286293450590
12286326766490
12286360029790
12286393317690
12286426622890
12286459896290
12286493186090
12286526481990
12286559765190
12286593053590
12286626350990
12286659634790
12286692925390
12286726212290
12286759500390
12286792790490
12286826079590
12286859368890
12286892659190
12286925949090
12286959237090
12286992527390
12287025817590
12287059110290
12287092395290
12287125683890
12287158979890
12287192263890
12287225551890
12287258848590
12287292142190
12287325420190
12287358716790
12287392000290
12287425287790
12287458578690
12287491867890
12287525157090
12287558447190
12287591734990
12287625025390
12287658313990
12287691603590
12287724893690
12287758219690
12287791474790
12287824761790
12287858051190
12287891348390
12287924629490
12287957918090
12287991215390
12288024496690
12288057786090
12288091083090
12288124365490
12288157654290
12288190944490
12288224238290
12288257524890
12288290812590
12288324101490
12288357391590
12288390679490
12288423970590
12288457259390
12288490549390
12288523840190
12288557127590
12288590421090
12288623711690
12288656995890
12288690283990
12288723611190
12288756862890
12288790152090
12288823448990
12288856733490
12288890019890
12288923310990
12288956600690
12288989888790
12289023178590
12289056488790
12289089757390
12289123046590
12289156335790
12289189625890
12289222915090
12289256206290
12289289493690
12289322783090
12289356077590
12289389361890
12289422651890
12289455946590
12289489230290
12289522518190
12289555815190
12289589096590
12289622386490
12289655676990
12289688993390
12289722254090
12289755544790
12289788834390
12289822123490
12289855413090
12289888701690
12289921992990
12289955279890
12289988572290
12290021859890
12290055149190
12290088443090
12290121727990
12290155017790
12290188313790
12290221596190
12290254884790
12290288181690
12290321464790
12290354752290
12290388042590
12290421331890
12290454620790
12290487914290
12290521200890
12290554488690
12290587779090
12290621067590
12290654395190
12290687645890
12290720938390
12290754225890
12290787515590
12290820808790
12290854094090
12290887384890
12290920677490
12290953961590
12290987250290
12291020547090
12291053831190
12291087118490
12291120409290
12291153698790
12291186986490
12291220276790
12291253566390
12291286854690
12291320145290
12291353434890
12291386723690
12291420013590
12291453305290
12291486592090
12291519902590
12291553175390
12291586460290
12291619779390
12291653043990
12291686327990
12291719617790
12291752913690
12291786196590
12291819484690
12291852775590
12291886063190
12291919353090
12291952643190
12291985932190
12292019227590
12292052511490
12292085800990
12292119090990
12292152379490
12292185670290
12292218959190
12292252246390
12292285541790
12292318826590
12292352115790
12292385412990
12292418694690
12292451988890
12292485300890
12292518562090
12292551850790
12292585157490
12292618429590
12292651719190
12292685009590
12292718298590
12292751586990
12292784877290
12292818167990
12292851454890
12292884745090
12292918036890
12292951323990
12292984612890
12293017907890
12293051192290
12293084482590
12293117776190
12293151060790
12293184349990
12293217644090
12293250928690
12293284218390
12293317507090
12293350796590
12293384084990
12293417375590
12293450682190
12293483952690
12293517243490
12293550540190
12293583820990
12293617111590
12293650432290
12293683690290
12293716979790
12293750273690
12293783558390
12293816846390
12293850141890
12293883426590
12293916749290
12293950009790
12293983294590
12294016583890
12294049874690
12294083162290
12294116450990
12294149742190
12294183029590
12294216319190
12294249609690
12294282901890
12294316187390
12294349477490
12294382771090
12294416064490
12294449346290
12294482639790
12294515929990
12294549213290
12294582507790
12294615792790
12294649081890
12294682376490
12294715661190
12294748951390
12294782238490
12294815528690
12294848816890
12294882147390
12294915395890
12294948685390
12294981975890
12295015265990
12295048553290
12295081844090
12295115136490
12295148421290
12295181711890
12295215036590
12295248290590
12295281580290
12295314874290
12295348158690
12295381448890
12295414746290
12295448026790
12295481317190
12295514604690
12295547895190
12295581184390
12295614473490
12295647762590
12295681051590
12295714341790
12295747629890
12295780919290
12295814209490
12295847552190
12295880787390
12295914077690
12295947373390
12295980656690
12296013946290
12296047240190
12296080525590
12296113813690
12296147108890
12296180395390
12296213681690
12296246971090
12296280261290
12296313550690
12296346839890
12296380128890
12296413417590
12296446708490
12296479996490
12296513285290
12296546575690
12296579868290
12296613153990
12296646443790
12296679740490
12296713022090
12296746312390
12296779606590
12296812918190
12296846179390
12296879474490
12296912759190
12296946049690
12296979336690
12297012627090
12297045916590
12297079204790
12297112494990
12297145785190
12297179073690
12297212363790
12297245651890
12297278942090
12297312238990
12297345519690
12297378809790
12297412106590
12297445387990
12297478677990
12297512002390
12297545256890
12297578546890
12297611840790
12297645125390
12297678413490
12297711702690
12297744993090
12297778319990
12297811570390
12297844861590
12297878150690
12297911439890
12297944729290
12297978017490
12298011309190
12298044598590
12298077903190
12298111176390
12298144470890
12298177753690
12298211043590
12298244339890
12298277623290
12298310912590
12298344206890
12298377491890
12298410779390
12298444069090
12298477359390
12298510647990
12298543937290
12298577227590
12298610518290
12298643805290
12298677095190
12298710383790
12298743704190
12298776965090
12298810252090
12298843546990
12298876839690
12298910120090
12298943410290
12298976705890
12299009988390
12299043278590
12299076606290
12299109858390
12299143146590
12299176435190
12299209729090
12299243015290
12299276302890
12299309593790
12299342883590
12299376170590
12299409461090
12299442749990
12299476040190
12299509331890
12299542618590
12299575908390
12299609225590
12299642486090
12299675776590
12299709088490
12299742354790
12299775644790
12299808971990
12299842223090
12299875513190
12299908801190
12299942091390
12299975380090
12300008669290
12300041959390
12300075248990
12300108537390
12300141828090
12300175117090
12300208407290
12300241697790
12300274984090
12300308275490
12300341568590
12300374852290
12300408142790
12300441437390
12300474720790
12300508010690
12300541311790
12300574610990
12300607878790
12300641167790
12300674476190
12300707746590
12300741035590
12300774327390
12300807615690
12300840903390
12300874195590
12300907484490
12300940771390
12300974063490
12301007350390
12301040640690
12301073934690
12301107234190
12301140508790
12301173805590
12301207086490
12301240376590
12301273673790
12301306954390
12301340244890
12301373533390
12301406823790
12301440113490
12301473401390
12301506691290
12301539994390
12301573269390
12301606560090
12301639855990
12301673137290
12301706431290
12301739717690
12301773006890
12301806302190
12301839584690
12301872885790
12301906169390
12301939452590
12301972743190
12302006071790
12302039320290
12302072610790
12302105900590
12302139190290
12302172479290
12302205767590
12302239058690
12302272346590
12302305634990
12302338926190
12302372215090
12302405504090
12302438795490
12302472083790
12302505378290
12302538667890
12302571950690
12302605240690
12302638535090
12302671818590
12302705108990
12302738405990
12302771686890
12302804977090
12302838267090
12302871555190
12302904845290
12302938134690
12302971456790
12303004732290
12303038001790
12303071292190
12303104585090
12303137869490
12303171161990
12303204450390
12303237738190
12303271033390
12303304316790
12303337606790
12303370902290
12303404184590
12303437475190
12303470771090
12303504052890
12303537343390
12303570632490
12303603920390
12303637211390
12303670500590
12303703789690
12303737079590
12303770367990
12303803658490
12303836946290
12303870235590
12303903527890
12303936865190
12303970103790
12304003399790
12304036683990
12304069973390
12304103268290
12304136550390
12304169841890
12304203136190
12304236418890
12304269709390
12304302998190
12304336286990
12304369577190
12304402867290
12304436155690
12304469445490
12304502733890
12304536024190
12304569312290
12304602602290
12304635894590
12304669182490
12304702469890
12304735766190
12304769050990
12304802338090
12304835634090
12304868920690
12304902231090
12304935501790
12304968785190
12305002075390
12305035364390
12305068653090
12305101943290
12305135233790
12305168521090
12305201811290
12305235099990
12305268390190
12305301678990
12305334968290
12305368260590
12305401548090
12305434836090
12305468132190
12305501416390
12305534704290
12305568000190
12305601286190
12305634573390
12305667868990
12305701151590
12305734441490
12305767729490
12305801019490
12305834309490
12305867637090
12305900887290
12305934177890
12305967467390
12306000756290
12306034045590
12306067334090
12306100628190
12306133913090
12306167202290
12306200497990
12306233781690
12306267070890
12306300366890
12306333649990
12306366939890
12306400235390
12306433520490
12306466808090
12306500095990
12306533385790
12306566675490
12306599966290
12306633253890
12306666543890
12306699833990
12306733121590
12306766411890
12306799700090
12306833027690
12306866279390
12306899568790
12306932864090
12306966147890
12306999436390
12307032732790
12307066017190
12307099304490
12307132601090
12307165883090
12307199173490
12307232462990
12307265751490
12307299041990
12307332331690
12307365619690
12307398909890
12307432200090
12307465487590
12307498777890
12307532066490
12307565358290
12307598645890
12307631934590
12307665230290
12307698535190
12307731802990
12307765098590
12307798406390
12307831670890
12307864967290
12307898250490
12307931539890
12307964829190
12307998117490
12308031408790
12308064696590
12308097985890
12308131275990
12308164565390
12308197853690
12308231144390
12308264433690
12308297725690
12308331030390
12308364300590
12308397598190
12308430879390
12308464169190
12308497464790
12308530749490
12308564036690
12308597333090
12308630617590
12308663927290
12308697195690
12308730505490
12308763787290
12308797062390
12308830351290
12308863642090
12308896931190
12308930219990
12308963509990
12308996800290
12309030089290
12309063378190
12309096666990
12309129962390
12309163246190
12309196534690
12309229831190
12309263116790
12309296402590
12309329699590
12309362983590
12309396270590
12309429561390
12309462882490
12309496139990
12309529429490
12309562717990
12309596008190
12309629313790
12309662586090
12309695876290
12309729168690
12309762455390
12309795744190
12309829033890
12309862329490
12309895612290
12309928900290
12309962197890
12309995481090
12310028769090
12310062065890
12310095348290
12310128636790
12310161927090
12310195216890
12310228510290
12310261795290
12310295083990
12310328374890
12310361662590
12310394952090
12310428242190
12310461532390
12310494821390
12310528110890
12310561401290
12310594698990
12310627978490
12310661266990
12310694563590
12310727847790
12310761134690
12310794431490
12310827716490
12310861003290
12310894293590
12310927583690
12310960871690
12310994161590
12311027449990
12311060790290
12311094029090
12311127317990
12311160608690
12311193897790
12311227187290
12311260476690
12311293767290
12311327061590
12311360344490
12311393633290
12311426929190
12311460212790
12311493501090
12311526797990
12311560080490
12311593368990
12311626659690
12311659948990
12311693237390
12311726527590
12311759842890
12311793106290
12311826396090
12311859684290
12311892974590
12311926262990
12311959553990
12311992842490
12312026153890
12312059425590
12312092710790
12312126002790
12312159295890
12312192578790
12312225866990
12312259165190
12312292446290
12312325735190
12312359026190
12312392316390
12312425602990
12312458893990
12312492184590
12312525473090
12312558762190
12312592049890
12312625340690
12312658628990
12312691919990
12312725208890
12312758498190
12312791791990
12312825077490
12312858366890
12312891662690
12312924944690
12312958232990
12312991564690
12313024811990
12313058101890
12313091391890
12313124681090
12313157969290
12313191260090
12313224550090
12313257837290
12313291128190
12313324416090
12313357706590
12313390996190
12313424285890
12313457574790
12313490864690
12313524157990
12313557442790
12313590732890
12313624026790
12313657310790
12313690599390
12313723896290
12313757179090
12313790467490
12313823757490
12313857046290
12313890335490
12313923625890
12313956951190
12313990203490
12314023495190
12314056808090
12314090072890
12314123362590
12314156651690
12314189941990
12314223229190
12314256524590
12314289809190
12314323099690
12314356391990
12314389677390
12314422967590
12314456263690
12314489544990
12314522833590
12314556128690
12314589412690
12314622701490
12314655992290
12314689281090
12314722569690
12314755860290
12314789165690
12314822460590
12314855728490
12314889018690
12314922327290
12314955595090
12314988890590
12315022175190
12315055464290
12315088758390
12315122043090
12315155334290
12315188627390
12315221910690
12315255199690
12315288489890
12315321779190
12315355067890
12315388358090
12315421648190
12315454935890
12315488226490
12315521516690
12315554813090
12315588094190
12315621412990
12315654673090
12315687962290
12315721256390
12315754541090
12315787845690
12315821124690
12315854409390
12315887702990
12315920993690
12315954277590
12315987566690
12316020856490
12316054145090
12316087433590
12316120724990
12316154012890
12316187301990
12316220592390
12316253882990
12316287169790
12316320460590
12316353753290
12316387040090
12316420328590
12316453623190
12316486908090
12316520195890
12316553490990
12316586775890
12316620064590
12316653359390
12316686646690
12316719933390
12316753232490
12316786511290
12316819799590
12316853090890
12316886378790
12316919668290
12316952958590
12316986247990
12317019536290
12317052826690
12317086118590
12317119404690
12317152694590
12317185988890
12317219323490
12317252561490
12317285856990
12317319141490
12317352431390
12317385725590
12317419009890
12317452305690
12317485587490
12317518877090
12317552166190
12317585456290
12317618745990
12317652034490
12317685324790
12317718613790
12317751902190
12317785192990
12317818484890
12317851770290
12317885060890
12317918383990
12317951639290
12317984928790
12318018222790
12318051507890
12318084795690
12318118091590
12318151377190
12318184686690
12318217953190
12318251243290
12318284534490
12318317822690
12318351111890
12318384400290
12318417691990
12318450979190
12318484268390
12318517559190
12318550848890
12318584139490
12318617426790
12318650722790
12318684006390
12318717294990
12318750589290
12318783874990
12318817162290
12318850457890
12318883742090
12318917031290
12318950319490
12318983613190
12319016900490
12319050187790
12319083477890
12319116766390
12319150092490
12319183345290
12319216634290
12319249924990
12319283216190
12319316502590
12319349793290
12319383089890
12319416371190
12319449660590
12319482955690
12319516239990
12319549529490
12319582823990
12319616107990
12319649398090
12319682685790
12319715976490
12319749266290
12319782553890
12319815843490
12319849132290
12319882422590
12319915712290
12319949000790
12319982290990
12320015602790
12320048868790
12320082159190
12320115474090
12320148736590
12320182027290
12320215322790
12320248605990
12320281895990
12320315191690
12320348474890
12320381762390
12320415051790
12320448341990
12320481685990
12320514919990
12320548209390
12320581500090
12320614790290
12320648078890
12320681367190
12320714658290
12320747945990
12320781234890
12320814525290
12320847820190
12320881103390
12320914393390
12320947690490
12320980992990
12321014261490
12321047556190
12321080856390
12321114128390
12321147418090
12321180708590
12321213997490
12321247286490
12321280575990
12321313866490
12321347154090
12321380444890
12321413732790
12321447023190
12321480311890
12321513600890
12321546891690
12321580187890
12321613469590
12321646759390
12321680056190
12321713337090
12321746627490
12321779953790
12321813207690
12321846495890
12321879784190
12321913074490
12321946372390
12321979652090
12322012942890
12322046232090
12322079520490
12322112810590
12322146100490
12322179389390
12322212679190
12322245966990
12322279257390
12322312551390
12322345835490
12322379138990
12322412452190
12322445703190
12322478993790
12322512289690
12322545576890
12322578862390
12322612150290
12322645441690
12322678728990
12322712018390
12322745309190
12322778597990
12322811886390
12322845176490
12322878466390
12322911755490
12322945045090
12322978333390
12323011624290
12323044917590
12323078201390
12323111491990
12323144787190
12323178069190
12323211360590
12323244656390
12323277937690
12323311227990
12323344516290
12323377856290
12323411094990
12323444384590
12323477674890
12323510964390
12323544252490
12323577542890
12323610833090
12323644120590
12323677411290
12323710699590
12323743989490
12323777285090
12323810567390
12323843857990
12323877154090
12323910435790
12323943726190
12323977021990
12324010303790
12324043594190
12324076887190
12324110172590
12324143462590
12324176750490
12324210040590
12324243329090
12324276621990
12324309908790
12324343235090
12324376487190
12324409776990
12324443066790
12324476355590
12324509651190
12324542933590
12324576225090
12324609517890
12324642801990
12324676092390
12324709387190
12324742669890
12324775960290
12324809253290
12324842539990
12324875828390
12324909116890
12324942407790
12324975695190
12325008984890
12325042274890
12325075563990
12325108852790
12325142143090
12325175433790
12325208743390
12325242016790
12325275300190
12325308613390
12325341884290
12325375167790
12325408458390
12325441754790
12325475035990
12325508326690
12325541623890
12325574904190
12325608194190
12325641483090
12325674773190
12325708062690
12325741350990
12325774641590
12325807931190
12325841218990
12325874509190
12325907798790
12325941087290
12325974382790
12326007667390
12326040956290
12326074251490
12326107534190
12326140824490
12326174142890
12326207402390
12326240692690
12326273991890
12326307270390
12326340560690
12326373850290
12326407139290
12326440428790
12326473717190
12326507007690
12326540295790
12326573585290
12326606875890
12326640164890
12326673452490
12326706749290
12326740033290
12326773323490
12326806617590
12326839900390
12326873191690
12326906484990
12326939779390
12326973058690
12327006351390
12327039636190
12327072926990
12327106216390
12327139515490
12327172795090
12327206082890
12327239373390
12327272661990
12327305951090
12327339241590
12327372530490
12327405819290
12327439115090
12327472399990
12327505687190
12327538984390
12327572266390
12327605613890
12327638850790
12327672134790
12327705424690
12327738722090
12327772002490
12327805292290
12327838582290
12327871870590
12327905160990
12327938449990
12327971739390
12328005029190
12328038317290
12328071611090
12328104897490
12328138185590
12328171480990
12328204765190
12328238053690
12328271349790
12328304633390
12328337922790
12328371218590
12328404500590
12328437791190
12328471079290
12328504369390
12328537659190
12328570986890
12328604236690
12328637527190
12328670816590
12328704105490
12328737395490
12328770683590
12328803975890
12328837261790
12328870551590
12328903847390
12328937131690
12328970419890
12329003715790
12329036999690
12329070289690
12329103584890
12329136868390
12329170157290
12329203445390
12329236734890
12329270025090
12329303314190
12329336602690
12329369893490
12329403183590
12329436471290
12329469761090
12329503049890
12329536360490
12329569628090
12329602917890
12329636213390
12329669498590
12329702785890
12329736082090
12329769365890
12329802653890
12329835951190
12329869241090
12329902522890
12329935815490
12329969115890
12330002391290
12330035681590
12330068968990
12330102259490
12330135549690
12330168836490
12330202127690
12330235417190
12330268706590
12330301994990
12330335283990
12330368579490
12330401884590
12330435152290
12330468448490
12330501753090
12330535020190
12330568316490
12330601602090
12330634889290
12330668184690
12330701467190
12330734773190
12330768045590
12330801334790
12330834625590
12330867914790
12330901202790
12330934493790
12330967783690
12331001075290
12331034361490
12331067649890
12331100947390
12331134228490
12331167518190
12331200813990
12331234097590
12331267386790
12331300682690
12331333966390
12331367267890
12331400551590
12331433833290
12331467127190
12331500425890
12331533701490
12331566991590
12331600282590
12331633569490
12331666860390
12331700150590
12331733438690
12331766727290
12331800017790
12331833344890
12331866595090
12331899884390
12331933179890
12331966465090
12331999752590
12332033049290
12332066333090
12332099620490
12332132917090
12332166211990
12332199489590
12332232779290
12332266067190
12332299357590
12332332647090
12332365935490
12332399225790
12332432514990
12332465803890
12332499093890
12332532383590
12332565678490
12332598962490
12332632253890
12332665546890
12332698829090
12332732118690
12332765415490
12332798748690
12332831986690
12332865283390
12332898566690
12332931856290
12332965145490
12332998433390
12333031724890
12333065011990
12333098301990
12333131592290
12333164881090
12333198169590
12333231459790
12333264749890
12333298046590
12333331328590
12333364616590
12333397922490
12333431195890
12333464484690
12333497781590
12333531065390
12333564353290
12333597649390
12333630933990
12333664220890
12333697511390
12333730817090
12333764128190
12333797378590
12333830667990
12333863958490
12333897247890
12333930535990
12333963825990
12333997116890
12334030408690
12334063694390
12334096982590
12334130279190
12334163562590
12334196850990
12334230147690
12334263431390
12334296719090
12334330015590
12334363299590
12334396587290
12334429877390
12334463182990
12334496456290
12334529769090
12334563034290
12334596324390
12334629641690
12334662902690
12334696192790
12334729498990
12334762774990
12334796060490
12334829350290
12334862645990
12334895929190
12334929217190
12334962514390
12334995795890
12335029085190
12335062381990
12335095664890
12335128953390
12335162243790
12335195549990
12335228823290
12335262111990
12335295400190
12335328691590
12335361979090
12335395268690
12335428559190
12335461848990
12335495141190
12335528426590
12335561717290
12335595024690
12335628294990
12335661583490
12335694880090
12335728161690
12335761451590
12335794748690
12335828030890
12335861319490
12335894609990
12335927900290
12335961187490
12335994478090
12336027765990
12336061087590
12336094344890
12336127634690
12336160924890
12336194218690
12336227507790
12336260792690
12336294083490
12336327376890
12336360660990
12336393949290
12336427248690
12336460529690
12336493817490
12336527113990
12336560400390
12336593685590
12336626975990
12336660265490
12336693553190
12336726844090
12336760155490
12336793422690
12336826712390
12336860000390
12336893290690
12336926579390
12336959873090
12336993158990
12337026473390
12337059742690
12337093027090
12337126316890
12337159612890
12337192895190
12337226183590
12337259482190
12337292762090
12337326051690
12337359342190
12337392632690
12337425919690
12337459210590
12337492501290
12337525789190
12337559078690
12337592367190
12337625657790
12337658945290
12337692239390
12337725525290
12337758814290
12337792108790
12337825393190
12337858683490
12337891977090
12337925261790
12337958549990
12337991878290
12338025128390
12338058417790
12338091708390
12338124997490
12338158285990
12338191576490
12338224866890
12338258153990
12338291444690
12338324735990
12338358022990
12338391311990
12338424605490
12338457891190
12338491181590
12338524475190
12338557758990
12338591049590
12338624343090
12338657627590
12338690916190
12338724213990
12338757495890
12338790784290
12338824074690
12338857384790
12338890652290
12338923942590
12338957261390
12338990519990
12339023811190
12339057126890
12339090389190
12339123679190
12339156970890
12339190258390
12339223545790
12339256841090
12339290127490
12339323416090
12339356709490
12339389993590
12339423284090
12339456602790
12339489861990
12339523150190
12339556441490
12339589729290
12339623018090
12339656308890
12339689597790
12339722886290
12339756176790
12339789467490
12339822776190
12339856044690
12339889337790
12339922638990
12339955911790
12339989206990
12340022493190
12340055781090
12340089075390
12340122360090
12340155650090
12340188943990
12340222231090
12340255515990
12340288806190
12340322095390
12340355384690
12340388674690
12340421964890
12340455252290
12340488542990
12340521832990
12340555120690
12340588411290
12340621733290
12340654989390
12340688279090
12340721572790
12340754858190
12340788155690
12340821441290
12340854727790
12340888015590
12340921310190
12340954593890
12340987883190
12341021172290
12341054462590
12341087750490
12341121040990
12341154329390
12341187618590
12341220908690
12341254232890
12341287486790
12341320777090
12341354076090
12341387356990
12341420645490
12341453939690
12341487226390
12341520512690
12341553807890
12341587093590
12341620381490
12341653676190
12341686960190
12341720249890
12341753556390
12341786828090
12341820116690
12341853406890
12341886695290
12341919984890
12341953275190
12341986564090
12342019852990
12342053143190
12342086438090
12342119723690
12342153011290
12342186305790
12342219624290
12342252877790
12342286174090
12342319457890
12342352747290
12342386042190
12342419326390
12342452616590
12342485903990
12342519194490
12342552482490
12342585772990
12342619062690
12342652350590
12342685641490
12342718930190
12342752219190
12342785509590
12342818803890
12342852087390
12342885377490
12342918700590
12342951956390
12342985245390
12343018539990
12343051824490
12343085112890
12343118408190
12343151692490
12343185017590
12343218269390
12343251560890
12343284850990
12343318139390
12343351428790
12343384717290
12343418008390
12343451295690
12343484585090
12343517875390
12343551168290
12343584453090
12343617743790
12343651039190
12343684322790
12343717611690
12343750905890
12343784190690
12343817478690
12343850774390
12343884058690
12343917347790
12343950635990
12343983926690
12344017217390
12344050533090
12344083794790
12344117083290
12344150402290
12344183661590
12344216951690
12344250241490
12344283535390
12344316819690
12344350109690
12344383406590
12344416689190
12344449977790
12344483272290
12344516556590
12344549844890
12344583140090
12344616424790
12344649714690
12344683002490
12344716293290
12344749583090
12344782873490
12344816160690
12344849449190
12344882739290
12344916029290
12344949317090
12344982608390
12345015921490
12345049185490
12345082476090
12345115778990
12345149053490
12345182343990
12345215639890
12345248922590
12345282212190
12345315506290
12345348790790
12345382079090
12345415367990
12345448658790
12345481947790
12345515236890
12345548526990
12345581816190
12345615106790
12345648394890
12345681683390
12345714974790
12345748265590
12345781551690
12345814841790
12345848136490
12345881419290
12345914709790
12345948007390
12345981302690
12346014578490
12346047872690
12346081169390
12346114444890
12346147734390
12346181024790
12346214313790
12346247602690
12346280893090
12346314183290
12346347470790
12346380761290
12346414049290
12346447339390
12346480632090
12346513917390
12346547207990
12346580508290
12346613785590
12346647075790
12346680389290
12346713654090
12346746943890
12346780239290
12346813522090
12346846811890
12346880100790
12346913390690
12346946683790
12346979968590
12347013259090
12347046549390
12347079836890
12347113126890
12347146416590
12347179705690
12347212998890
12347246283790
12347279574390
12347312867790
12347346151790
12347379442190
12347412768790
12347446019790
12347479309890
12347512605990
12347545889390
12347579178290
12347612466790
12347645757790
12347679044990
12347712334390
12347745624990
12347778914390
12347812203090
12347845492890
12347878783090
12347912072190
12347945364490
12347978649590
12348011939990
12348045233890
12348078517690
12348111808490
12348145103490
12348178385390
12348211675990
12348244973290
12348278253990
12348311544290
12348344832390
12348378150490
12348411411590
12348444700890
12348477991090
12348511280890
12348544568990
12348577862790
12348611149690
12348644437190
12348677730390
12348711015890
12348744305890
12348777600990
12348810884090
12348844174390
12348877470490
12348910751890
12348944042490
12348977337890
12349010620790
12349043910590
12349077200290
12349110488990
12349143778990
12349177066790
12349210357490
12349243645990
12349276934690
12349310225490
12349343552690
12349376803390
12349410096290
12349443383090
12349476672090
12349509967790
12349543249990
12349576541390
12349609834690
12349643118490
12349676408390
12349709703690
12349742986290
12349776276590
12349809566190
12349842856390
12349876144790
12349909432990
12349942724190
12349976011990
12350009300890
12350042591990
12350075881190
12350109169190
12350142462590
12350175750290
12350209060190
12350242333290
12350275616290
12350308930890
12350342200790
12350375484090
12350408774590
12350442070790
12350475355390
12350508642590
12350541933590
12350575220490
12350608511090
12350641798990
12350675089090
12350708379090
12350741667390
12350774957590
12350808247790
12350841535290
12350874828490
12350908115290
12350941403690
12350974699890
12351007983690
12351041272490
12351074567990
12351107849990
12351141140790
12351174457290
12351207718590
12351241019790
12351274312090
12351307586490
12351340877190
12351374166990
12351407455990
12351440745090
12351474033290
12351507323590
12351540611690
12351573901590
12351607194690
12351640480590
12351673770190
12351707065290
12351740349090
12351773639590
12351806933790
12351840216290
12351873507590
12351906801290
12351940086090
12351973374990
12352006663790
12352039952790
12352073242490
12352106532790
12352139837290
12352173110990
12352206399690
12352239696790
12352272978390
12352306267590
12352339561290
12352372861090
12352406135590
12352439431490
12352472716290
12352506003590
12352539299890
12352572586690
12352605906390
12352639167090
12352672450390
12352705741090
12352739030990
12352772318690
12352805609290
12352838898790
12352872187390
12352905477090
12352938766890
12352972055390
12353005346090
12353038633590
12353071927290
12353105218590
12353138511490
12353171797390
12353205083590
12353238369790
12353271666290
12353304952490
12353338238590
12353371534990
12353404816390
12353438107290
12353471395490
12353504684790
12353537975290
12353571302890
12353604552690
12353637842890
12353671133290
12353704423290
12353737711290
12353770999890
12353804294690
12353837578590
12353870867890
12353904164290
12353937447290
12353970735790
12354004032490
12354037315790
12354070604990
12354103901090
12354137182490
12354170473090
12354203761790
12354237052490
12354270344490
12354303630590
12354336918890
12354370208890
12354403499990
12354436787690
12354470077890
12354503365990
12354536708290
12354569944790
12354603233990
12354636530390
12354669815190
12354703102090
12354736398190
12354769681690
12354802970590
12354836266990
12354869550390
12354902839290
12354936128890
12354969417190
12355002707590
12355035996590
12355069285190
12355102575190
12355135865190
12355169153090
12355202444190
12355235733090
12355269026690
12355302311390
12355335599990
12355368896690
12355402178790
12355435468490
12355468764290
12355502073590
12355535336790
12355568632990
12355601916090
12355635205890
12355668495090
12355701782990
12355735074790
12355768361890
12355801651490
12355834941590
12355868230790
12355901519290
12355934809390
12355968099490
12356001392090
12356034677990
12356067966390
12356101263590
12356134544690
12356167850890
12356201130490
12356234413890
12356267702590
12356300999090
12356334283290
12356367570590
12356400861190
12356434149690
12356467468690
12356500727590
12356534017390
12356567308090
12356600598590
12356633885590
12356667175190
12356700465490
12356733756090
12356767044090
12356800333590
12356833627890
12356866912290
12356900200990
12356933497090
12356966780790
12357000068690
12357033365090
12357066649090
12357099936190
12357133226890
12357166530890
12357199805290
12357233094890
12357266383290
12357299673490
12357332990290
12357366251690
12357399541290
12357432858390
12357466121390
12357499409890
12357532699490
12357565994990
12357599278190
12357632566490
12357665863290
12357699146990
12357732434690
12357765730990
12357799013990
12357832302490
12357865593190
12357898882490
12357932172690
12357965460890
12357998749590
12358032040990
12358065331090
12358098617790
12358131907590
12358165197390
12358198488090
12358231775890
12358265066190
12358298378490
12358331644090
12358364932390
12358398230290
12358431512690
12358464800890
12358498097390
12358531381590
12358564668690
12358597959290
12358631249090
12358664536590
12358697827090
12358731136390
12358764439290
12358797694190
12358830983890
12358864273190
12358897564290
12358930853990
12358964142490
12358997432990
12359030725690
12359064009990
12359097298490
12359130594690
12359163878890
12359197166990
12359230464190
12359263751690
12359297034690
12359330325290
12359363614590
12359396903190
12359430192990
12359463502190
12359496771890
12359530061890
12359563349590
12359596640690
12359629928690
12359663219590
12359696508390
12359729854190
12359763091390
12359796376890
12359829665990
12359862961590
12359896244590
12359929532890
12359962833790
12359996111390
12360029401190
12360062691090
12360095980390
12360129268990
12360162559590
12360195849390
12360229138390
12360262427190
12360295715890
12360329006790
12360362294690
12360395586090
12360428874390
12360462164990
12360495457890
12360528742190
12360562033290
12360595326190
12360628610790
12360661898890
12360695223790
12360728477490
12360761767490
12360795057790
12360828346490
12360861635190
12360894925690
12360928215990
12360961503090
12360994793590
12361028081790
12361061372690
