8970372631590
8970405926690
8970439211190
8970472500390
8970505788890
8970539079290
8970572369690
8970605685590
8970638947690
8970672236190
8970705552890
8970738814790
8970772103890
8970805394790
8970838688390
8970871971790
8970905262490
8970938558990
8970971852290
8971005130090
8971038425390
8971071709090
8971104997690
8971138293290
8971171577590
8971204867490
8971238155490
8971271445690
8971304735890
8971338023090
8971371313790
8971404602190
8971437892190
8971471181890
8971504470290
8971537760490
8971571057190
8971604337990
8971637628790
8971670924290
8971704205990
8971737497190
8971770792790
8971804075490
8971837365490
8971870659390
8971903943890
8971937232290
8971970521690
8972003811890
8972037124490
8972070389790
8972103683790
8972136968790
8972170258890
8972203548290
8972236836290
8972270127790
8972303418590
8972336704890
8972369995390
8972403290090
8972436572590
8972469863190
8972503158890
8972536442690
8972569731490
8972603025890
8972636310690
8972669598790
8972702887190
8972736178190
8972769467590
8972802755790
8972836046090
8972869336090
8972902653090
8972935914690
8972969203090
8973002504290
8973035784790
8973069071190
8973102361290
8973135657290
8973168939390
8973202229390
8973235526390
8973268806990
8973302096990
8973335392190
8973368709890
8973401964990
8973435254290
8973468544390
8973501834490
8973535122390
8973568412790
8973601701990
8973634993090
8973668280690
8973701570490
8973734859490
8973768152090
8973801436890
8973834727590
8973868023790
8973901305390
8973934596190
8973967891590
8974001177190
8974034463890
8974067790890
8974101042390
8974134332390
8974167620490
8974200911090
8974234199390
8974267488590
8974300778890
8974334098890
8974367356390
8974400647490
8974433936690
8974467226090
8974500517990
8974533803390
8974567099290
8974600387990
8974633671790
8974666962290
8974700256990
8974733539790
8974766829790
8974800125990
8974833409990
8974866697890
8974899986890
8974933277890
8974966565190
8974999855090
8975033144990
8975066434390
8975099722890
8975133013790
8975166306290
8975199599390
8975232883990
8975266170290
8975299459790
8975332754290
8975366037790
8975399328490
8975432625290
8975465906290
8975499196390
8975532493290
8975565774090
8975599064290
8975632354390
8975665692990
8975698932090
8975732221590
8975765511790
8975798800790
8975832089390
8975865379790
8975898673790
8975931956890
8975965250590
8975998536290
8976031825790
8976065121390
8976098404190
8976131694790
8976164990890
8976198272290
8976231562990
8976264859690
8976298140590
8976331430690
8976364720190
8976398009790
8976431299390
8976464587190
8976497877890
8976531188490
8976564455590
8976597745990
8976631051190
8976664338390
8976697616890
8976730903590
8976764192890
8976797488290
8976830770790
8976864060890
8976897354790
8976930638490
8976963928690
8976997258690
8977030506890
8977063797790
8977097087090
8977130377190
8977163665390
8977196953790
8977230245090
8977263532290
8977296821790
8977330112390
8977363402490
8977396690290
8977429982690
8977463270990
8977496559490
8977529854190
8977563136890
8977596427390
8977629721890
8977663004790
8977696295290
8977729591590
8977762872990
8977796176990
8977829453890
8977862741590
8977896031890
8977929319990
8977962633990
8977995898690
8978029188090
8978062478890
8978095768090
8978129056790
8978162349190
8978195637190
8978228924290
8978262220290
8978295504690
8978328793390
8978362088490
8978395371290
8978428661890
8978461958990
8978495238890
8978528529990
8978561838390
8978595107890
8978628397490
8978661686290
8978694976290
8978728265790
8978761554790
8978794844790
8978828147390
8978861422490
8978894715290
8978928009190
8978961290390
8978994586590
8979027869590
8979061159690
8979094455790
8979127737590
8979161028090
8979194322290
8979227605990
8979260896390
8979294224090
8979327473590
8979360763990
8979394054990
8979427342890
8979460631890
