8988981394090
8989014683290
8989047971790
8989081263190
8989114550790
8989147840590
8989181130990
8989214419890
8989247714190
8989280998590
8989314288390
8989347584890
8989380866790
8989414155290
8989447452990
8989480733990
8989514023090
8989547317090
8989580607390
8989613891390
8989647182090
8989680473990
8989713782090
8989747049590
8989780338190
8989813648490
8989846916890
8989880206490
8989913496990
8989946789690
8989980080190
8990013364490
8990046655490
8990079948690
8990113233490
8990146521290
8990179817390
8990213100390
8990246389490
8990279683090
8990312969690
8990346257590
8990379548490
8990412838390
8990446126290
8990479416390
8990512728090
8990545994790
8990579284890
8990612572890
8990645863390
8990679152490
8990712446490
8990745731190
8990779020590
8990812314490
8990845599190
8990878889190
8990912184190
8990945467490
8990978755890
8991012049290
8991045334590
8991078623790
8991111914290
8991145223890
8991178491890
8991211782490
8991245072190
8991278361490
8991311650190
8991344938990
8991378230390
8991411517790
8991444812190
8991478100290
8991511387090
8991544680790
8991577965990
8991611255190
8991644552190
8991677833690
8991711122390
8991744420190
8991777700690
8991810990190
8991844284290
8991877569990
8991910858690
8991944148990
8991977438790
8992010744990
8992044017290
8992077305390
8992110606590
8992143884190
8992177178490
8992210463790
8992243752590
8992277047290
8992310332190
8992343622490
8992376915890
8992410200090
8992443488890
8992476815190
8992510067490
8992543356490
8992576646990
8992609937190
8992643225090
8992676515490
8992709804590
8992743093090
8992776383090
8992809701790
8992842961890
8992876251890
8992909544590
8992942830190
8992976119790
8993009413490
8993042697590
8993075988090
8993109281990
8993142566490
8993175854690
8993209151690
8993242434090
8993275723190
8993309013690
8993342301690
8993375597190
8993408881290
8993442202790
8993475458790
8993508749790
8993542067190
8993575327890
8993608617790
8993641911190
8993675200590
8993708484590
8993741783090
8993775064690
8993808353690
8993841648290
8993874932290
8993908222190
8993941519090
8993974800890
8994008089390
8994041380490
8994074667890
8994107957590
8994141247890
8994174537090
8994207825390
8994241115990
8994274405590
8994307695990
8994340983990
8994374276990
8994407562690
8994440851390
8994474146190
8994507430890
8994540721890
8994574014690
8994607299090
8994640589290
8994673880090
8994707167190
8994740455490
8994773789290
8994807034290
8994840323790
8994873614190
8994906903090
8994940191990
8994973482190
8995006772390
8995040059490
8995073350590
8995106643690
8995139929090
8995173218390
8995206512290
8995239798990
8995273086890
8995306380890
8995339665290
8995372955890
8995406249590
8995439532890
8995472821690
8995506112090
8995539401790
8995572689590
8995605980390
8995639305290
8995672557990
8995705848690
8995739146290
8995772426290
8995805716590
8995839038590
8995872295290
8995905584990
8995938878890
8995972163690
8996005452090
8996038748590
8996072031390
8996105351290
8996138612290
8996171899390
8996205189090
8996238478690
8996271767390
8996305056190
8996338347790
8996371634890
8996404931890
8996438215090
8996471505190
8996504792490
8996538082790
8996571378890
8996604661790
8996637951190
8996671245490
8996704530290
8996737818390
8996771113490
8996804398190
8996837686990
8996870981790
8996904266090
8996937556690
8996970844090
8997004133590
8997037422690
8997070742690
8997104001290
8997137290390
8997170580790
8997203870390
8997237158690
8997270448990
8997303744790
8997337027290
8997370317390
8997403612090
8997436897290
8997470185090
8997503479790
8997536764190
8997570054890
8997603348690
8997636632190
8997669922590
8997703210290
8997736499990
8997769788490
8997803078590
8997836367990
8997869656890
8997902947290
8997936262990
8997969525290
8998002815590
8998036109690
8998069393490
8998102683590
8998136006890
8998169263990
8998202551790
8998235845990
8998269131890
8998302419090
8998335714690
8998368998790
8998402315390
8998435576590
8998468866890
8998502157290
8998535445590
8998568734890
8998602023390
8998635314790
8998668602290
8998701903290
8998735181590
8998768474890
8998801759690
8998835049590
8998868345590
8998901629090
8998934917990
8998968212190
8999001497190
8999034784990
8999068080590
8999101364690
8999134653990
8999167942590
8999201233090
8999234527090
8999267838990
8999301100790
8999334389490
8999367692290
8999400968590
8999434257190
8999467547990
8999500842390
8999534125890
8999567416290
8999600713190
8999633994190
8999667284390
8999700578990
8999733863190
8999767151190
8999800446790
8999833734590
8999867021490
8999900309090
8999933599090
8999966889990
9000000177190
9000033467090
9000066755990
9000100045890
9000133335890
9000166624190
9000199914590
9000233207090
9000266492190
9000299782190
9000333078290
9000366359790
9000399650690
9000432946490
9000466229490
9000499518990
9000532813290
9000566096990
9000599422490
9000632675690
9000665965690
9000699275490
9000732543390
9000765833290
9000799123390
9000832412590
9000865702090
9000898990090
9000932281690
9000965572190
9000998858290
9001032148690
9001065443790
9001098726590
9001132017090
9001165312890
9001198596590
9001231884790
9001265179190
9001298464890
9001331751790
9001365041490
9001398332090
9001431621390
9001464909490
9001498200390
9001531489490
9001564800990
9001598067790
9001631356190
9001664650190
9001697938090
9001731228290
9001764514690
9001797810690
9001831092790
9001864382890
9001897679990
9001930961090
9001964251390
9001997546090
9002030861190
9002064118690
9002097407990
9002130698390
9002163988890
9002197275790
9002230566390
9002263855890
9002297144190
9002330434290
9002363723690
9002397013090
9002430305790
